Date/Time (UTC), Raw X, Raw Y, Raw Z
2017-05-28 00:00:06.61,-693.354,2826.240,2400.644
2017-05-28 00:00:11.60,-691.378,2827.234,2403.124
2017-05-28 00:00:16.59,-690.245,2825.196,2402.312
2017-05-28 00:00:21.58,-688.868,2827.691,2403.441
2017-05-28 00:00:26.57,-689.788,2826.366,2404.807
2017-05-28 00:00:31.56,-688.538,2828.659,2401.070
2017-05-28 00:00:36.55,-691.245,2828.247,2404.555
2017-05-28 00:00:41.55,-688.631,2825.701,2406.859
2017-05-28 00:00:46.54,-687.396,2827.211,2406.890
2017-05-28 00:00:51.53,-689.804,2826.445,2407.388
2017-05-28 00:00:56.52,-688.517,2825.305,2402.576
2017-05-28 00:01:01.51,-689.003,2826.365,2403.801
2017-05-28 00:01:06.50,-689.572,2825.990,2405.834
2017-05-28 00:01:11.49,-689.165,2827.152,2409.253
2017-05-28 00:01:16.48,-692.693,2826.763,2409.366
2017-05-28 00:01:21.47,-692.467,2825.293,2407.048
2017-05-28 00:01:26.47,-689.039,2826.858,2407.490
2017-05-28 00:01:31.46,-689.420,2827.101,2405.851
2017-05-28 00:01:36.45,-691.024,2826.969,2401.725
2017-05-28 00:01:41.44,-689.547,2827.688,2402.768
2017-05-28 00:01:46.43,-695.153,2827.874,2404.908
2017-05-28 00:01:51.42,-695.761,2828.610,2404.735
2017-05-28 00:01:56.41,-686.946,2831.179,2407.712
2017-05-28 00:02:01.40,-687.993,2827.646,2404.368
2017-05-28 00:02:06.40,-692.076,2826.931,2401.411
2017-05-28 00:02:11.39,-690.384,2827.919,2399.611
2017-05-28 00:02:16.38,-686.862,2829.402,2399.404
2017-05-28 00:02:21.37,-687.021,2828.278,2401.953
2017-05-28 00:02:26.36,-688.669,2828.519,2400.072
2017-05-28 00:02:31.35,-689.281,2828.658,2401.132
2017-05-28 00:02:36.34,-687.402,2827.421,2399.194
2017-05-28 00:02:41.33,-688.582,2828.165,2399.460
2017-05-28 00:02:46.32,-690.503,2828.934,2400.338
2017-05-28 00:02:51.31,-692.731,2829.979,2401.940
2017-05-28 00:02:56.31,-691.334,2827.524,2405.916
2017-05-28 00:03:01.30,-695.397,2828.059,2404.204
2017-05-28 00:03:06.29,-696.405,2827.254,2405.225
2017-05-28 00:03:11.28,-692.941,2828.756,2405.089
2017-05-28 00:03:16.27,-692.548,2827.451,2405.689
2017-05-28 00:03:21.26,-694.512,2829.420,2405.151
2017-05-28 00:03:26.25,-694.041,2828.547,2407.309
2017-05-28 00:03:31.24,-694.246,2828.783,2409.047
2017-05-28 00:03:36.23,-695.481,2831.566,2405.751
2017-05-28 00:03:41.23,-694.209,2831.290,2408.071
2017-05-28 00:03:46.22,-695.399,2829.994,2404.088
2017-05-28 00:03:51.21,-694.542,2830.983,2407.121
2017-05-28 00:03:56.20,-694.415,2832.148,2405.049
2017-05-28 00:04:01.19,-694.884,2829.382,2403.856
2017-05-28 00:04:06.18,-700.177,2828.016,2403.949
2017-05-28 00:04:11.17,-700.162,2825.622,2409.059
2017-05-28 00:04:16.16,-702.426,2826.814,2405.257
2017-05-28 00:04:21.17,-701.387,2826.917,2404.329
2017-05-28 00:04:26.16,-699.956,2828.199,2404.162
2017-05-28 00:04:31.15,-701.989,2826.276,2406.375
2017-05-28 00:04:36.14,-699.899,2826.368,2405.060
2017-05-28 00:04:41.14,-699.068,2826.773,2406.699
2017-05-28 00:04:46.13,-694.331,2829.485,2409.924
2017-05-28 00:04:51.12,-692.097,2831.748,2408.785
2017-05-28 00:04:56.11,-689.691,2831.815,2405.652
2017-05-28 00:05:01.10,-690.561,2829.174,2404.351
2017-05-28 00:05:06.09,-690.746,2831.343,2405.775
2017-05-28 00:05:11.08,-688.346,2832.831,2403.668
2017-05-28 00:05:16.07,-690.825,2830.123,2405.511
2017-05-28 00:05:21.06,-697.016,2828.942,2402.708
2017-05-28 00:05:26.06,-695.466,2829.082,2400.874
2017-05-28 00:05:31.05,-696.244,2828.885,2401.659
2017-05-28 00:05:36.04,-692.718,2830.451,2400.776
2017-05-28 00:05:41.03,-691.871,2832.211,2401.280
2017-05-28 00:05:46.02,-694.797,2831.490,2401.355
2017-05-28 00:05:51.01,-695.618,2831.352,2402.055
2017-05-28 00:05:56.00,-697.484,2830.691,2406.689
2017-05-28 00:06:00.99,-699.197,2828.153,2403.154
2017-05-28 00:06:05.98,-699.472,2826.237,2403.332
2017-05-28 00:06:10.97,-697.636,2827.774,2402.309
2017-05-28 00:06:15.97,-696.668,2829.157,2402.480
2017-05-28 00:06:20.96,-698.916,2826.635,2403.091
2017-05-28 00:06:25.95,-700.023,2827.772,2407.722
2017-05-28 00:06:30.94,-699.781,2827.803,2403.444
2017-05-28 00:06:35.93,-695.362,2828.206,2406.275
2017-05-28 00:06:40.92,-698.124,2829.483,2407.856
2017-05-28 00:06:45.91,-697.944,2828.636,2405.354
2017-05-28 00:06:50.90,-698.692,2829.166,2403.755
2017-05-28 00:06:55.90,-697.080,2829.866,2404.124
2017-05-28 00:07:00.89,-699.082,2830.499,2405.131
2017-05-28 00:07:05.88,-700.261,2825.461,2404.924
2017-05-28 00:07:10.87,-700.657,2828.284,2405.917
2017-05-28 00:07:15.86,-702.253,2826.134,2406.698
2017-05-28 00:07:20.85,-701.029,2826.998,2407.599
2017-05-28 00:07:25.84,-699.465,2826.757,2404.568
2017-05-28 00:07:30.83,-700.389,2826.735,2404.175
2017-05-28 00:07:35.82,-700.921,2825.886,2406.091
2017-05-28 00:07:40.82,-701.111,2825.954,2408.520
2017-05-28 00:07:45.81,-701.200,2826.298,2406.640
2017-05-28 00:07:50.80,-703.280,2824.862,2407.915
2017-05-28 00:07:55.79,-702.469,2825.508,2407.313
2017-05-28 00:08:00.78,-699.192,2827.891,2402.308
2017-05-28 00:08:05.77,-699.614,2828.427,2401.486
2017-05-28 00:08:10.76,-697.993,2828.598,2401.370
2017-05-28 00:08:15.75,-698.939,2827.493,2399.896
2017-05-28 00:08:20.74,-700.069,2824.477,2400.982
2017-05-28 00:08:25.74,-703.153,2822.438,2396.963
2017-05-28 00:08:30.73,-704.495,2826.679,2398.840
2017-05-28 00:08:35.72,-703.836,2825.480,2399.508
2017-05-28 00:08:40.71,-704.329,2823.635,2400.677
2017-05-28 00:08:45.70,-705.618,2823.464,2397.304
2017-05-28 00:08:50.69,-707.877,2823.518,2397.069
2017-05-28 00:08:55.68,-707.891,2823.125,2398.619
2017-05-28 00:09:00.67,-708.421,2823.395,2399.947
2017-05-28 00:09:05.66,-706.347,2822.984,2403.113
2017-05-28 00:09:10.66,-705.351,2824.190,2402.626
2017-05-28 00:09:15.65,-703.044,2823.845,2404.929
2017-05-28 00:09:20.64,-701.367,2824.199,2404.055
2017-05-28 00:09:25.63,-703.432,2825.561,2405.309
2017-05-28 00:09:30.62,-706.902,2823.172,2403.460
2017-05-28 00:09:35.61,-707.933,2818.222,2403.420
2017-05-28 00:09:40.60,-703.828,2820.931,2403.788
2017-05-28 00:09:45.59,-705.411,2821.438,2402.852
2017-05-28 00:09:50.59,-708.145,2820.179,2403.276
2017-05-28 00:09:55.58,-708.593,2824.123,2401.310
2017-05-28 00:10:00.57,-703.960,2821.475,2400.664
2017-05-28 00:10:05.56,-707.629,2821.717,2396.187
2017-05-28 00:10:10.55,-704.861,2822.526,2400.779
2017-05-28 00:10:15.54,-707.034,2822.487,2396.515
2017-05-28 00:10:20.53,-706.136,2819.855,2397.106
2017-05-28 00:10:25.52,-704.093,2820.963,2397.564
2017-05-28 00:10:30.51,-704.454,2821.011,2395.309
2017-05-28 00:10:35.51,-704.846,2819.695,2397.313
2017-05-28 00:10:40.50,-701.356,2824.772,2397.588
2017-05-28 00:10:45.49,-702.971,2821.879,2402.135
2017-05-28 00:10:50.48,-705.450,2821.453,2401.420
2017-05-28 00:10:55.47,-706.015,2818.043,2399.986
2017-05-28 00:11:00.46,-703.806,2818.347,2404.178
2017-05-28 00:11:05.45,-704.897,2821.114,2399.191
2017-05-28 00:11:10.44,-701.616,2820.730,2395.168
2017-05-28 00:11:15.43,-707.168,2820.066,2396.528
2017-05-28 00:11:20.43,-705.641,2825.773,2396.687
2017-05-28 00:11:25.42,-706.772,2826.593,2397.181
2017-05-28 00:11:30.41,-707.235,2823.849,2398.724
2017-05-28 00:11:35.40,-707.878,2822.031,2398.717
2017-05-28 00:11:40.39,-703.170,2822.937,2398.455
2017-05-28 00:11:45.38,-703.529,2821.234,2396.441
2017-05-28 00:11:50.37,-707.129,2822.434,2399.140
2017-05-28 00:11:55.36,-705.702,2822.292,2399.478
2017-05-28 00:12:00.35,-706.795,2821.058,2398.752
2017-05-28 00:12:05.36,-704.644,2822.875,2398.476
2017-05-28 00:12:10.35,-703.017,2824.954,2399.655
2017-05-28 00:12:15.34,-703.004,2825.384,2398.325
2017-05-28 00:12:20.34,-705.751,2824.993,2402.658
2017-05-28 00:12:25.33,-701.841,2825.025,2397.711
2017-05-28 00:12:30.32,-703.641,2824.975,2395.025
2017-05-28 00:12:35.31,-704.448,2825.725,2396.098
2017-05-28 00:12:40.30,-705.442,2821.625,2399.028
2017-05-28 00:12:45.29,-700.171,2822.412,2403.434
2017-05-28 00:12:50.28,-703.035,2822.676,2401.902
2017-05-28 00:12:55.27,-706.035,2822.910,2400.144
2017-05-28 00:13:00.26,-702.201,2827.037,2399.399
2017-05-28 00:13:05.26,-696.877,2827.547,2399.337
2017-05-28 00:13:10.25,-700.266,2822.198,2396.918
2017-05-28 00:13:15.24,-698.990,2825.160,2397.721
2017-05-28 00:13:20.23,-701.681,2823.390,2397.678
2017-05-28 00:13:25.22,-702.758,2824.434,2395.500
2017-05-28 00:13:30.21,-701.920,2823.053,2398.607
2017-05-28 00:13:35.20,-703.503,2824.908,2397.152
2017-05-28 00:13:40.19,-703.568,2824.442,2397.868
2017-05-28 00:13:45.18,-703.104,2827.784,2397.979
2017-05-28 00:13:50.18,-705.334,2826.852,2397.085
2017-05-28 00:13:55.17,-702.958,2825.109,2396.567
2017-05-28 00:14:00.16,-705.553,2824.415,2399.924
2017-05-28 00:14:05.15,-702.279,2824.360,2402.477
2017-05-28 00:14:10.14,-703.903,2824.275,2401.163
2017-05-28 00:14:15.13,-705.794,2824.988,2399.269
2017-05-28 00:14:20.12,-704.399,2825.689,2398.768
2017-05-28 00:14:25.11,-705.669,2827.075,2401.390
2017-05-28 00:14:30.10,-703.808,2826.448,2403.839
2017-05-28 00:14:35.10,-704.965,2828.004,2405.612
2017-05-28 00:14:40.09,-705.157,2824.292,2404.439
2017-05-28 00:14:45.08,-707.548,2824.303,2403.363
2017-05-28 00:14:50.07,-703.558,2825.129,2401.975
2017-05-28 00:14:55.06,-704.928,2825.057,2403.539
2017-05-28 00:15:00.05,-706.640,2825.380,2401.768
2017-05-28 00:15:05.04,-706.447,2824.542,2399.577
2017-05-28 00:15:10.03,-702.186,2826.290,2401.048
2017-05-28 00:15:15.03,-701.744,2824.975,2400.926
2017-05-28 00:15:20.02,-703.887,2826.305,2400.028
2017-05-28 00:15:25.01,-700.921,2827.467,2400.174
2017-05-28 00:15:30.00,-701.715,2828.432,2398.148
2017-05-28 00:15:34.99,-704.321,2828.240,2400.419
2017-05-28 00:15:39.98,-705.181,2827.321,2403.520
2017-05-28 00:15:44.97,-705.136,2826.445,2405.783
2017-05-28 00:15:49.96,-707.171,2826.566,2404.805
2017-05-28 00:15:54.95,-710.297,2824.992,2402.876
2017-05-28 00:15:59.95,-706.928,2825.708,2401.688
2017-05-28 00:16:04.94,-706.264,2825.685,2399.599
2017-05-28 00:16:09.93,-707.232,2825.155,2398.253
2017-05-28 00:16:14.92,-710.120,2824.151,2395.993
2017-05-28 00:16:19.91,-708.894,2825.333,2399.371
2017-05-28 00:16:24.90,-705.988,2825.161,2402.924
2017-05-28 00:16:29.89,-703.010,2824.339,2400.500
2017-05-28 00:16:34.88,-708.031,2821.421,2397.968
2017-05-28 00:16:39.87,-705.233,2820.932,2400.304
2017-05-28 00:16:44.87,-704.515,2822.356,2403.469
2017-05-28 00:16:49.86,-705.081,2824.872,2408.889
2017-05-28 00:16:54.85,-703.744,2826.191,2410.500
2017-05-28 00:16:59.84,-703.652,2824.482,2410.768
2017-05-28 00:17:04.83,-700.862,2825.421,2412.823
2017-05-28 00:17:09.84,-702.932,2825.061,2407.714
2017-05-28 00:17:14.83,-700.096,2825.137,2406.292
2017-05-28 00:17:19.82,-702.762,2823.823,2407.658
2017-05-28 00:17:24.81,-705.334,2825.158,2407.059
2017-05-28 00:17:29.80,-704.128,2825.894,2408.349
2017-05-28 00:17:34.79,-706.471,2824.856,2403.739
2017-05-28 00:17:39.78,-707.685,2822.812,2407.571
2017-05-28 00:17:44.78,-708.009,2820.642,2405.092
2017-05-28 00:17:49.77,-709.329,2822.687,2405.932
2017-05-28 00:17:54.76,-706.086,2824.404,2404.634
2017-05-28 00:17:59.75,-708.721,2823.003,2402.806
2017-05-28 00:18:04.74,-707.018,2821.323,2403.006
2017-05-28 00:18:09.73,-703.263,2823.619,2405.513
2017-05-28 00:18:14.72,-705.198,2826.788,2408.175
2017-05-28 00:18:19.71,-704.957,2827.767,2402.245
2017-05-28 00:18:24.70,-704.114,2826.433,2407.049
2017-05-28 00:18:29.70,-708.248,2822.505,2408.393
2017-05-28 00:18:34.69,-707.489,2824.481,2406.061
2017-05-28 00:18:39.68,-708.497,2826.788,2405.455
2017-05-28 00:18:44.67,-705.122,2822.105,2405.084
2017-05-28 00:18:49.66,-705.069,2822.017,2404.589
2017-05-28 00:18:54.65,-706.379,2824.719,2404.464
2017-05-28 00:18:59.64,-708.227,2823.086,2404.615
2017-05-28 00:19:04.63,-707.403,2821.441,2407.270
2017-05-28 00:19:09.62,-707.341,2821.270,2404.251
2017-05-28 00:19:14.62,-711.132,2821.656,2403.270
2017-05-28 00:19:19.61,-712.401,2820.804,2403.717
2017-05-28 00:19:24.60,-710.189,2820.608,2399.270
2017-05-28 00:19:29.59,-712.449,2822.702,2402.828
2017-05-28 00:19:34.58,-712.476,2822.660,2401.018
2017-05-28 00:19:39.57,-707.934,2823.034,2403.783
2017-05-28 00:19:44.56,-706.229,2826.445,2405.559
2017-05-28 00:19:49.55,-705.627,2827.048,2402.581
2017-05-28 00:19:54.55,-707.866,2824.493,2405.260
2017-05-28 00:19:59.54,-705.708,2825.831,2404.484
2017-05-28 00:20:04.53,-706.336,2823.980,2405.556
2017-05-28 00:20:09.52,-710.701,2825.402,2404.739
2017-05-28 00:20:14.51,-705.421,2825.846,2401.345
2017-05-28 00:20:19.50,-705.128,2823.978,2400.513
2017-05-28 00:20:24.49,-701.778,2825.565,2403.260
2017-05-28 00:20:29.48,-704.304,2823.912,2405.920
2017-05-28 00:20:34.48,-701.944,2826.151,2403.882
2017-05-28 00:20:39.47,-701.624,2824.872,2404.228
2017-05-28 00:20:44.46,-701.138,2825.605,2400.522
2017-05-28 00:20:49.45,-704.251,2822.581,2404.243
2017-05-28 00:20:54.44,-697.220,2828.025,2403.290
2017-05-28 00:20:59.43,-700.282,2824.591,2403.306
2017-05-28 00:21:04.42,-702.175,2824.808,2403.628
2017-05-28 00:21:09.42,-702.143,2823.989,2397.890
2017-05-28 00:21:14.41,-699.405,2824.683,2396.142
2017-05-28 00:21:19.40,-702.271,2824.434,2402.102
2017-05-28 00:21:24.40,-702.463,2823.233,2402.340
2017-05-28 00:21:29.40,-702.535,2822.374,2401.644
2017-05-28 00:21:34.39,-699.658,2822.215,2401.914
2017-05-28 00:21:39.38,-704.330,2820.954,2402.389
2017-05-28 00:21:44.37,-703.158,2820.423,2401.631
2017-05-28 00:21:49.36,-702.968,2820.945,2400.755
2017-05-28 00:21:54.35,-704.047,2819.868,2400.483
2017-05-28 00:21:59.34,-705.960,2820.246,2396.006
2017-05-28 00:22:04.33,-706.311,2822.893,2401.747
2017-05-28 00:22:09.33,-706.191,2823.201,2399.968
2017-05-28 00:22:14.32,-704.916,2824.954,2398.069
2017-05-28 00:22:19.31,-708.031,2823.457,2399.287
2017-05-28 00:22:24.30,-708.391,2824.055,2400.896
2017-05-28 00:22:29.29,-706.205,2824.155,2398.644
2017-05-28 00:22:34.28,-705.494,2821.449,2398.042
2017-05-28 00:22:39.27,-706.494,2822.823,2399.224
2017-05-28 00:22:44.26,-703.417,2824.543,2399.113
2017-05-28 00:22:49.26,-702.898,2825.218,2401.497
2017-05-28 00:22:54.25,-704.712,2823.795,2399.053
2017-05-28 00:22:59.24,-704.209,2826.014,2398.308
2017-05-28 00:23:04.23,-704.508,2824.598,2398.754
2017-05-28 00:23:09.22,-704.497,2824.454,2400.497
2017-05-28 00:23:14.21,-704.395,2822.986,2399.894
2017-05-28 00:23:19.20,-703.422,2824.304,2401.273
2017-05-28 00:23:24.19,-702.822,2820.831,2401.388
2017-05-28 00:23:29.19,-706.103,2820.209,2401.633
2017-05-28 00:23:34.18,-709.658,2822.141,2405.853
2017-05-28 00:23:39.17,-706.883,2822.102,2403.754
2017-05-28 00:23:44.16,-703.534,2821.165,2403.845
2017-05-28 00:23:49.15,-703.086,2819.803,2407.141
2017-05-28 00:23:54.14,-705.248,2817.352,2405.368
2017-05-28 00:23:59.13,-704.979,2821.328,2401.091
2017-05-28 00:24:04.12,-705.998,2820.935,2403.699
2017-05-28 00:24:09.12,-699.214,2821.824,2399.438
2017-05-28 00:24:14.11,-700.417,2820.332,2399.682
2017-05-28 00:24:19.10,-702.986,2820.656,2399.722
2017-05-28 00:24:24.09,-701.596,2819.575,2401.214
2017-05-28 00:24:29.08,-705.305,2819.582,2400.207
2017-05-28 00:24:34.07,-703.765,2822.279,2401.422
2017-05-28 00:24:39.06,-705.267,2820.595,2403.479
2017-05-28 00:24:44.05,-704.598,2820.936,2401.076
2017-05-28 00:24:49.05,-702.541,2820.418,2402.031
2017-05-28 00:24:54.04,-704.710,2819.538,2401.669
2017-05-28 00:24:59.03,-705.181,2819.619,2397.063
2017-05-28 00:25:04.02,-704.758,2819.107,2396.088
2017-05-28 00:25:09.01,-703.458,2820.375,2400.146
2017-05-28 00:25:14.00,-699.365,2818.244,2395.606
2017-05-28 00:25:18.99,-702.198,2822.342,2397.140
2017-05-28 00:25:23.98,-701.955,2820.842,2395.529
2017-05-28 00:25:28.98,-699.788,2821.692,2397.816
2017-05-28 00:25:33.97,-699.151,2820.092,2395.706
2017-05-28 00:25:38.96,-702.298,2819.308,2397.658
2017-05-28 00:25:43.95,-703.334,2820.211,2398.789
2017-05-28 00:25:48.94,-698.856,2819.995,2398.117
2017-05-28 00:25:53.95,-701.496,2822.648,2400.447
2017-05-28 00:25:58.94,-701.084,2822.752,2399.227
2017-05-28 00:26:03.93,-701.960,2825.387,2401.295
2017-05-28 00:26:08.92,-697.952,2825.099,2401.024
2017-05-28 00:26:13.91,-698.746,2825.818,2398.876
2017-05-28 00:26:18.90,-702.555,2822.950,2400.881
2017-05-28 00:26:23.89,-698.891,2822.426,2399.498
2017-05-28 00:26:28.89,-699.581,2822.467,2401.177
2017-05-28 00:26:33.88,-704.028,2822.821,2402.411
2017-05-28 00:26:38.87,-707.334,2820.276,2399.108
2017-05-28 00:26:43.86,-704.526,2824.563,2400.109
2017-05-28 00:26:48.85,-705.732,2823.628,2401.296
2017-05-28 00:26:53.84,-705.551,2821.771,2398.257
2017-05-28 00:26:58.83,-704.089,2822.999,2399.298
2017-05-28 00:27:03.82,-705.572,2823.539,2401.340
2017-05-28 00:27:08.82,-705.903,2821.239,2400.549
2017-05-28 00:27:13.81,-700.639,2821.819,2403.806
2017-05-28 00:27:18.80,-704.931,2822.148,2406.927
2017-05-28 00:27:23.79,-707.357,2821.712,2404.289
2017-05-28 00:27:28.78,-707.450,2821.069,2403.319
2017-05-28 00:27:33.77,-706.610,2819.282,2404.653
2017-05-28 00:27:38.76,-703.055,2819.055,2403.421
2017-05-28 00:27:43.75,-702.530,2819.606,2402.838
2017-05-28 00:27:48.75,-702.198,2819.397,2404.026
2017-05-28 00:27:53.74,-699.995,2819.728,2401.472
2017-05-28 00:27:58.73,-704.552,2819.608,2401.085
2017-05-28 00:28:03.72,-704.904,2820.602,2401.743
2017-05-28 00:28:08.71,-706.108,2820.427,2398.637
2017-05-28 00:28:13.70,-709.276,2820.997,2399.518
2017-05-28 00:28:18.69,-708.694,2822.586,2400.549
2017-05-28 00:28:23.68,-706.446,2820.615,2397.795
2017-05-28 00:28:28.68,-707.122,2820.763,2400.379
2017-05-28 00:28:33.67,-709.700,2820.701,2398.650
2017-05-28 00:28:38.66,-708.979,2820.103,2399.957
2017-05-28 00:28:43.65,-708.551,2819.674,2397.425
2017-05-28 00:28:48.64,-710.270,2821.139,2398.472
2017-05-28 00:28:53.63,-709.655,2820.965,2401.764
2017-05-28 00:28:58.62,-707.549,2821.952,2400.589
2017-05-28 00:29:03.61,-706.795,2822.783,2398.723
2017-05-28 00:29:08.62,-707.783,2824.029,2397.583
2017-05-28 00:29:13.61,-710.692,2824.539,2395.478
2017-05-28 00:29:18.60,-707.292,2821.709,2392.868
2017-05-28 00:29:23.59,-709.155,2821.756,2399.393
2017-05-28 00:29:28.58,-709.182,2819.867,2400.285
2017-05-28 00:29:33.58,-711.292,2819.293,2402.640
2017-05-28 00:29:38.57,-709.985,2822.654,2401.329
2017-05-28 00:29:43.56,-708.710,2822.428,2398.735
2017-05-28 00:29:48.55,-710.391,2819.256,2402.548
2017-05-28 00:29:53.54,-711.168,2818.092,2401.392
2017-05-28 00:29:58.53,-713.560,2816.568,2402.319
2017-05-28 00:30:03.52,-707.937,2820.829,2404.190
2017-05-28 00:30:08.52,-710.953,2819.712,2406.211
2017-05-28 00:30:13.51,-711.635,2820.806,2402.187
2017-05-28 00:30:18.50,-709.453,2819.138,2404.760
2017-05-28 00:30:23.49,-708.484,2818.155,2402.178
2017-05-28 00:30:28.48,-706.685,2816.822,2400.743
2017-05-28 00:30:33.47,-707.467,2819.705,2404.175
2017-05-28 00:30:38.46,-705.343,2819.653,2399.573
2017-05-28 00:30:43.45,-710.070,2821.844,2402.335
2017-05-28 00:30:48.44,-709.613,2820.578,2400.028
2017-05-28 00:30:53.44,-710.529,2817.799,2395.884
2017-05-28 00:30:58.43,-708.454,2818.659,2397.089
2017-05-28 00:31:03.42,-707.786,2819.879,2396.575
2017-05-28 00:31:08.41,-708.985,2822.587,2397.490
2017-05-28 00:31:13.40,-710.071,2820.577,2394.136
2017-05-28 00:31:18.39,-711.895,2818.199,2394.588
2017-05-28 00:31:23.38,-712.134,2818.624,2397.333
2017-05-28 00:31:28.37,-711.406,2818.583,2397.444
2017-05-28 00:31:33.37,-713.085,2819.005,2398.580
2017-05-28 00:31:38.36,-710.251,2818.673,2398.484
2017-05-28 00:31:43.35,-711.501,2817.297,2400.620
2017-05-28 00:31:48.34,-712.151,2819.132,2398.949
2017-05-28 00:31:53.35,-712.164,2819.614,2402.477
2017-05-28 00:31:58.34,-711.840,2818.503,2402.061
2017-05-28 00:32:03.33,-712.564,2818.745,2401.471
2017-05-28 00:32:08.32,-714.298,2821.164,2397.873
2017-05-28 00:32:13.31,-713.608,2818.854,2399.482
2017-05-28 00:32:18.30,-711.939,2819.087,2396.966
2017-05-28 00:32:23.29,-713.539,2817.317,2399.673
2017-05-28 00:32:28.29,-712.008,2819.007,2401.405
2017-05-28 00:32:33.28,-709.716,2819.649,2397.508
2017-05-28 00:32:38.27,-708.101,2819.113,2399.366
2017-05-28 00:32:43.26,-708.606,2818.459,2398.651
2017-05-28 00:32:48.25,-707.321,2820.069,2400.915
2017-05-28 00:32:53.24,-708.145,2820.978,2400.786
2017-05-28 00:32:58.23,-716.221,2818.044,2399.565
2017-05-28 00:33:03.22,-716.132,2815.903,2399.464
2017-05-28 00:33:08.21,-717.666,2815.096,2401.291
2017-05-28 00:33:13.21,-718.542,2816.746,2403.462
2017-05-28 00:33:18.20,-717.016,2819.930,2401.845
2017-05-28 00:33:23.19,-718.422,2819.105,2401.008
2017-05-28 00:33:28.18,-715.858,2818.491,2398.823
2017-05-28 00:33:33.17,-715.179,2818.606,2396.394
2017-05-28 00:33:38.16,-718.039,2817.905,2398.619
2017-05-28 00:33:43.15,-715.396,2819.181,2401.132
2017-05-28 00:33:48.14,-719.038,2819.814,2400.481
2017-05-28 00:33:53.13,-711.535,2821.219,2401.541
2017-05-28 00:33:58.13,-711.361,2822.211,2398.023
2017-05-28 00:34:03.12,-715.089,2822.101,2398.161
2017-05-28 00:34:08.11,-715.762,2821.866,2398.774
2017-05-28 00:34:13.10,-716.894,2821.995,2399.583
2017-05-28 00:34:18.09,-718.343,2821.336,2400.147
2017-05-28 00:34:23.08,-715.665,2820.345,2403.205
2017-05-28 00:34:28.07,-715.409,2819.349,2402.251
2017-05-28 00:34:33.06,-714.946,2817.092,2403.666
2017-05-28 00:34:38.06,-712.612,2818.469,2407.576
2017-05-28 00:34:43.05,-713.281,2820.321,2403.252
2017-05-28 00:34:48.04,-715.789,2819.961,2403.303
2017-05-28 00:34:53.03,-716.953,2819.088,2403.674
2017-05-28 00:34:58.02,-714.011,2817.763,2402.854
2017-05-28 00:35:03.01,-714.341,2817.791,2401.040
2017-05-28 00:35:08.00,-714.848,2817.779,2404.842
2017-05-28 00:35:12.99,-714.837,2817.604,2403.015
2017-05-28 00:35:17.98,-713.686,2816.723,2402.914
2017-05-28 00:35:22.98,-715.408,2817.102,2401.465
2017-05-28 00:35:27.97,-714.463,2818.139,2402.886
2017-05-28 00:35:32.97,-716.854,2818.217,2402.311
2017-05-28 00:35:37.97,-717.636,2815.674,2402.064
2017-05-28 00:35:42.96,-718.209,2815.805,2400.449
2017-05-28 00:35:47.95,-720.684,2818.095,2400.188
2017-05-28 00:35:52.94,-722.714,2817.073,2400.991
2017-05-28 00:35:57.93,-723.913,2815.201,2400.006
2017-05-28 00:36:02.92,-726.376,2813.145,2402.480
2017-05-28 00:36:07.91,-728.969,2814.081,2403.365
2017-05-28 00:36:12.90,-728.922,2812.934,2398.250
2017-05-28 00:36:17.90,-728.982,2811.942,2398.514
2017-05-28 00:36:22.89,-727.734,2812.464,2401.955
2017-05-28 00:36:27.88,-728.259,2813.737,2402.422
2017-05-28 00:36:32.87,-724.540,2819.395,2403.071
2017-05-28 00:36:37.86,-724.232,2819.689,2400.780
2017-05-28 00:36:42.85,-724.118,2819.121,2400.135
2017-05-28 00:36:47.84,-721.473,2820.238,2400.310
2017-05-28 00:36:52.83,-718.912,2819.100,2401.125
2017-05-28 00:36:57.82,-719.903,2819.255,2398.772
2017-05-28 00:37:02.82,-718.788,2819.601,2398.916
2017-05-28 00:37:07.81,-716.775,2820.411,2398.145
2017-05-28 00:37:12.80,-716.769,2820.755,2396.292
2017-05-28 00:37:17.79,-714.489,2819.716,2402.342
2017-05-28 00:37:22.78,-713.942,2820.603,2402.260
2017-05-28 00:37:27.77,-715.657,2818.901,2397.645
2017-05-28 00:37:32.76,-713.836,2819.470,2396.188
2017-05-28 00:37:37.75,-714.582,2819.109,2399.054
2017-05-28 00:37:42.75,-715.939,2817.346,2396.906
2017-05-28 00:37:47.74,-720.077,2815.632,2401.267
2017-05-28 00:37:52.73,-720.403,2817.371,2401.382
2017-05-28 00:37:57.72,-721.654,2815.461,2404.884
2017-05-28 00:38:02.71,-720.891,2814.447,2399.104
2017-05-28 00:38:07.70,-720.608,2815.748,2403.198
2017-05-28 00:38:12.69,-718.398,2815.524,2402.886
2017-05-28 00:38:17.68,-719.438,2817.367,2400.437
2017-05-28 00:38:22.67,-719.761,2814.613,2397.465
2017-05-28 00:38:27.67,-716.975,2818.894,2398.815
2017-05-28 00:38:32.66,-715.090,2819.149,2401.997
2017-05-28 00:38:37.65,-713.185,2822.353,2402.679
2017-05-28 00:38:42.64,-713.247,2820.874,2400.155
2017-05-28 00:38:47.63,-713.324,2824.076,2400.772
2017-05-28 00:38:52.62,-710.502,2823.249,2400.968
2017-05-28 00:38:57.61,-708.665,2823.312,2397.900
2017-05-28 00:39:02.60,-707.958,2821.821,2399.346
2017-05-28 00:39:07.60,-708.489,2822.986,2400.779
2017-05-28 00:39:12.59,-704.679,2823.857,2401.866
2017-05-28 00:39:17.58,-706.870,2822.472,2402.126
2017-05-28 00:39:22.57,-706.939,2822.402,2404.316
2017-05-28 00:39:27.56,-707.692,2823.273,2402.221
2017-05-28 00:39:32.57,-708.934,2821.770,2398.179
2017-05-28 00:39:37.56,-709.306,2822.139,2402.028
2017-05-28 00:39:42.55,-710.884,2820.460,2402.525
2017-05-28 00:39:47.54,-706.068,2821.681,2400.341
2017-05-28 00:39:52.53,-708.716,2823.583,2405.086
2017-05-28 00:39:57.52,-708.966,2823.117,2401.087
2017-05-28 00:40:02.51,-709.137,2824.034,2401.614
2017-05-28 00:40:07.51,-709.040,2823.923,2402.886
2017-05-28 00:40:12.50,-710.156,2823.526,2400.101
2017-05-28 00:40:17.49,-708.551,2823.980,2396.362
2017-05-28 00:40:22.48,-709.781,2821.078,2394.977
2017-05-28 00:40:27.47,-712.718,2820.199,2396.479
2017-05-28 00:40:32.46,-710.741,2818.173,2394.596
2017-05-28 00:40:37.45,-711.032,2818.370,2396.192
2017-05-28 00:40:42.44,-714.508,2816.313,2399.926
2017-05-28 00:40:47.43,-713.601,2817.687,2399.179
2017-05-28 00:40:52.43,-718.321,2815.000,2395.698
2017-05-28 00:40:57.42,-720.731,2815.175,2397.341
2017-05-28 00:41:02.41,-725.135,2815.058,2397.839
2017-05-28 00:41:07.40,-726.412,2812.332,2400.571
2017-05-28 00:41:12.39,-728.407,2813.098,2398.772
2017-05-28 00:41:17.38,-728.851,2812.749,2401.442
2017-05-28 00:41:22.37,-726.519,2813.625,2398.074
2017-05-28 00:41:27.36,-723.875,2814.339,2403.458
2017-05-28 00:41:32.36,-718.160,2817.121,2400.259
2017-05-28 00:41:37.35,-716.906,2817.684,2400.794
2017-05-28 00:41:42.34,-715.158,2817.896,2401.711
2017-05-28 00:41:47.33,-708.045,2822.843,2403.263
2017-05-28 00:41:52.32,-709.134,2824.602,2400.359
2017-05-28 00:41:57.31,-704.271,2824.043,2399.227
2017-05-28 00:42:02.30,-708.320,2824.396,2400.078
2017-05-28 00:42:07.29,-707.876,2823.056,2404.412
2017-05-28 00:42:12.29,-710.831,2823.245,2401.505
2017-05-28 00:42:17.28,-711.438,2819.247,2400.866
2017-05-28 00:42:22.27,-711.825,2819.564,2401.154
2017-05-28 00:42:27.26,-714.055,2818.375,2402.191
2017-05-28 00:42:32.25,-715.557,2818.718,2402.629
2017-05-28 00:42:37.24,-716.658,2816.396,2405.444
2017-05-28 00:42:42.23,-718.862,2816.292,2405.669
2017-05-28 00:42:47.22,-718.690,2816.380,2403.465
2017-05-28 00:42:52.21,-717.602,2816.464,2405.564
2017-05-28 00:42:57.21,-717.086,2815.791,2405.864
2017-05-28 00:43:02.20,-713.444,2818.389,2405.394
2017-05-28 00:43:07.19,-713.817,2818.980,2401.922
2017-05-28 00:43:12.18,-712.764,2817.300,2404.592
2017-05-28 00:43:17.17,-710.822,2818.989,2402.907
2017-05-28 00:43:22.16,-711.791,2819.616,2404.624
2017-05-28 00:43:27.15,-714.790,2817.553,2408.049
2017-05-28 00:43:32.14,-714.138,2818.646,2403.845
2017-05-28 00:43:37.13,-709.144,2821.221,2407.565
2017-05-28 00:43:42.13,-711.497,2822.456,2410.146
2017-05-28 00:43:47.12,-714.196,2820.561,2410.060
2017-05-28 00:43:52.11,-714.992,2821.339,2406.782
2017-05-28 00:43:57.10,-714.460,2821.076,2404.008
2017-05-28 00:44:02.09,-710.259,2822.766,2409.438
2017-05-28 00:44:07.08,-712.556,2822.921,2410.610
2017-05-28 00:44:12.07,-709.957,2820.987,2407.668
2017-05-28 00:44:17.06,-711.051,2821.593,2406.625
2017-05-28 00:44:22.06,-710.889,2821.374,2409.716
2017-05-28 00:44:27.05,-706.638,2821.402,2409.730
2017-05-28 00:44:32.04,-708.405,2820.695,2411.619
2017-05-28 00:44:37.03,-709.304,2820.369,2407.961
2017-05-28 00:44:42.02,-708.240,2822.750,2411.612
2017-05-28 00:44:47.01,-710.491,2822.791,2409.148
2017-05-28 00:44:52.00,-708.741,2823.564,2409.653
2017-05-28 00:44:56.99,-707.385,2824.524,2411.434
2017-05-28 00:45:02.00,-706.580,2822.366,2411.351
2017-05-28 00:45:06.99,-710.999,2821.577,2415.894
2017-05-28 00:45:11.98,-710.469,2821.073,2413.625
2017-05-28 00:45:16.97,-712.959,2820.262,2414.156
2017-05-28 00:45:21.97,-711.733,2819.501,2411.296
2017-05-28 00:45:26.96,-711.115,2821.397,2409.031
2017-05-28 00:45:31.95,-710.333,2819.817,2411.025
2017-05-28 00:45:36.94,-712.088,2819.780,2408.341
2017-05-28 00:45:41.93,-712.662,2823.429,2404.555
2017-05-28 00:45:46.92,-709.340,2823.270,2404.245
2017-05-28 00:45:51.91,-709.324,2823.664,2407.612
2017-05-28 00:45:56.90,-713.524,2821.547,2405.599
2017-05-28 00:46:01.89,-713.511,2819.988,2402.086
2017-05-28 00:46:06.89,-713.198,2818.212,2406.227
2017-05-28 00:46:11.88,-711.012,2818.711,2409.034
2017-05-28 00:46:16.87,-709.238,2820.461,2412.931
2017-05-28 00:46:21.86,-712.841,2819.748,2408.545
2017-05-28 00:46:26.85,-707.493,2821.218,2409.106
2017-05-28 00:46:31.84,-706.660,2819.500,2413.088
2017-05-28 00:46:36.83,-706.992,2819.616,2411.645
2017-05-28 00:46:41.82,-706.532,2820.142,2413.103
2017-05-28 00:46:46.82,-708.270,2818.792,2412.374
2017-05-28 00:46:51.81,-709.515,2818.968,2406.561
2017-05-28 00:46:56.80,-709.476,2819.385,2406.195
2017-05-28 00:47:01.79,-708.585,2820.761,2407.033
2017-05-28 00:47:06.78,-710.196,2819.726,2404.467
2017-05-28 00:47:11.77,-711.460,2821.190,2407.201
2017-05-28 00:47:16.76,-709.514,2824.154,2408.743
2017-05-28 00:47:21.75,-707.544,2823.320,2408.912
2017-05-28 00:47:26.75,-707.384,2821.652,2408.033
2017-05-28 00:47:31.74,-709.295,2822.378,2409.592
2017-05-28 00:47:36.73,-709.255,2822.808,2409.362
2017-05-28 00:47:41.72,-708.748,2822.598,2410.467
2017-05-28 00:47:46.73,-708.769,2824.040,2409.014
2017-05-28 00:47:51.72,-710.775,2825.568,2408.071
2017-05-28 00:47:56.71,-712.147,2825.756,2411.043
2017-05-28 00:48:01.70,-713.673,2825.509,2407.242
2017-05-28 00:48:06.69,-709.667,2824.055,2410.309
2017-05-28 00:48:11.68,-708.442,2825.007,2410.839
2017-05-28 00:48:16.67,-706.058,2825.381,2411.450
2017-05-28 00:48:21.66,-708.436,2825.215,2408.634
2017-05-28 00:48:26.65,-708.592,2825.634,2406.568
2017-05-28 00:48:31.65,-708.581,2824.716,2406.753
2017-05-28 00:48:36.64,-710.805,2825.427,2404.816
2017-05-28 00:48:41.63,-707.639,2826.712,2406.561
2017-05-28 00:48:46.62,-707.602,2826.114,2407.510
2017-05-28 00:48:51.61,-707.597,2826.085,2408.452
2017-05-28 00:48:56.60,-706.282,2827.115,2406.090
2017-05-28 00:49:01.59,-709.473,2824.840,2404.375
2017-05-28 00:49:06.58,-707.812,2824.851,2404.934
2017-05-28 00:49:11.57,-710.984,2823.894,2406.297
2017-05-28 00:49:16.57,-707.792,2825.049,2409.701
2017-05-28 00:49:21.56,-706.494,2824.398,2405.301
2017-05-28 00:49:26.55,-709.681,2825.781,2399.414
2017-05-28 00:49:31.54,-709.846,2824.258,2399.986
2017-05-28 00:49:36.53,-707.342,2825.931,2399.029
2017-05-28 00:49:41.52,-706.377,2826.290,2403.319
2017-05-28 00:49:46.51,-706.297,2826.052,2402.964
2017-05-28 00:49:51.51,-702.142,2826.197,2405.002
2017-05-28 00:49:56.50,-701.564,2824.283,2405.271
2017-05-28 00:50:01.49,-699.627,2825.381,2406.214
2017-05-28 00:50:06.48,-701.895,2826.243,2406.313
2017-05-28 00:50:11.47,-699.294,2823.878,2408.562
2017-05-28 00:50:16.46,-697.194,2829.193,2406.396
2017-05-28 00:50:21.45,-695.896,2831.438,2403.601
2017-05-28 00:50:26.44,-697.684,2828.531,2404.441
2017-05-28 00:50:31.43,-696.295,2830.419,2403.156
2017-05-28 00:50:36.43,-694.668,2831.315,2403.958
2017-05-28 00:50:41.42,-696.564,2831.502,2406.055
2017-05-28 00:50:46.41,-698.925,2828.672,2404.639
2017-05-28 00:50:51.40,-699.741,2829.598,2402.073
2017-05-28 00:50:56.39,-700.566,2829.208,2405.273
2017-05-28 00:51:01.38,-705.761,2828.156,2404.578
2017-05-28 00:51:06.37,-707.261,2825.776,2405.270
2017-05-28 00:51:11.36,-706.307,2825.432,2403.583
2017-05-28 00:51:16.37,-704.118,2828.808,2403.996
2017-05-28 00:51:21.36,-702.246,2828.013,2402.845
2017-05-28 00:51:26.35,-705.686,2825.188,2405.711
2017-05-28 00:51:31.34,-703.491,2825.783,2404.558
2017-05-28 00:51:36.34,-702.259,2825.237,2407.734
2017-05-28 00:51:41.33,-703.732,2826.362,2407.088
2017-05-28 00:51:46.32,-702.491,2826.118,2405.172
2017-05-28 00:51:51.31,-703.039,2824.577,2408.392
2017-05-28 00:51:56.30,-702.369,2827.636,2410.185
2017-05-28 00:52:01.29,-703.937,2826.049,2410.188
2017-05-28 00:52:06.28,-700.814,2826.789,2412.235
2017-05-28 00:52:11.27,-699.759,2826.896,2409.508
2017-05-28 00:52:16.26,-697.832,2827.104,2409.518
2017-05-28 00:52:21.26,-697.283,2828.099,2407.880
2017-05-28 00:52:26.25,-697.562,2828.764,2404.220
2017-05-28 00:52:31.24,-696.392,2826.688,2404.764
2017-05-28 00:52:36.23,-694.874,2826.901,2405.128
2017-05-28 00:52:41.22,-698.516,2827.044,2405.336
2017-05-28 00:52:46.21,-693.789,2829.268,2403.784
2017-05-28 00:52:51.20,-694.042,2827.181,2403.306
2017-05-28 00:52:56.19,-694.968,2827.113,2407.818
2017-05-28 00:53:01.19,-694.701,2827.831,2411.758
2017-05-28 00:53:06.18,-696.932,2827.182,2413.526
2017-05-28 00:53:11.17,-694.998,2824.894,2410.965
2017-05-28 00:53:16.16,-696.041,2828.232,2411.625
2017-05-28 00:53:21.15,-691.412,2828.362,2412.832
2017-05-28 00:53:26.14,-694.510,2826.814,2409.714
2017-05-28 00:53:31.13,-698.573,2822.915,2413.279
2017-05-28 00:53:36.12,-698.179,2824.682,2409.723
2017-05-28 00:53:41.11,-695.565,2825.918,2409.078
2017-05-28 00:53:46.11,-695.889,2825.035,2406.465
2017-05-28 00:53:51.10,-693.524,2826.002,2406.817
2017-05-28 00:53:56.09,-692.861,2826.974,2412.472
2017-05-28 00:54:01.08,-690.416,2828.253,2410.012
2017-05-28 00:54:06.07,-690.401,2827.327,2408.200
2017-05-28 00:54:11.06,-694.864,2825.571,2411.967
2017-05-28 00:54:16.05,-696.066,2826.288,2410.517
2017-05-28 00:54:21.04,-694.223,2826.681,2415.065
2017-05-28 00:54:26.04,-694.640,2827.122,2410.382
2017-05-28 00:54:31.03,-693.986,2827.512,2409.471
2017-05-28 00:54:36.02,-692.713,2826.146,2411.518
2017-05-28 00:54:41.01,-692.131,2827.953,2411.324
2017-05-28 00:54:46.00,-691.242,2827.088,2411.826
2017-05-28 00:54:50.99,-691.648,2828.978,2410.902
2017-05-28 00:54:55.98,-692.401,2830.379,2405.752
2017-05-28 00:55:00.97,-696.505,2827.898,2410.321
2017-05-28 00:55:05.96,-699.387,2826.731,2410.934
2017-05-28 00:55:10.96,-700.125,2826.209,2407.913
2017-05-28 00:55:15.95,-699.245,2826.236,2407.058
2017-05-28 00:55:20.94,-700.769,2824.954,2409.085
2017-05-28 00:55:25.93,-702.939,2826.653,2409.354
2017-05-28 00:55:30.92,-702.721,2828.437,2409.050
2017-05-28 00:55:35.91,-702.176,2826.851,2407.119
2017-05-28 00:55:40.90,-703.788,2827.679,2404.929
2017-05-28 00:55:45.90,-701.983,2825.170,2405.684
2017-05-28 00:55:50.90,-703.887,2823.598,2406.490
2017-05-28 00:55:55.89,-702.442,2824.704,2405.786
2017-05-28 00:56:00.88,-706.514,2820.928,2409.296
2017-05-28 00:56:05.88,-710.119,2820.988,2409.311
2017-05-28 00:56:10.87,-712.223,2820.160,2407.958
2017-05-28 00:56:15.86,-713.752,2819.761,2407.414
2017-05-28 00:56:20.85,-714.944,2817.597,2408.507
2017-05-28 00:56:25.84,-714.928,2820.889,2409.089
2017-05-28 00:56:30.83,-711.535,2821.836,2407.433
2017-05-28 00:56:35.82,-710.246,2819.798,2407.141
2017-05-28 00:56:40.81,-708.701,2822.139,2404.974
2017-05-28 00:56:45.80,-703.839,2823.131,2407.935
2017-05-28 00:56:50.80,-700.550,2821.875,2408.034
2017-05-28 00:56:55.79,-702.121,2821.296,2408.232
2017-05-28 00:57:00.78,-701.231,2824.385,2406.273
2017-05-28 00:57:05.77,-694.993,2824.912,2408.419
2017-05-28 00:57:10.76,-695.053,2827.861,2408.298
2017-05-28 00:57:15.75,-701.506,2825.621,2406.872
2017-05-28 00:57:20.74,-702.819,2827.232,2410.797
2017-05-28 00:57:25.73,-705.212,2824.146,2405.805
2017-05-28 00:57:30.73,-707.735,2823.474,2410.011
2017-05-28 00:57:35.72,-706.977,2825.158,2408.181
2017-05-28 00:57:40.71,-709.445,2822.266,2405.586
2017-05-28 00:57:45.70,-712.425,2822.280,2408.305
2017-05-28 00:57:50.69,-711.869,2822.069,2408.951
2017-05-28 00:57:55.68,-712.628,2819.298,2408.163
2017-05-28 00:58:00.67,-711.514,2819.814,2403.524
2017-05-28 00:58:05.66,-709.989,2818.018,2406.642
2017-05-28 00:58:10.66,-713.403,2819.087,2409.264
2017-05-28 00:58:15.65,-712.137,2819.490,2407.199
2017-05-28 00:58:20.64,-707.556,2821.671,2407.536
2017-05-28 00:58:25.63,-709.406,2818.853,2406.455
2017-05-28 00:58:30.62,-709.741,2818.694,2409.050
2017-05-28 00:58:35.61,-712.213,2818.698,2408.674
2017-05-28 00:58:40.60,-712.544,2819.392,2407.263
2017-05-28 00:58:45.59,-710.727,2818.205,2408.372
2017-05-28 00:58:50.60,-712.166,2818.743,2414.758
2017-05-28 00:58:55.59,-713.864,2818.916,2411.730
2017-05-28 00:59:00.58,-712.992,2818.901,2412.115
2017-05-28 00:59:05.57,-714.751,2816.716,2412.806
2017-05-28 00:59:10.57,-713.595,2822.291,2411.536
2017-05-28 00:59:15.56,-715.642,2822.259,2413.786
2017-05-28 00:59:20.55,-718.338,2821.201,2412.722
2017-05-28 00:59:25.54,-718.338,2819.472,2412.279
2017-05-28 00:59:30.53,-714.466,2818.444,2411.532
2017-05-28 00:59:35.52,-709.842,2820.492,2408.513
2017-05-28 00:59:40.51,-710.443,2821.511,2411.640
2017-05-28 00:59:45.50,-712.225,2819.815,2411.861
2017-05-28 00:59:50.49,-713.875,2821.278,2414.192
2017-05-28 00:59:55.49,-712.052,2820.948,2406.818
2017-05-28 01:00:00.48,-715.710,2820.106,2408.930
2017-05-28 01:00:05.47,-717.565,2821.026,2411.583
2017-05-28 01:00:10.46,-718.938,2819.372,2409.703
2017-05-28 01:00:15.45,-718.593,2819.064,2409.508
2017-05-28 01:00:20.44,-718.388,2817.812,2407.117
2017-05-28 01:00:25.43,-720.782,2817.240,2408.191
2017-05-28 01:00:30.42,-720.380,2817.664,2409.325
2017-05-28 01:00:35.42,-716.518,2819.807,2409.122
2017-05-28 01:00:40.41,-715.104,2820.884,2410.010
2017-05-28 01:00:45.40,-721.696,2819.396,2408.976
2017-05-28 01:00:50.39,-718.732,2818.952,2413.743
2017-05-28 01:00:55.38,-718.135,2816.852,2411.484
2017-05-28 01:01:00.37,-719.106,2815.765,2408.841
2017-05-28 01:01:05.36,-717.375,2816.786,2411.901
2017-05-28 01:01:10.35,-718.114,2817.047,2411.948
2017-05-28 01:01:15.35,-719.252,2817.532,2409.046
2017-05-28 01:01:20.34,-722.416,2816.631,2413.770
2017-05-28 01:01:25.33,-722.715,2815.017,2410.988
2017-05-28 01:01:30.32,-721.548,2815.854,2408.340
2017-05-28 01:01:35.31,-718.861,2815.164,2408.050
2017-05-28 01:01:40.30,-720.862,2814.442,2407.943
2017-05-28 01:01:45.29,-719.703,2815.539,2408.185
2017-05-28 01:01:50.28,-720.358,2814.219,2409.758
2017-05-28 01:01:55.28,-717.662,2814.454,2408.411
2017-05-28 01:02:00.27,-719.184,2813.494,2408.629
2017-05-28 01:02:05.26,-719.929,2815.228,2410.032
2017-05-28 01:02:10.25,-717.178,2813.659,2410.629
2017-05-28 01:02:15.24,-717.861,2813.801,2410.905
2017-05-28 01:02:20.23,-718.126,2813.371,2407.944
2017-05-28 01:02:25.22,-719.799,2812.818,2406.224
2017-05-28 01:02:30.23,-721.885,2811.171,2411.390
2017-05-28 01:02:35.22,-722.931,2810.553,2407.951
2017-05-28 01:02:40.21,-724.544,2808.398,2406.383
2017-05-28 01:02:45.19,-729.299,2810.332,2407.899
2017-05-28 01:02:50.19,-723.949,2812.761,2407.092
2017-05-28 01:02:55.19,-725.112,2812.217,2404.479
2017-05-28 01:03:00.18,-727.953,2812.721,2407.753
2017-05-28 01:03:05.17,-727.867,2812.162,2406.192
2017-05-28 01:03:10.16,-726.861,2811.292,2404.178
2017-05-28 01:03:15.15,-724.661,2812.668,2404.358
2017-05-28 01:03:20.14,-727.315,2812.649,2410.249
2017-05-28 01:03:25.13,-724.764,2812.088,2408.381
2017-05-28 01:03:30.12,-726.937,2812.053,2405.819
2017-05-28 01:03:35.12,-728.622,2811.464,2407.554
2017-05-28 01:03:40.11,-731.036,2810.701,2410.934
2017-05-28 01:03:45.10,-730.893,2811.914,2407.738
2017-05-28 01:03:50.09,-724.623,2811.279,2410.289
2017-05-28 01:03:55.08,-727.382,2809.781,2411.051
2017-05-28 01:04:00.07,-727.971,2811.355,2408.962
2017-05-28 01:04:05.06,-726.653,2811.166,2410.783
2017-05-28 01:04:10.05,-729.271,2810.248,2408.421
2017-05-28 01:04:15.04,-727.762,2810.874,2409.092
2017-05-28 01:04:20.04,-728.041,2810.028,2408.447
2017-05-28 01:04:25.03,-726.779,2810.067,2409.918
2017-05-28 01:04:30.02,-721.705,2812.298,2411.949
2017-05-28 01:04:35.01,-723.788,2810.738,2410.169
2017-05-28 01:04:40.00,-723.212,2812.899,2410.039
2017-05-28 01:04:44.99,-723.787,2815.569,2408.179
2017-05-28 01:04:49.98,-726.109,2812.836,2409.910
2017-05-28 01:04:54.97,-728.183,2810.421,2407.208
2017-05-28 01:04:59.97,-729.563,2811.794,2409.418
2017-05-28 01:05:04.96,-730.005,2812.273,2409.302
2017-05-28 01:05:09.95,-728.787,2812.443,2409.012
2017-05-28 01:05:14.94,-730.410,2810.280,2408.556
2017-05-28 01:05:19.95,-727.640,2810.659,2410.372
2017-05-28 01:05:24.94,-726.260,2808.712,2411.032
2017-05-28 01:05:29.93,-726.891,2809.947,2411.393
2017-05-28 01:05:34.92,-728.130,2808.984,2409.467
2017-05-28 01:05:39.91,-730.169,2808.412,2409.291
2017-05-28 01:05:44.90,-728.096,2809.959,2410.207
2017-05-28 01:05:49.89,-728.374,2810.001,2411.055
2017-05-28 01:05:54.88,-725.443,2811.104,2411.265
2017-05-28 01:05:59.88,-726.235,2812.547,2409.715
2017-05-28 01:06:04.87,-725.702,2811.664,2412.096
2017-05-28 01:06:09.86,-725.976,2814.322,2409.585
2017-05-28 01:06:14.85,-726.512,2814.641,2408.987
2017-05-28 01:06:19.84,-724.316,2815.559,2409.125
2017-05-28 01:06:24.83,-723.698,2812.667,2409.178
2017-05-28 01:06:29.82,-719.716,2814.567,2406.262
2017-05-28 01:06:34.81,-722.713,2813.089,2407.068
2017-05-28 01:06:39.80,-724.136,2812.339,2402.013
2017-05-28 01:06:44.80,-727.016,2813.519,2402.851
2017-05-28 01:06:49.79,-723.388,2815.941,2404.274
2017-05-28 01:06:54.78,-724.537,2812.618,2406.451
2017-05-28 01:06:59.77,-723.196,2814.378,2407.311
2017-05-28 01:07:04.76,-722.324,2816.235,2405.659
2017-05-28 01:07:09.75,-720.498,2816.684,2405.967
2017-05-28 01:07:14.74,-721.532,2816.593,2405.356
2017-05-28 01:07:19.73,-723.391,2815.535,2406.321
2017-05-28 01:07:24.73,-723.922,2815.723,2407.743
2017-05-28 01:07:29.72,-723.431,2813.332,2402.802
2017-05-28 01:07:34.71,-727.832,2810.259,2407.318
2017-05-28 01:07:39.70,-724.354,2809.888,2406.382
2017-05-28 01:07:44.69,-726.711,2810.732,2411.297
2017-05-28 01:07:49.68,-727.412,2812.424,2410.684
2017-05-28 01:07:54.67,-724.263,2811.345,2409.484
2017-05-28 01:07:59.66,-722.668,2813.789,2408.309
2017-05-28 01:08:04.65,-726.364,2813.604,2407.320
2017-05-28 01:08:09.65,-728.491,2809.919,2410.800
2017-05-28 01:08:14.64,-724.007,2811.543,2405.685
2017-05-28 01:08:19.63,-726.397,2809.749,2406.554
2017-05-28 01:08:24.64,-726.683,2810.105,2410.642
2017-05-28 01:08:29.61,-727.238,2809.528,2407.020
2017-05-28 01:08:34.60,-728.144,2809.159,2410.576
2017-05-28 01:08:39.61,-725.191,2811.946,2412.624
2017-05-28 01:08:44.60,-725.506,2811.508,2412.477
2017-05-28 01:08:49.59,-725.210,2810.954,2414.359
2017-05-28 01:08:54.58,-725.262,2809.502,2414.743
2017-05-28 01:08:59.57,-721.090,2810.622,2414.724
2017-05-28 01:09:04.56,-726.055,2810.546,2412.428
2017-05-28 01:09:09.56,-727.415,2810.894,2412.069
2017-05-28 01:09:14.55,-725.681,2812.308,2410.276
2017-05-28 01:09:19.54,-727.276,2811.507,2410.205
2017-05-28 01:09:24.53,-723.889,2811.669,2411.000
2017-05-28 01:09:29.52,-722.512,2813.294,2405.692
2017-05-28 01:09:34.51,-723.412,2814.689,2409.939
2017-05-28 01:09:39.50,-723.370,2812.500,2407.359
2017-05-28 01:09:44.49,-724.465,2812.398,2408.408
2017-05-28 01:09:49.49,-726.401,2813.671,2410.958
2017-05-28 01:09:54.48,-726.358,2810.236,2411.611
2017-05-28 01:09:59.47,-726.347,2810.789,2407.699
2017-05-28 01:10:04.46,-725.517,2812.482,2407.635
2017-05-28 01:10:09.45,-724.892,2811.896,2408.354
2017-05-28 01:10:14.44,-725.563,2812.258,2408.421
2017-05-28 01:10:19.43,-723.777,2813.438,2410.545
2017-05-28 01:10:24.42,-725.907,2810.054,2410.282
2017-05-28 01:10:29.41,-726.514,2810.493,2410.500
2017-05-28 01:10:34.41,-727.504,2812.421,2405.664
2017-05-28 01:10:39.40,-724.685,2813.516,2402.838
2017-05-28 01:10:44.39,-724.447,2813.029,2407.704
2017-05-28 01:10:49.38,-727.348,2811.128,2406.196
2017-05-28 01:10:54.37,-725.756,2811.877,2406.896
2017-05-28 01:10:59.36,-726.358,2811.392,2406.637
2017-05-28 01:11:04.35,-727.022,2811.049,2405.921
2017-05-28 01:11:09.34,-724.025,2813.228,2405.482
2017-05-28 01:11:14.33,-724.486,2811.941,2406.829
2017-05-28 01:11:19.33,-724.306,2811.078,2406.099
2017-05-28 01:11:24.32,-724.312,2809.988,2403.337
2017-05-28 01:11:29.31,-727.234,2808.574,2404.737
2017-05-28 01:11:34.30,-722.648,2812.775,2406.762
2017-05-28 01:11:39.29,-721.806,2812.861,2405.773
2017-05-28 01:11:44.28,-721.984,2812.178,2404.531
2017-05-28 01:11:49.27,-724.657,2814.533,2410.434
2017-05-28 01:11:54.28,-724.053,2811.402,2408.552
2017-05-28 01:11:59.27,-722.138,2813.553,2412.199
2017-05-28 01:12:04.26,-721.587,2813.748,2408.973
2017-05-28 01:12:09.25,-723.132,2813.823,2406.665
2017-05-28 01:12:14.25,-724.128,2811.005,2411.228
2017-05-28 01:12:19.24,-724.123,2811.980,2409.673
2017-05-28 01:12:24.23,-722.106,2814.467,2413.729
2017-05-28 01:12:29.22,-722.933,2814.237,2408.114
2017-05-28 01:12:34.21,-724.491,2812.890,2412.727
2017-05-28 01:12:39.20,-720.468,2812.845,2410.252
2017-05-28 01:12:44.19,-723.442,2813.513,2409.044
2017-05-28 01:12:49.18,-722.715,2813.322,2405.898
2017-05-28 01:12:54.17,-724.178,2811.924,2407.934
2017-05-28 01:12:59.17,-721.850,2812.994,2409.796
2017-05-28 01:13:04.16,-722.009,2812.932,2404.265
2017-05-28 01:13:09.15,-721.071,2811.458,2404.662
2017-05-28 01:13:14.14,-720.927,2812.318,2401.161
2017-05-28 01:13:19.13,-723.124,2810.456,2400.910
2017-05-28 01:13:24.12,-723.283,2810.997,2403.636
2017-05-28 01:13:29.11,-720.549,2812.301,2406.585
2017-05-28 01:13:34.10,-724.548,2812.455,2409.458
2017-05-28 01:13:39.10,-724.495,2812.872,2407.644
2017-05-28 01:13:44.09,-722.362,2813.830,2406.735
2017-05-28 01:13:49.08,-719.848,2814.491,2413.013
2017-05-28 01:13:54.07,-722.659,2813.368,2407.180
2017-05-28 01:13:59.08,-722.488,2811.680,2409.942
2017-05-28 01:14:04.07,-721.563,2813.674,2412.418
2017-05-28 01:14:09.06,-723.739,2814.404,2410.231
2017-05-28 01:14:14.05,-723.220,2816.118,2406.479
2017-05-28 01:14:19.04,-720.365,2814.796,2409.508
2017-05-28 01:14:24.03,-720.231,2812.853,2411.653
2017-05-28 01:14:29.02,-719.023,2811.818,2408.763
2017-05-28 01:14:34.01,-719.732,2814.804,2408.959
2017-05-28 01:14:39.01,-721.758,2814.747,2408.462
2017-05-28 01:14:44.00,-720.628,2815.381,2409.449
2017-05-28 01:14:48.99,-720.459,2818.679,2411.091
2017-05-28 01:14:53.98,-721.482,2817.138,2410.771
2017-05-28 01:14:58.97,-719.726,2815.879,2407.308
2017-05-28 01:15:03.96,-721.006,2814.894,2408.740
2017-05-28 01:15:08.95,-718.553,2815.655,2408.739
2017-05-28 01:15:13.94,-719.608,2814.297,2411.139
2017-05-28 01:15:18.93,-721.336,2813.715,2413.413
2017-05-28 01:15:23.93,-718.688,2812.073,2414.376
2017-05-28 01:15:28.92,-720.734,2813.019,2414.818
2017-05-28 01:15:33.91,-720.163,2816.043,2414.984
2017-05-28 01:15:38.90,-721.340,2814.823,2416.129
2017-05-28 01:15:43.89,-724.252,2811.085,2413.487
2017-05-28 01:15:48.88,-722.144,2815.071,2411.776
2017-05-28 01:15:53.87,-724.048,2812.572,2413.589
2017-05-28 01:15:58.86,-725.955,2814.701,2414.128
2017-05-28 01:16:03.86,-726.983,2811.075,2412.267
2017-05-28 01:16:08.85,-726.279,2813.072,2416.399
2017-05-28 01:16:13.84,-726.084,2813.993,2414.938
2017-05-28 01:16:18.83,-725.206,2814.801,2414.073
2017-05-28 01:16:23.82,-723.172,2815.526,2409.615
2017-05-28 01:16:28.81,-723.365,2815.562,2406.402
2017-05-28 01:16:33.80,-722.659,2813.642,2409.084
2017-05-28 01:16:38.79,-723.692,2814.734,2411.002
2017-05-28 01:16:43.79,-722.403,2815.234,2409.551
2017-05-28 01:16:48.78,-722.499,2815.071,2411.792
2017-05-28 01:16:53.77,-723.391,2813.775,2414.486
2017-05-28 01:16:58.76,-723.471,2815.204,2413.776
2017-05-28 01:17:03.75,-723.381,2815.167,2411.115
2017-05-28 01:17:08.74,-719.464,2815.378,2409.172
2017-05-28 01:17:13.73,-723.308,2813.689,2412.027
2017-05-28 01:17:18.72,-721.189,2813.030,2410.869
2017-05-28 01:17:23.71,-725.402,2813.355,2413.100
2017-05-28 01:17:28.71,-725.683,2813.954,2409.180
2017-05-28 01:17:33.71,-722.258,2814.249,2409.794
2017-05-28 01:17:38.70,-723.059,2814.799,2409.035
2017-05-28 01:17:43.69,-721.298,2815.356,2404.706
2017-05-28 01:17:48.69,-720.858,2814.132,2408.539
2017-05-28 01:17:53.68,-720.449,2816.245,2409.014
2017-05-28 01:17:58.67,-722.542,2816.939,2406.102
2017-05-28 01:18:03.66,-721.684,2816.925,2407.733
2017-05-28 01:18:08.65,-723.328,2816.961,2411.135
2017-05-28 01:18:13.64,-724.871,2816.591,2411.961
2017-05-28 01:18:18.63,-725.052,2816.980,2413.566
2017-05-28 01:18:23.62,-723.719,2816.687,2415.898
2017-05-28 01:18:28.62,-722.054,2815.988,2413.565
2017-05-28 01:18:33.61,-725.005,2816.086,2409.856
2017-05-28 01:18:38.60,-723.711,2817.786,2409.414
2017-05-28 01:18:43.59,-727.501,2817.041,2409.634
2017-05-28 01:18:48.58,-724.023,2816.575,2410.376
2017-05-28 01:18:53.57,-726.176,2814.700,2411.374
2017-05-28 01:18:58.56,-726.922,2814.900,2409.763
2017-05-28 01:19:03.55,-723.241,2815.255,2411.322
2017-05-28 01:19:08.55,-724.905,2812.731,2414.136
2017-05-28 01:19:13.54,-724.112,2815.965,2414.487
2017-05-28 01:19:18.53,-723.141,2816.685,2412.333
2017-05-28 01:19:23.52,-721.418,2813.633,2407.528
2017-05-28 01:19:28.51,-720.371,2815.183,2410.973
2017-05-28 01:19:33.50,-717.902,2815.177,2412.061
2017-05-28 01:19:38.49,-718.754,2813.485,2410.773
2017-05-28 01:19:43.48,-720.981,2814.035,2409.448
2017-05-28 01:19:48.47,-724.153,2814.062,2409.058
2017-05-28 01:19:53.47,-724.928,2814.036,2414.142
2017-05-28 01:19:58.46,-723.752,2816.068,2415.128
2017-05-28 01:20:03.45,-724.621,2813.713,2412.169
2017-05-28 01:20:08.44,-725.914,2815.795,2408.124
2017-05-28 01:20:13.45,-722.495,2817.145,2409.348
2017-05-28 01:20:18.44,-722.994,2816.372,2409.207
2017-05-28 01:20:23.43,-722.862,2815.358,2411.336
2017-05-28 01:20:28.42,-722.980,2815.308,2413.829
2017-05-28 01:20:33.41,-723.074,2813.951,2411.215
2017-05-28 01:20:38.40,-722.238,2814.842,2411.846
2017-05-28 01:20:43.39,-722.758,2813.591,2413.899
2017-05-28 01:20:48.38,-722.649,2814.872,2410.408
2017-05-28 01:20:53.38,-720.887,2813.755,2411.325
2017-05-28 01:20:58.37,-719.723,2815.598,2412.312
2017-05-28 01:21:03.36,-721.735,2817.896,2412.701
2017-05-28 01:21:08.35,-722.694,2817.336,2407.748
2017-05-28 01:21:13.34,-721.647,2820.371,2408.786
2017-05-28 01:21:18.33,-718.937,2818.257,2407.799
2017-05-28 01:21:23.32,-720.758,2819.134,2415.114
2017-05-28 01:21:28.31,-720.049,2820.573,2411.111
2017-05-28 01:21:33.31,-715.061,2818.974,2410.868
2017-05-28 01:21:38.30,-716.431,2819.069,2411.965
2017-05-28 01:21:43.29,-714.535,2819.786,2412.669
2017-05-28 01:21:48.28,-717.237,2819.967,2410.529
2017-05-28 01:21:53.27,-715.253,2821.669,2412.805
2017-05-28 01:21:58.26,-713.604,2821.845,2413.691
2017-05-28 01:22:03.25,-714.851,2823.595,2414.086
2017-05-28 01:22:08.24,-714.916,2820.386,2416.709
2017-05-28 01:22:13.23,-715.606,2820.112,2414.818
2017-05-28 01:22:18.23,-716.482,2817.856,2414.898
2017-05-28 01:22:23.22,-715.338,2819.854,2414.292
2017-05-28 01:22:28.21,-715.750,2822.373,2414.559
2017-05-28 01:22:33.20,-717.298,2820.680,2410.617
2017-05-28 01:22:38.19,-717.304,2816.722,2410.011
2017-05-28 01:22:43.18,-714.088,2819.217,2413.566
2017-05-28 01:22:48.17,-711.933,2818.623,2409.356
2017-05-28 01:22:53.18,-712.796,2816.918,2411.742
2017-05-28 01:22:58.17,-712.016,2818.482,2410.432
2017-05-28 01:23:03.16,-715.694,2819.608,2412.542
2017-05-28 01:23:08.15,-710.577,2818.942,2408.558
2017-05-28 01:23:13.14,-710.316,2820.671,2408.143
2017-05-28 01:23:18.14,-709.465,2819.717,2408.293
2017-05-28 01:23:23.13,-710.588,2819.591,2404.978
2017-05-28 01:23:28.12,-712.024,2819.759,2408.962
2017-05-28 01:23:33.11,-711.999,2818.630,2409.085
2017-05-28 01:23:38.10,-710.749,2815.312,2405.161
2017-05-28 01:23:43.09,-714.121,2815.545,2405.303
2017-05-28 01:23:48.08,-713.728,2818.118,2407.438
2017-05-28 01:23:53.07,-713.994,2819.832,2406.592
2017-05-28 01:23:58.07,-716.995,2818.351,2406.004
2017-05-28 01:24:03.06,-720.172,2817.350,2406.976
2017-05-28 01:24:08.05,-715.735,2819.896,2406.606
2017-05-28 01:24:13.04,-720.401,2816.880,2406.417
2017-05-28 01:24:18.03,-718.402,2817.858,2405.066
2017-05-28 01:24:23.02,-715.707,2820.628,2401.925
2017-05-28 01:24:28.01,-714.368,2818.448,2401.608
2017-05-28 01:24:33.00,-716.134,2819.519,2405.482
2017-05-28 01:24:37.99,-712.317,2820.865,2408.267
2017-05-28 01:24:42.99,-716.294,2819.562,2407.848
2017-05-28 01:24:47.98,-711.941,2821.187,2406.116
2017-05-28 01:24:52.97,-713.603,2821.449,2401.218
2017-05-28 01:24:57.96,-711.532,2821.462,2403.362
2017-05-28 01:25:02.95,-716.341,2821.252,2397.965
2017-05-28 01:25:07.94,-718.557,2819.094,2398.285
2017-05-28 01:25:12.93,-716.447,2819.092,2403.211
2017-05-28 01:25:17.92,-716.838,2817.939,2408.809
2017-05-28 01:25:22.91,-714.182,2818.998,2407.509
2017-05-28 01:25:27.91,-713.316,2819.611,2406.701
2017-05-28 01:25:32.90,-712.035,2820.089,2410.114
2017-05-28 01:25:37.89,-713.928,2817.673,2402.551
2017-05-28 01:25:42.88,-711.864,2819.515,2402.439
2017-05-28 01:25:47.87,-716.468,2818.821,2401.233
2017-05-28 01:25:52.86,-712.929,2820.168,2404.796
2017-05-28 01:25:57.85,-711.778,2817.945,2406.333
2017-05-28 01:26:02.84,-712.621,2819.379,2404.140
2017-05-28 01:26:07.84,-714.731,2817.646,2406.185
2017-05-28 01:26:12.83,-713.945,2817.238,2406.858
2017-05-28 01:26:17.82,-712.382,2815.743,2404.119
2017-05-28 01:26:22.81,-710.692,2818.026,2403.566
2017-05-28 01:26:27.80,-715.139,2817.781,2402.391
2017-05-28 01:26:32.79,-714.745,2818.740,2403.745
2017-05-28 01:26:37.80,-712.898,2818.530,2407.645
2017-05-28 01:26:42.79,-715.254,2815.815,2405.765
2017-05-28 01:26:47.78,-711.772,2819.598,2404.529
2017-05-28 01:26:52.77,-712.482,2819.070,2405.535
2017-05-28 01:26:57.76,-709.755,2820.135,2406.448
2017-05-28 01:27:02.75,-710.029,2821.919,2407.049
2017-05-28 01:27:07.75,-711.908,2821.794,2406.868
2017-05-28 01:27:12.74,-708.800,2819.634,2410.005
2017-05-28 01:27:17.73,-711.272,2820.033,2410.326
2017-05-28 01:27:22.72,-707.530,2819.192,2409.142
2017-05-28 01:27:27.71,-710.090,2818.630,2406.222
2017-05-28 01:27:32.70,-710.421,2817.721,2408.274
2017-05-28 01:27:37.69,-709.482,2819.318,2408.376
2017-05-28 01:27:42.68,-707.344,2819.548,2408.481
2017-05-28 01:27:47.67,-709.774,2820.738,2407.109
2017-05-28 01:27:52.67,-709.298,2817.143,2405.727
2017-05-28 01:27:57.66,-708.076,2820.363,2407.178
2017-05-28 01:28:02.65,-708.985,2820.202,2408.371
2017-05-28 01:28:07.64,-710.096,2817.309,2405.081
2017-05-28 01:28:12.63,-708.869,2818.480,2405.184
2017-05-28 01:28:17.62,-706.956,2821.122,2408.029
2017-05-28 01:28:22.61,-710.054,2820.635,2406.894
2017-05-28 01:28:27.60,-709.298,2820.958,2407.987
2017-05-28 01:28:32.59,-709.220,2820.349,2409.670
2017-05-28 01:28:37.59,-708.185,2822.262,2408.444
2017-05-28 01:28:42.58,-708.818,2820.350,2404.614
2017-05-28 01:28:47.57,-708.172,2821.839,2407.297
2017-05-28 01:28:52.56,-707.575,2823.306,2411.645
2017-05-28 01:28:57.55,-709.735,2822.455,2405.250
2017-05-28 01:29:02.54,-705.475,2823.417,2406.942
2017-05-28 01:29:07.53,-705.222,2822.993,2408.452
2017-05-28 01:29:12.52,-704.091,2823.208,2405.202
2017-05-28 01:29:17.51,-704.769,2820.496,2406.506
2017-05-28 01:29:22.52,-702.924,2821.192,2406.554
2017-05-28 01:29:27.51,-703.722,2824.776,2405.098
2017-05-28 01:29:32.50,-700.552,2823.631,2404.235
2017-05-28 01:29:37.49,-698.841,2823.937,2403.765
2017-05-28 01:29:42.49,-699.756,2823.500,2403.522
2017-05-28 01:29:47.48,-702.149,2822.396,2404.784
2017-05-28 01:29:52.47,-705.375,2822.161,2405.672
2017-05-28 01:29:57.46,-707.035,2823.642,2404.428
2017-05-28 01:30:02.45,-706.446,2822.883,2404.599
2017-05-28 01:30:07.44,-709.058,2819.674,2404.989
2017-05-28 01:30:12.43,-706.524,2820.823,2404.744
2017-05-28 01:30:17.42,-704.901,2821.230,2406.966
2017-05-28 01:30:22.42,-704.171,2820.939,2407.517
2017-05-28 01:30:27.41,-709.182,2818.309,2403.653
2017-05-28 01:30:32.40,-700.324,2822.377,2403.392
2017-05-28 01:30:37.39,-701.854,2821.265,2406.143
2017-05-28 01:30:42.38,-704.082,2821.708,2402.908
2017-05-28 01:30:47.37,-705.657,2820.882,2405.665
2017-05-28 01:30:52.36,-704.299,2821.565,2408.694
2017-05-28 01:30:57.35,-703.600,2822.378,2410.800
2017-05-28 01:31:02.34,-704.174,2822.572,2410.860
2017-05-28 01:31:07.34,-703.653,2823.937,2407.892
2017-05-28 01:31:12.33,-700.216,2822.859,2405.447
2017-05-28 01:31:17.32,-700.216,2822.418,2403.526
2017-05-28 01:31:22.31,-701.077,2820.930,2403.412
2017-05-28 01:31:27.30,-701.688,2821.251,2402.835
2017-05-28 01:31:32.29,-700.421,2820.147,2400.885
2017-05-28 01:31:37.28,-699.874,2824.000,2402.782
2017-05-28 01:31:42.27,-701.316,2822.859,2405.079
2017-05-28 01:31:47.26,-697.938,2825.974,2402.409
2017-05-28 01:31:52.25,-695.181,2828.208,2403.146
2017-05-28 01:31:57.25,-694.891,2828.435,2397.439
2017-05-28 01:32:02.24,-695.808,2827.843,2401.397
2017-05-28 01:32:07.23,-697.557,2827.657,2397.902
2017-05-28 01:32:12.22,-698.638,2827.472,2396.401
2017-05-28 01:32:17.21,-696.872,2828.857,2398.541
2017-05-28 01:32:22.20,-699.755,2826.932,2400.194
2017-05-28 01:32:27.19,-700.275,2826.227,2403.460
2017-05-28 01:32:32.20,-695.032,2826.447,2407.213
2017-05-28 01:32:37.19,-696.476,2827.198,2405.131
2017-05-28 01:32:42.18,-697.042,2829.949,2404.271
2017-05-28 01:32:47.17,-695.215,2829.585,2403.720
2017-05-28 01:32:52.16,-693.492,2826.167,2401.700
2017-05-28 01:32:57.16,-694.114,2826.746,2400.272
2017-05-28 01:33:02.15,-692.549,2827.296,2402.188
2017-05-28 01:33:07.14,-692.930,2825.511,2400.536
2017-05-28 01:33:12.13,-692.156,2826.412,2402.012
2017-05-28 01:33:17.12,-691.115,2825.671,2397.487
2017-05-28 01:33:22.11,-692.548,2829.149,2395.762
2017-05-28 01:33:27.10,-692.628,2828.584,2395.168
2017-05-28 01:33:32.09,-691.475,2827.528,2394.941
2017-05-28 01:33:37.08,-692.469,2827.709,2397.452
2017-05-28 01:33:42.08,-689.668,2826.867,2399.329
2017-05-28 01:33:47.07,-687.342,2827.294,2397.131
2017-05-28 01:33:52.06,-686.843,2828.979,2395.728
2017-05-28 01:33:57.05,-683.741,2828.751,2397.232
2017-05-28 01:34:02.04,-687.374,2826.020,2399.391
2017-05-28 01:34:07.03,-703.129,2820.427,2399.325
2017-05-28 01:34:12.02,-704.385,2819.052,2401.165
2017-05-28 01:34:17.01,-699.329,2821.893,2403.071
2017-05-28 01:34:22.00,-693.894,2823.188,2401.289
2017-05-28 01:34:27.00,-693.875,2825.088,2402.389
2017-05-28 01:34:31.99,-689.055,2826.542,2401.592
2017-05-28 01:34:36.98,-684.600,2828.234,2402.029
2017-05-28 01:34:41.97,-683.374,2827.076,2402.434
2017-05-28 01:34:46.96,-688.234,2828.028,2398.118
2017-05-28 01:34:51.95,-688.758,2829.802,2398.708
2017-05-28 01:34:56.94,-687.554,2833.105,2401.861
2017-05-28 01:35:01.93,-685.712,2830.610,2400.954
2017-05-28 01:35:06.92,-683.814,2831.335,2401.882
2017-05-28 01:35:11.92,-681.813,2832.289,2399.022
2017-05-28 01:35:16.92,-686.129,2833.356,2398.209
2017-05-28 01:35:21.91,-684.938,2833.527,2398.185
2017-05-28 01:35:26.91,-685.464,2834.458,2401.200
2017-05-28 01:35:31.90,-685.665,2832.212,2404.149
2017-05-28 01:35:36.89,-687.352,2832.000,2402.454
2017-05-28 01:35:41.88,-686.527,2829.649,2404.025
2017-05-28 01:35:46.87,-683.911,2832.224,2401.093
2017-05-28 01:35:51.86,-682.276,2834.598,2397.528
2017-05-28 01:35:56.85,-679.885,2831.678,2399.524
2017-05-28 01:36:01.84,-680.586,2830.744,2402.490
2017-05-28 01:36:06.83,-678.545,2831.668,2400.842
2017-05-28 01:36:11.82,-678.564,2830.395,2399.872
2017-05-28 01:36:16.82,-680.571,2832.007,2399.043
2017-05-28 01:36:21.81,-686.646,2829.199,2401.913
2017-05-28 01:36:26.80,-686.887,2828.127,2403.821
2017-05-28 01:36:31.79,-685.256,2831.570,2403.662
2017-05-28 01:36:36.78,-685.504,2830.719,2399.848
2017-05-28 01:36:41.77,-683.244,2830.679,2399.180
2017-05-28 01:36:46.76,-684.658,2829.089,2403.151
2017-05-28 01:36:51.75,-680.962,2830.198,2401.902
2017-05-28 01:36:56.74,-683.011,2831.781,2399.265
2017-05-28 01:37:01.74,-684.475,2830.845,2400.716
2017-05-28 01:37:06.73,-684.392,2830.557,2403.962
2017-05-28 01:37:11.72,-686.541,2830.360,2402.688
2017-05-28 01:37:16.71,-686.834,2830.872,2405.517
2017-05-28 01:37:21.70,-686.322,2832.020,2403.941
2017-05-28 01:37:26.69,-684.638,2831.194,2405.965
2017-05-28 01:37:31.68,-686.400,2830.642,2405.743
2017-05-28 01:37:36.67,-688.706,2830.556,2404.875
2017-05-28 01:37:41.67,-686.243,2830.539,2405.383
2017-05-28 01:37:46.66,-686.641,2831.273,2401.954
2017-05-28 01:37:51.65,-686.398,2829.975,2398.730
2017-05-28 01:37:56.64,-682.949,2830.428,2402.387
2017-05-28 01:38:01.63,-685.213,2831.162,2404.776
2017-05-28 01:38:06.62,-683.587,2829.924,2403.646
2017-05-28 01:38:11.63,-686.294,2828.497,2401.006
2017-05-28 01:38:16.62,-682.519,2827.684,2403.209
2017-05-28 01:38:21.61,-681.456,2827.755,2402.951
2017-05-28 01:38:26.60,-688.140,2826.916,2404.999
2017-05-28 01:38:31.59,-684.546,2829.854,2402.842
2017-05-28 01:38:36.58,-683.461,2826.968,2407.796
2017-05-28 01:38:41.57,-682.395,2826.512,2400.671
2017-05-28 01:38:46.57,-684.719,2828.528,2403.422
2017-05-28 01:38:51.56,-686.434,2828.461,2402.395
2017-05-28 01:38:56.55,-687.331,2830.213,2405.053
2017-05-28 01:39:01.54,-685.213,2829.800,2402.398
2017-05-28 01:39:06.53,-686.925,2828.412,2403.208
2017-05-28 01:39:11.52,-686.470,2827.306,2403.835
2017-05-28 01:39:16.51,-676.664,2832.031,2402.641
2017-05-28 01:39:21.50,-678.185,2832.114,2404.351
2017-05-28 01:39:26.50,-682.042,2832.076,2404.174
2017-05-28 01:39:31.49,-683.439,2830.451,2404.841
2017-05-28 01:39:36.48,-681.932,2830.688,2408.719
2017-05-28 01:39:41.47,-682.512,2830.555,2407.383
2017-05-28 01:39:46.46,-680.085,2828.753,2407.498
2017-05-28 01:39:51.45,-680.718,2829.246,2407.497
2017-05-28 01:39:56.44,-682.626,2827.342,2406.549
2017-05-28 01:40:01.43,-682.374,2828.072,2407.318
2017-05-28 01:40:06.42,-684.394,2828.455,2409.512
2017-05-28 01:40:11.42,-683.242,2828.624,2405.781
2017-05-28 01:40:16.41,-684.865,2828.605,2405.825
2017-05-28 01:40:21.40,-684.401,2829.731,2407.277
2017-05-28 01:40:26.39,-686.720,2830.345,2411.486
2017-05-28 01:40:31.38,-682.070,2831.698,2408.847
2017-05-28 01:40:36.37,-685.007,2830.254,2410.013
2017-05-28 01:40:41.36,-686.670,2826.091,2409.035
2017-05-28 01:40:46.35,-679.386,2829.567,2410.229
2017-05-28 01:40:51.34,-682.758,2830.621,2406.561
2017-05-28 01:40:56.34,-682.373,2831.776,2409.020
2017-05-28 01:41:01.33,-682.069,2829.536,2410.714
2017-05-28 01:41:06.32,-683.315,2830.370,2407.148
2017-05-28 01:41:11.31,-684.348,2828.526,2410.706
2017-05-28 01:41:16.30,-682.184,2827.891,2411.457
2017-05-28 01:41:21.29,-681.257,2830.552,2413.154
2017-05-28 01:41:26.30,-682.741,2827.525,2408.715
2017-05-28 01:41:31.29,-689.164,2826.714,2413.782
2017-05-28 01:41:36.28,-674.538,2829.408,2408.684
2017-05-28 01:41:41.27,-678.997,2830.821,2412.006
2017-05-28 01:41:46.26,-680.742,2831.182,2410.114
2017-05-28 01:41:51.25,-682.021,2832.115,2408.849
2017-05-28 01:41:56.25,-679.529,2831.940,2407.236
2017-05-28 01:42:01.24,-679.959,2831.970,2409.701
2017-05-28 01:42:06.23,-682.216,2831.642,2412.553
2017-05-28 01:42:11.22,-682.410,2832.239,2411.833
2017-05-28 01:42:16.21,-681.454,2831.681,2410.869
2017-05-28 01:42:21.20,-681.645,2830.268,2408.430
2017-05-28 01:42:26.19,-683.927,2827.805,2410.279
2017-05-28 01:42:31.18,-683.963,2826.891,2406.485
2017-05-28 01:42:36.17,-681.812,2829.658,2407.608
2017-05-28 01:42:41.17,-679.059,2829.226,2407.135
2017-05-28 01:42:46.16,-680.343,2828.698,2407.195
2017-05-28 01:42:51.15,-681.247,2828.227,2410.785
2017-05-28 01:42:56.14,-677.617,2828.549,2406.364
2017-05-28 01:43:01.13,-674.012,2832.707,2406.502
2017-05-28 01:43:06.12,-675.934,2831.399,2408.427
2017-05-28 01:43:11.11,-676.276,2833.961,2409.846
2017-05-28 01:43:16.10,-675.786,2832.561,2409.005
2017-05-28 01:43:21.10,-671.701,2830.030,2412.239
2017-05-28 01:43:26.09,-674.074,2831.174,2410.790
2017-05-28 01:43:31.08,-673.842,2833.355,2411.882
2017-05-28 01:43:36.07,-673.093,2833.338,2410.589
2017-05-28 01:43:41.06,-671.855,2834.694,2408.479
2017-05-28 01:43:46.07,-670.560,2833.931,2411.023
2017-05-28 01:43:51.06,-669.974,2832.086,2406.386
2017-05-28 01:43:56.05,-669.775,2830.788,2404.112
2017-05-28 01:44:01.04,-668.904,2832.557,2403.727
2017-05-28 01:44:06.03,-666.184,2833.250,2406.215
2017-05-28 01:44:11.02,-666.416,2831.203,2404.621
2017-05-28 01:44:16.01,-669.719,2830.331,2404.952
2017-05-28 01:44:21.01,-668.132,2832.227,2401.507
2017-05-28 01:44:26.00,-666.921,2834.285,2402.709
2017-05-28 01:44:30.99,-673.522,2833.018,2406.026
2017-05-28 01:44:35.98,-672.298,2834.230,2404.544
2017-05-28 01:44:40.97,-673.497,2833.406,2404.382
2017-05-28 01:44:45.96,-669.879,2831.901,2405.822
2017-05-28 01:44:50.95,-668.785,2831.522,2407.416
2017-05-28 01:44:55.94,-669.311,2828.382,2407.447
2017-05-28 01:45:00.93,-670.163,2830.492,2406.601
2017-05-28 01:45:05.93,-670.140,2832.542,2405.678
2017-05-28 01:45:10.92,-670.095,2830.330,2404.774
2017-05-28 01:45:15.91,-671.952,2831.128,2403.836
2017-05-28 01:45:20.90,-671.706,2834.276,2404.343
2017-05-28 01:45:25.89,-670.628,2834.122,2407.441
2017-05-28 01:45:30.88,-669.918,2833.259,2406.604
2017-05-28 01:45:35.87,-668.995,2834.843,2409.609
2017-05-28 01:45:40.86,-668.916,2833.301,2404.652
2017-05-28 01:45:45.85,-669.920,2831.751,2407.589
2017-05-28 01:45:50.85,-670.275,2831.855,2410.412
2017-05-28 01:45:55.84,-666.492,2832.296,2409.572
2017-05-28 01:46:00.83,-668.662,2833.826,2410.010
2017-05-28 01:46:05.82,-669.467,2832.424,2411.514
2017-05-28 01:46:10.81,-669.480,2829.529,2411.308
2017-05-28 01:46:15.80,-667.784,2832.481,2409.820
2017-05-28 01:46:20.79,-668.264,2834.689,2408.769
2017-05-28 01:46:25.78,-668.744,2834.392,2406.696
2017-05-28 01:46:30.77,-663.221,2833.768,2409.344
2017-05-28 01:46:35.77,-665.999,2833.190,2412.442
2017-05-28 01:46:40.76,-670.604,2832.459,2407.598
2017-05-28 01:46:45.75,-670.948,2832.278,2408.068
2017-05-28 01:46:50.74,-670.606,2833.159,2408.886
2017-05-28 01:46:55.73,-670.074,2832.834,2407.252
2017-05-28 01:47:00.72,-668.683,2831.821,2408.370
2017-05-28 01:47:05.73,-669.646,2831.695,2410.504
2017-05-28 01:47:10.72,-669.560,2831.538,2410.672
2017-05-28 01:47:15.71,-669.231,2830.782,2408.894
2017-05-28 01:47:20.70,-672.645,2832.230,2407.821
2017-05-28 01:47:25.69,-670.749,2832.678,2405.463
2017-05-28 01:47:30.68,-670.269,2832.616,2408.620
2017-05-28 01:47:35.68,-670.756,2835.591,2406.760
2017-05-28 01:47:40.67,-670.748,2835.518,2404.385
2017-05-28 01:47:45.66,-672.339,2832.950,2408.269
2017-05-28 01:47:50.65,-673.550,2833.078,2405.401
2017-05-28 01:47:55.64,-676.133,2832.022,2407.724
2017-05-28 01:48:00.63,-676.231,2831.950,2409.656
2017-05-28 01:48:05.62,-675.646,2831.032,2408.991
2017-05-28 01:48:10.61,-673.814,2833.517,2407.758
2017-05-28 01:48:15.60,-675.912,2834.410,2408.931
2017-05-28 01:48:20.60,-675.105,2833.036,2412.952
2017-05-28 01:48:25.59,-672.752,2832.145,2412.240
2017-05-28 01:48:30.58,-676.433,2831.625,2411.492
2017-05-28 01:48:35.57,-670.859,2833.625,2411.375
2017-05-28 01:48:40.56,-674.539,2834.783,2408.965
2017-05-28 01:48:45.55,-674.679,2832.904,2405.652
2017-05-28 01:48:50.54,-673.451,2832.664,2411.798
2017-05-28 01:48:55.53,-669.915,2835.540,2409.454
2017-05-28 01:49:00.53,-670.807,2831.840,2410.319
2017-05-28 01:49:05.52,-669.493,2833.168,2412.358
2017-05-28 01:49:10.51,-670.462,2832.042,2406.515
2017-05-28 01:49:15.50,-669.661,2831.846,2409.793
2017-05-28 01:49:20.49,-672.941,2832.726,2410.753
2017-05-28 01:49:25.48,-671.799,2832.511,2409.539
2017-05-28 01:49:30.47,-678.902,2829.910,2409.029
2017-05-28 01:49:35.46,-676.439,2829.588,2408.865
2017-05-28 01:49:40.45,-671.677,2831.930,2412.647
2017-05-28 01:49:45.46,-671.988,2828.385,2410.509
2017-05-28 01:49:50.45,-669.522,2829.130,2414.792
2017-05-28 01:49:55.44,-670.556,2831.181,2415.927
2017-05-28 01:50:00.43,-670.956,2832.053,2415.961
2017-05-28 01:50:05.43,-670.877,2831.131,2415.892
2017-05-28 01:50:10.42,-672.041,2832.328,2413.221
2017-05-28 01:50:15.41,-672.992,2831.977,2413.000
2017-05-28 01:50:20.40,-671.278,2832.254,2414.855
2017-05-28 01:50:25.39,-671.412,2831.203,2415.947
2017-05-28 01:50:30.38,-673.171,2829.555,2408.915
2017-05-28 01:50:35.37,-672.807,2832.273,2407.447
2017-05-28 01:50:40.36,-670.379,2832.177,2411.034
2017-05-28 01:50:45.36,-671.850,2831.974,2411.714
2017-05-28 01:50:50.35,-671.667,2833.895,2413.930
2017-05-28 01:50:55.34,-673.931,2831.727,2412.955
2017-05-28 01:51:00.33,-674.475,2828.980,2408.063
2017-05-28 01:51:05.32,-672.720,2829.682,2408.142
2017-05-28 01:51:10.31,-670.903,2831.487,2406.328
2017-05-28 01:51:15.30,-669.862,2830.693,2402.731
2017-05-28 01:51:20.29,-669.612,2831.218,2408.177
2017-05-28 01:51:25.29,-669.546,2831.705,2405.379
2017-05-28 01:51:30.28,-666.572,2834.158,2406.306
2017-05-28 01:51:35.27,-666.194,2837.085,2407.954
2017-05-28 01:51:40.26,-668.186,2838.624,2405.692
2017-05-28 01:51:45.25,-667.138,2837.508,2406.677
2017-05-28 01:51:50.24,-672.017,2833.852,2407.536
2017-05-28 01:51:55.23,-669.301,2832.661,2409.033
2017-05-28 01:52:00.22,-667.456,2834.810,2411.303
2017-05-28 01:52:05.21,-667.914,2834.755,2411.570
2017-05-28 01:52:10.21,-668.416,2835.300,2406.319
2017-05-28 01:52:15.20,-665.792,2834.796,2407.961
2017-05-28 01:52:20.19,-664.501,2834.915,2410.068
2017-05-28 01:52:25.18,-667.019,2835.151,2409.096
2017-05-28 01:52:30.17,-666.247,2834.477,2408.129
2017-05-28 01:52:35.16,-663.987,2833.563,2408.603
2017-05-28 01:52:40.15,-665.598,2834.232,2407.103
2017-05-28 01:52:45.14,-663.135,2833.402,2409.429
2017-05-28 01:52:50.13,-662.336,2833.776,2413.132
2017-05-28 01:52:55.13,-660.359,2837.253,2411.642
2017-05-28 01:53:00.12,-662.151,2837.594,2413.914
2017-05-28 01:53:05.11,-659.207,2838.884,2408.396
2017-05-28 01:53:10.10,-662.928,2835.963,2408.287
2017-05-28 01:53:15.09,-662.574,2836.606,2411.447
2017-05-28 01:53:20.08,-662.082,2834.868,2410.235
2017-05-28 01:53:25.07,-661.966,2835.890,2412.222
2017-05-28 01:53:30.06,-666.118,2837.957,2411.069
2017-05-28 01:53:35.05,-668.883,2836.189,2412.198
2017-05-28 01:53:40.05,-666.492,2835.230,2412.293
2017-05-28 01:53:45.05,-664.846,2836.921,2406.836
2017-05-28 01:53:50.04,-662.994,2836.288,2408.241
2017-05-28 01:53:55.04,-662.080,2836.208,2408.362
2017-05-28 01:54:00.03,-662.851,2836.581,2407.878
2017-05-28 01:54:05.02,-664.613,2837.664,2408.324
2017-05-28 01:54:10.01,-664.096,2837.135,2407.253
2017-05-28 01:54:15.00,-661.519,2838.548,2408.797
2017-05-28 01:54:19.99,-662.577,2835.723,2407.831
2017-05-28 01:54:24.98,-663.528,2838.270,2409.134
2017-05-28 01:54:29.97,-661.849,2839.390,2406.447
2017-05-28 01:54:34.96,-661.694,2838.014,2410.142
2017-05-28 01:54:39.96,-663.216,2836.689,2414.447
2017-05-28 01:54:44.95,-659.309,2837.732,2412.385
2017-05-28 01:54:49.94,-662.361,2835.508,2409.836
2017-05-28 01:54:54.93,-663.346,2833.839,2414.972
2017-05-28 01:54:59.92,-664.499,2834.064,2413.791
2017-05-28 01:55:04.91,-661.252,2836.073,2411.972
2017-05-28 01:55:09.90,-660.619,2837.385,2412.856
2017-05-28 01:55:14.89,-661.501,2834.995,2412.401
2017-05-28 01:55:19.88,-658.579,2835.858,2413.559
2017-05-28 01:55:24.88,-661.741,2834.601,2415.662
2017-05-28 01:55:29.87,-664.124,2835.024,2409.788
2017-05-28 01:55:34.86,-663.618,2837.125,2407.195
2017-05-28 01:55:39.85,-667.109,2834.463,2411.455
2017-05-28 01:55:44.84,-666.801,2836.551,2413.613
2017-05-28 01:55:49.83,-664.804,2835.526,2408.591
2017-05-28 01:55:54.82,-664.243,2834.577,2410.127
2017-05-28 01:55:59.81,-666.272,2835.385,2409.553
2017-05-28 01:56:04.81,-667.148,2835.663,2405.185
2017-05-28 01:56:09.80,-665.905,2836.556,2408.260
2017-05-28 01:56:14.79,-666.027,2836.447,2404.656
2017-05-28 01:56:19.78,-667.489,2837.408,2405.755
2017-05-28 01:56:24.77,-665.119,2838.605,2406.861
2017-05-28 01:56:29.76,-662.155,2840.447,2408.976
2017-05-28 01:56:34.75,-663.913,2839.992,2409.535
2017-05-28 01:56:39.74,-665.384,2835.945,2405.206
2017-05-28 01:56:44.74,-663.786,2838.482,2406.965
2017-05-28 01:56:49.73,-669.574,2835.983,2408.990
2017-05-28 01:56:54.72,-668.889,2833.828,2407.806
2017-05-28 01:56:59.71,-668.249,2835.961,2405.864
2017-05-28 01:57:04.70,-665.564,2834.960,2409.086
2017-05-28 01:57:09.69,-660.170,2835.491,2409.162
2017-05-28 01:57:14.68,-663.691,2833.167,2411.656
2017-05-28 01:57:19.67,-664.761,2834.609,2410.879
2017-05-28 01:57:24.66,-665.995,2835.675,2406.254
2017-05-28 01:57:29.66,-665.738,2835.122,2411.321
2017-05-28 01:57:34.65,-669.857,2834.025,2412.520
2017-05-28 01:57:39.65,-669.834,2835.642,2411.762
2017-05-28 01:57:44.64,-668.174,2834.801,2410.664
2017-05-28 01:57:49.64,-667.281,2835.483,2413.333
2017-05-28 01:57:54.63,-667.705,2834.631,2414.754
2017-05-28 01:57:59.62,-664.042,2835.132,2411.995
2017-05-28 01:58:04.61,-664.576,2834.912,2408.036
2017-05-28 01:58:09.60,-667.119,2834.370,2409.008
2017-05-28 01:58:14.59,-666.159,2835.258,2411.336
2017-05-28 01:58:19.58,-665.266,2834.637,2412.102
2017-05-28 01:58:24.57,-666.860,2834.654,2411.489
2017-05-28 01:58:29.57,-667.459,2835.868,2408.734
2017-05-28 01:58:34.56,-668.347,2835.397,2407.385
2017-05-28 01:58:39.55,-667.526,2836.089,2408.197
2017-05-28 01:58:44.54,-667.426,2834.025,2405.115
2017-05-28 01:58:49.53,-668.906,2834.950,2408.616
2017-05-28 01:58:54.52,-664.252,2837.584,2410.181
2017-05-28 01:58:59.51,-664.074,2839.605,2410.561
2017-05-28 01:59:04.50,-663.463,2839.591,2410.948
2017-05-28 01:59:09.49,-665.396,2838.757,2410.492
2017-05-28 01:59:14.49,-663.399,2837.797,2409.574
2017-05-28 01:59:19.48,-662.319,2837.964,2410.003
2017-05-28 01:59:24.47,-663.677,2837.516,2410.704
2017-05-28 01:59:29.46,-662.639,2837.557,2412.010
2017-05-28 01:59:34.45,-661.697,2839.281,2409.886
2017-05-28 01:59:39.44,-659.396,2839.270,2408.195
2017-05-28 01:59:44.43,-660.916,2838.958,2403.530
2017-05-28 01:59:49.42,-662.765,2834.862,2405.058
2017-05-28 01:59:54.41,-663.242,2836.226,2405.482
2017-05-28 01:59:59.41,-661.471,2835.472,2406.523
2017-05-28 02:00:04.40,-664.329,2834.553,2408.448
2017-05-28 02:00:09.39,-665.890,2834.690,2405.003
2017-05-28 02:00:14.38,-667.983,2837.980,2407.209
2017-05-28 02:00:19.37,-665.442,2836.268,2407.755
2017-05-28 02:00:24.36,-665.593,2838.277,2404.388
2017-05-28 02:00:29.35,-668.158,2836.352,2407.968
2017-05-28 02:00:34.34,-664.378,2835.444,2406.975
2017-05-28 02:00:39.34,-667.364,2833.788,2408.131
2017-05-28 02:00:44.33,-666.537,2833.064,2408.339
2017-05-28 02:00:49.32,-668.221,2834.270,2405.853
2017-05-28 02:00:54.31,-669.304,2834.678,2405.068
2017-05-28 02:00:59.30,-669.896,2832.258,2408.454
2017-05-28 02:01:04.31,-669.027,2830.195,2409.521
2017-05-28 02:01:09.30,-668.566,2830.366,2409.475
2017-05-28 02:01:14.29,-666.400,2831.305,2409.212
2017-05-28 02:01:19.28,-665.984,2831.040,2404.740
2017-05-28 02:01:24.27,-663.833,2833.146,2409.666
2017-05-28 02:01:29.26,-661.136,2834.712,2410.452
2017-05-28 02:01:34.25,-659.976,2835.230,2410.959
2017-05-28 02:01:39.25,-664.357,2835.279,2409.561
2017-05-28 02:01:44.24,-664.095,2835.449,2410.158
2017-05-28 02:01:49.23,-662.913,2835.192,2414.420
2017-05-28 02:01:54.22,-664.140,2837.787,2414.095
2017-05-28 02:01:59.21,-662.445,2837.083,2413.331
2017-05-28 02:02:04.20,-663.505,2837.581,2412.593
2017-05-28 02:02:09.19,-662.776,2839.695,2411.811
2017-05-28 02:02:14.18,-662.163,2839.265,2406.638
2017-05-28 02:02:19.17,-663.047,2838.043,2407.078
2017-05-28 02:02:24.17,-656.653,2838.445,2411.788
2017-05-28 02:02:29.16,-665.540,2834.874,2412.381
2017-05-28 02:02:34.15,-663.049,2835.784,2408.990
2017-05-28 02:02:39.14,-665.588,2835.169,2409.108
2017-05-28 02:02:44.13,-665.153,2835.770,2407.611
2017-05-28 02:02:49.12,-664.582,2836.345,2407.093
2017-05-28 02:02:54.11,-662.492,2835.678,2412.047
2017-05-28 02:02:59.10,-665.906,2838.727,2414.048
2017-05-28 02:03:04.10,-667.471,2836.892,2413.701
2017-05-28 02:03:09.09,-667.758,2837.629,2415.347
2017-05-28 02:03:14.08,-665.155,2838.828,2419.923
2017-05-28 02:03:19.07,-670.526,2835.371,2416.416
2017-05-28 02:03:24.06,-668.186,2833.941,2420.395
2017-05-28 02:03:29.05,-668.151,2835.154,2417.422
2017-05-28 02:03:34.04,-668.494,2835.978,2417.292
2017-05-28 02:03:39.03,-665.514,2835.257,2414.818
2017-05-28 02:03:44.03,-665.057,2833.299,2416.818
2017-05-28 02:03:49.02,-662.849,2836.873,2417.094
2017-05-28 02:03:54.01,-662.453,2839.364,2415.988
2017-05-28 02:03:59.00,-661.938,2837.211,2416.532
2017-05-28 02:04:03.99,-660.991,2836.718,2417.081
2017-05-28 02:04:08.98,-658.694,2837.145,2412.505
2017-05-28 02:04:13.97,-660.052,2836.642,2411.862
2017-05-28 02:04:18.96,-661.976,2836.504,2411.541
2017-05-28 02:04:23.96,-663.724,2836.050,2411.968
2017-05-28 02:04:28.95,-661.424,2835.287,2413.618
2017-05-28 02:04:33.94,-661.635,2832.939,2413.306
2017-05-28 02:04:38.93,-662.731,2832.305,2412.264
2017-05-28 02:04:43.92,-660.814,2833.255,2409.921
2017-05-28 02:04:48.91,-661.855,2834.503,2411.469
2017-05-28 02:04:53.90,-662.198,2835.326,2410.770
2017-05-28 02:04:58.89,-661.434,2833.418,2411.692
2017-05-28 02:05:03.89,-661.539,2834.442,2410.897
2017-05-28 02:05:08.88,-660.236,2834.855,2413.005
2017-05-28 02:05:13.87,-659.431,2834.309,2412.578
2017-05-28 02:05:18.86,-658.701,2832.938,2412.721
2017-05-28 02:05:23.87,-664.049,2830.765,2416.782
2017-05-28 02:05:28.86,-663.422,2833.374,2414.009
2017-05-28 02:05:33.85,-662.455,2832.531,2411.908
2017-05-28 02:05:38.84,-665.622,2833.328,2414.975
2017-05-28 02:05:43.83,-663.506,2836.556,2415.129
2017-05-28 02:05:48.82,-667.388,2834.000,2409.263
2017-05-28 02:05:53.81,-668.136,2832.599,2411.386
2017-05-28 02:05:58.80,-664.126,2832.200,2410.315
2017-05-28 02:06:03.80,-664.854,2832.295,2414.539
2017-05-28 02:06:08.79,-665.531,2830.570,2412.665
2017-05-28 02:06:13.78,-663.561,2832.302,2416.976
2017-05-28 02:06:18.77,-664.508,2831.585,2413.929
2017-05-28 02:06:23.76,-667.383,2832.434,2413.276
2017-05-28 02:06:28.75,-668.448,2832.381,2413.711
2017-05-28 02:06:33.74,-666.779,2830.861,2415.395
2017-05-28 02:06:38.73,-666.540,2833.023,2414.583
2017-05-28 02:06:43.73,-666.892,2832.399,2414.134
2017-05-28 02:06:48.72,-669.449,2831.007,2414.880
2017-05-28 02:06:53.71,-668.747,2831.562,2415.473
2017-05-28 02:06:58.70,-666.875,2833.151,2412.078
2017-05-28 02:07:03.69,-666.939,2832.129,2407.635
2017-05-28 02:07:08.68,-667.355,2829.197,2409.500
2017-05-28 02:07:13.67,-668.997,2828.701,2411.175
2017-05-28 02:07:18.66,-670.612,2830.092,2411.719
2017-05-28 02:07:23.66,-669.932,2831.070,2415.528
2017-05-28 02:07:28.65,-670.622,2831.425,2411.880
2017-05-28 02:07:33.64,-672.501,2830.312,2410.621
2017-05-28 02:07:38.63,-673.020,2830.412,2409.382
2017-05-28 02:07:43.62,-673.096,2832.815,2414.937
2017-05-28 02:07:48.61,-670.442,2832.589,2411.980
2017-05-28 02:07:53.60,-671.338,2832.283,2414.293
2017-05-28 02:07:58.59,-671.694,2831.006,2412.848
2017-05-28 02:08:03.59,-674.171,2831.168,2413.831
2017-05-28 02:08:08.58,-671.943,2834.031,2413.148
2017-05-28 02:08:13.57,-672.132,2832.455,2412.300
2017-05-28 02:08:18.56,-672.261,2831.715,2414.168
2017-05-28 02:08:23.55,-676.420,2830.165,2411.270
2017-05-28 02:08:28.54,-674.644,2829.044,2414.179
2017-05-28 02:08:33.53,-672.178,2830.888,2414.003
2017-05-28 02:08:38.52,-671.868,2833.925,2415.075
2017-05-28 02:08:43.53,-670.338,2832.547,2411.812
2017-05-28 02:08:48.52,-667.924,2832.068,2414.505
2017-05-28 02:08:53.51,-666.671,2832.996,2412.108
2017-05-28 02:08:58.50,-665.558,2831.995,2412.151
2017-05-28 02:09:03.50,-667.838,2832.542,2410.149
2017-05-28 02:09:08.49,-664.522,2833.451,2410.414
2017-05-28 02:09:13.48,-669.000,2834.089,2411.189
2017-05-28 02:09:18.47,-668.310,2832.529,2408.744
2017-05-28 02:09:23.46,-670.612,2830.811,2411.273
2017-05-28 02:09:28.45,-671.543,2831.098,2410.778
2017-05-28 02:09:33.44,-669.207,2831.832,2408.835
2017-05-28 02:09:38.43,-672.337,2831.490,2408.582
2017-05-28 02:09:43.43,-672.620,2833.676,2404.698
2017-05-28 02:09:48.42,-670.446,2832.584,2409.687
2017-05-28 02:09:53.41,-672.511,2832.327,2407.578
2017-05-28 02:09:58.40,-673.111,2830.268,2410.525
2017-05-28 02:10:03.39,-672.869,2831.359,2409.306
2017-05-28 02:10:08.38,-672.974,2830.633,2410.362
2017-05-28 02:10:13.37,-674.877,2831.551,2408.349
2017-05-28 02:10:18.36,-671.520,2832.935,2407.242
2017-05-28 02:10:23.35,-672.941,2832.829,2405.466
2017-05-28 02:10:28.35,-672.705,2833.692,2409.321
2017-05-28 02:10:33.34,-669.949,2836.959,2409.558
2017-05-28 02:10:38.33,-671.031,2834.825,2412.836
2017-05-28 02:10:43.32,-668.906,2836.798,2411.856
2017-05-28 02:10:48.31,-676.604,2832.960,2411.735
2017-05-28 02:10:53.30,-671.374,2833.895,2412.022
2017-05-28 02:10:58.29,-669.946,2833.934,2412.293
2017-05-28 02:11:03.29,-668.423,2835.045,2412.843
2017-05-28 02:11:08.28,-668.124,2835.220,2412.960
2017-05-28 02:11:13.27,-669.622,2834.179,2412.499
2017-05-28 02:11:18.26,-668.771,2832.856,2417.127
2017-05-28 02:11:23.25,-667.484,2832.803,2417.732
2017-05-28 02:11:28.24,-668.928,2833.221,2415.589
2017-05-28 02:11:33.23,-669.352,2833.281,2415.752
2017-05-28 02:11:38.22,-670.125,2835.338,2416.316
2017-05-28 02:11:43.21,-667.694,2836.561,2413.361
2017-05-28 02:11:48.21,-666.213,2837.459,2416.127
2017-05-28 02:11:53.20,-665.406,2835.948,2411.710
2017-05-28 02:11:58.20,-665.709,2836.370,2410.929
2017-05-28 02:12:03.19,-667.001,2834.905,2412.254
2017-05-28 02:12:08.19,-669.741,2834.503,2413.669
2017-05-28 02:12:13.18,-671.577,2833.730,2414.721
2017-05-28 02:12:18.17,-669.269,2835.013,2411.396
2017-05-28 02:12:23.16,-668.865,2835.666,2416.288
2017-05-28 02:12:28.15,-669.482,2834.311,2415.442
2017-05-28 02:12:33.14,-667.871,2831.923,2414.965
2017-05-28 02:12:38.13,-668.410,2831.189,2414.401
2017-05-28 02:12:43.12,-667.994,2833.861,2416.449
2017-05-28 02:12:48.12,-671.861,2834.327,2417.293
2017-05-28 02:12:53.11,-668.881,2835.615,2414.775
2017-05-28 02:12:58.10,-670.464,2835.107,2417.846
2017-05-28 02:13:03.09,-671.405,2834.945,2413.368
2017-05-28 02:13:08.08,-672.850,2834.305,2410.937
2017-05-28 02:13:13.07,-669.713,2835.784,2413.352
2017-05-28 02:13:18.06,-666.787,2835.967,2415.969
2017-05-28 02:13:23.05,-667.869,2835.347,2411.656
2017-05-28 02:13:28.05,-670.982,2833.313,2415.542
2017-05-28 02:13:33.04,-673.142,2834.899,2411.454
2017-05-28 02:13:38.03,-672.806,2834.901,2412.291
2017-05-28 02:13:43.02,-669.262,2832.467,2414.822
2017-05-28 02:13:48.01,-668.428,2835.675,2417.212
2017-05-28 02:13:53.00,-669.630,2833.146,2419.411
2017-05-28 02:13:57.99,-671.761,2830.528,2418.178
2017-05-28 02:14:02.98,-669.101,2833.465,2419.037
2017-05-28 02:14:07.98,-669.328,2835.757,2421.214
2017-05-28 02:14:12.97,-671.564,2834.456,2416.729
2017-05-28 02:14:17.96,-670.708,2833.246,2416.435
2017-05-28 02:14:22.95,-669.605,2835.020,2417.204
2017-05-28 02:14:27.94,-670.251,2834.291,2419.635
2017-05-28 02:14:32.95,-665.992,2835.578,2414.746
2017-05-28 02:14:37.94,-663.792,2836.447,2415.767
2017-05-28 02:14:42.93,-667.839,2835.655,2411.677
2017-05-28 02:14:47.92,-669.500,2834.397,2413.427
2017-05-28 02:14:52.91,-671.403,2833.898,2414.397
2017-05-28 02:14:57.90,-668.742,2834.338,2417.431
2017-05-28 02:15:02.89,-672.709,2834.907,2416.309
2017-05-28 02:15:07.88,-671.056,2835.343,2410.567
2017-05-28 02:15:12.88,-667.059,2836.103,2411.505
2017-05-28 02:15:17.87,-668.482,2836.219,2414.368
2017-05-28 02:15:22.86,-665.764,2835.541,2416.143
2017-05-28 02:15:27.85,-661.675,2837.276,2414.864
2017-05-28 02:15:32.84,-665.249,2836.076,2413.435
2017-05-28 02:15:37.83,-664.313,2835.110,2413.523
2017-05-28 02:15:42.82,-662.736,2836.343,2415.409
2017-05-28 02:15:47.81,-666.069,2834.238,2413.206
2017-05-28 02:15:52.81,-660.185,2836.936,2412.442
2017-05-28 02:15:57.80,-662.998,2837.280,2412.541
2017-05-28 02:16:02.79,-661.772,2837.532,2410.739
2017-05-28 02:16:07.78,-662.364,2836.959,2409.651
2017-05-28 02:16:12.77,-659.973,2837.807,2409.424
2017-05-28 02:16:17.76,-661.576,2834.775,2411.455
2017-05-28 02:16:22.75,-662.059,2833.067,2411.096
2017-05-28 02:16:27.74,-656.319,2837.375,2410.601
2017-05-28 02:16:32.74,-662.486,2836.092,2413.312
2017-05-28 02:16:37.73,-662.740,2835.553,2413.245
2017-05-28 02:16:42.72,-661.738,2837.375,2413.724
2017-05-28 02:16:47.71,-665.879,2835.770,2411.868
2017-05-28 02:16:52.70,-665.546,2835.079,2412.809
2017-05-28 02:16:57.69,-666.509,2835.339,2412.364
2017-05-28 02:17:02.68,-668.327,2833.965,2411.211
2017-05-28 02:17:07.67,-669.022,2834.136,2412.799
2017-05-28 02:17:12.67,-668.246,2833.486,2414.281
2017-05-28 02:17:17.66,-666.628,2829.792,2412.735
2017-05-28 02:17:22.65,-668.346,2831.975,2413.542
2017-05-28 02:17:27.64,-666.373,2835.043,2410.027
2017-05-28 02:17:32.63,-669.168,2833.765,2413.582
2017-05-28 02:17:37.62,-669.488,2834.613,2415.243
2017-05-28 02:17:42.61,-667.494,2834.352,2412.532
2017-05-28 02:17:47.60,-667.071,2833.348,2408.135
2017-05-28 02:17:52.59,-667.128,2831.189,2410.168
2017-05-28 02:17:57.59,-667.944,2831.086,2408.675
2017-05-28 02:18:02.58,-668.413,2831.348,2412.679
2017-05-28 02:18:07.57,-669.978,2833.478,2415.472
2017-05-28 02:18:12.58,-669.177,2833.285,2410.132
2017-05-28 02:18:17.57,-666.328,2832.816,2413.538
2017-05-28 02:18:22.56,-665.391,2832.609,2414.068
2017-05-28 02:18:27.55,-665.236,2835.046,2412.262
2017-05-28 02:18:32.54,-662.458,2834.802,2412.025
2017-05-28 02:18:37.53,-665.548,2832.848,2409.918
2017-05-28 02:18:42.52,-667.630,2834.051,2413.265
2017-05-28 02:18:47.51,-664.636,2835.224,2413.458
2017-05-28 02:18:52.51,-668.154,2831.297,2410.748
2017-05-28 02:18:57.50,-671.822,2833.652,2411.603
2017-05-28 02:19:02.49,-672.259,2833.750,2414.209
2017-05-28 02:19:07.48,-671.359,2833.694,2414.699
2017-05-28 02:19:12.47,-671.436,2830.931,2415.314
2017-05-28 02:19:17.46,-673.634,2828.978,2418.370
2017-05-28 02:19:22.45,-675.298,2828.691,2418.930
2017-05-28 02:19:27.44,-671.531,2829.615,2422.512
2017-05-28 02:19:32.43,-673.364,2828.115,2421.216
2017-05-28 02:19:37.43,-673.854,2827.350,2421.914
2017-05-28 02:19:42.42,-676.829,2828.944,2418.418
2017-05-28 02:19:47.41,-677.164,2829.221,2415.486
2017-05-28 02:19:52.40,-677.958,2829.028,2419.490
2017-05-28 02:19:57.39,-681.645,2828.239,2417.581
2017-05-28 02:20:02.38,-679.801,2828.854,2416.078
2017-05-28 02:20:07.37,-676.753,2829.650,2415.742
2017-05-28 02:20:12.36,-677.464,2829.197,2416.994
2017-05-28 02:20:17.35,-676.067,2829.096,2412.770
2017-05-28 02:20:22.35,-678.192,2828.347,2410.369
2017-05-28 02:20:27.34,-676.736,2830.365,2415.757
2017-05-28 02:20:32.33,-677.301,2829.346,2413.230
2017-05-28 02:20:37.32,-675.782,2825.937,2412.608
2017-05-28 02:20:42.33,-675.909,2827.578,2415.272
2017-05-28 02:20:47.32,-675.150,2828.382,2416.718
2017-05-28 02:20:52.31,-675.524,2828.352,2416.484
2017-05-28 02:20:57.30,-674.294,2829.371,2419.283
2017-05-28 02:21:02.29,-672.725,2830.032,2415.215
2017-05-28 02:21:07.28,-673.727,2829.546,2413.478
2017-05-28 02:21:12.27,-671.314,2829.539,2417.219
2017-05-28 02:21:17.27,-669.979,2829.100,2417.882
2017-05-28 02:21:22.26,-671.416,2829.475,2417.136
2017-05-28 02:21:27.25,-671.762,2829.093,2417.658
2017-05-28 02:21:32.24,-670.332,2832.076,2413.424
2017-05-28 02:21:37.23,-667.621,2834.490,2411.319
2017-05-28 02:21:42.22,-667.099,2835.083,2409.819
2017-05-28 02:21:47.21,-666.639,2834.665,2412.431
2017-05-28 02:21:52.20,-667.192,2833.224,2410.605
2017-05-28 02:21:57.19,-665.442,2834.614,2410.036
2017-05-28 02:22:02.19,-664.348,2833.132,2411.016
2017-05-28 02:22:07.18,-665.152,2834.227,2410.279
2017-05-28 02:22:12.17,-664.900,2833.961,2411.289
2017-05-28 02:22:17.16,-664.834,2835.912,2410.974
2017-05-28 02:22:22.15,-663.874,2835.016,2414.512
2017-05-28 02:22:27.14,-663.106,2834.913,2411.350
2017-05-28 02:22:32.13,-662.285,2834.522,2414.768
2017-05-28 02:22:37.12,-666.653,2833.622,2415.553
2017-05-28 02:22:42.12,-666.855,2834.868,2416.625
2017-05-28 02:22:47.11,-664.564,2836.530,2411.740
2017-05-28 02:22:52.10,-664.170,2835.941,2407.938
2017-05-28 02:22:57.09,-659.434,2836.639,2409.296
2017-05-28 02:23:02.08,-659.602,2835.693,2411.072
2017-05-28 02:23:07.07,-662.372,2835.649,2410.063
2017-05-28 02:23:12.06,-659.536,2836.355,2408.121
2017-05-28 02:23:17.05,-660.832,2835.583,2406.227
2017-05-28 02:23:22.04,-654.115,2839.768,2410.348
2017-05-28 02:23:27.04,-658.901,2834.886,2410.635
2017-05-28 02:23:32.03,-657.508,2834.811,2411.635
2017-05-28 02:23:37.02,-656.449,2838.405,2410.828
2017-05-28 02:23:42.01,-654.389,2838.839,2411.135
2017-05-28 02:23:47.00,-652.906,2838.522,2411.943
2017-05-28 02:23:51.99,-655.866,2836.367,2407.477
2017-05-28 02:23:56.98,-659.159,2837.959,2409.487
2017-05-28 02:24:01.97,-658.728,2835.145,2407.669
2017-05-28 02:24:06.96,-658.153,2838.195,2408.755
2017-05-28 02:24:11.96,-658.425,2835.875,2405.806
2017-05-28 02:24:16.95,-656.806,2835.418,2409.424
2017-05-28 02:24:21.94,-660.199,2833.997,2411.123
2017-05-28 02:24:26.93,-658.945,2830.970,2413.036
2017-05-28 02:24:31.92,-661.001,2831.364,2414.813
2017-05-28 02:24:36.91,-658.216,2833.529,2411.257
2017-05-28 02:24:41.90,-655.265,2837.172,2405.317
2017-05-28 02:24:46.90,-655.005,2834.980,2410.078
2017-05-28 02:24:51.89,-654.431,2835.878,2412.912
2017-05-28 02:24:56.88,-657.155,2836.773,2412.824
2017-05-28 02:25:01.87,-657.736,2838.798,2418.155
2017-05-28 02:25:06.86,-658.027,2837.010,2413.117
2017-05-28 02:25:11.85,-658.071,2837.151,2409.134
2017-05-28 02:25:16.84,-654.636,2835.516,2410.878
2017-05-28 02:25:21.83,-658.125,2833.363,2409.456
2017-05-28 02:25:26.82,-658.734,2834.595,2411.011
2017-05-28 02:25:31.82,-658.986,2832.270,2412.322
2017-05-28 02:25:36.81,-663.364,2832.711,2415.653
2017-05-28 02:25:41.80,-662.001,2834.017,2416.490
2017-05-28 02:25:46.79,-661.751,2834.691,2416.739
2017-05-28 02:25:51.78,-663.446,2832.632,2418.898
2017-05-28 02:25:56.77,-661.931,2832.306,2419.310
2017-05-28 02:26:01.76,-663.701,2831.007,2416.909
2017-05-28 02:26:06.75,-661.236,2830.467,2416.613
2017-05-28 02:26:11.74,-661.077,2831.752,2415.658
2017-05-28 02:26:16.74,-661.844,2831.737,2413.948
2017-05-28 02:26:21.73,-662.461,2831.803,2414.255
2017-05-28 02:26:26.72,-664.512,2832.266,2412.196
2017-05-28 02:26:31.71,-665.248,2831.066,2409.932
2017-05-28 02:26:36.70,-661.644,2831.759,2410.769
2017-05-28 02:26:41.69,-660.772,2835.025,2420.459
2017-05-28 02:26:46.68,-661.659,2836.275,2415.444
2017-05-28 02:26:51.69,-662.061,2837.338,2414.015
2017-05-28 02:26:56.67,-662.375,2833.211,2411.485
2017-05-28 02:27:01.66,-664.245,2834.490,2412.223
2017-05-28 02:27:06.65,-664.622,2835.439,2412.630
2017-05-28 02:27:11.64,-664.389,2834.622,2414.152
2017-05-28 02:27:16.63,-667.235,2833.525,2413.143
2017-05-28 02:27:21.62,-665.391,2834.961,2413.526
2017-05-28 02:27:26.61,-665.582,2836.803,2414.825
2017-05-28 02:27:31.60,-666.687,2835.614,2414.353
2017-05-28 02:27:36.59,-661.814,2835.730,2414.500
2017-05-28 02:27:41.59,-663.681,2833.040,2414.248
2017-05-28 02:27:46.58,-664.045,2834.773,2414.211
2017-05-28 02:27:51.57,-665.915,2836.084,2410.790
2017-05-28 02:27:56.56,-664.723,2835.607,2408.262
2017-05-28 02:28:01.55,-663.819,2835.374,2411.778
2017-05-28 02:28:06.54,-669.027,2833.631,2415.532
2017-05-28 02:28:11.53,-670.077,2831.163,2417.687
2017-05-28 02:28:16.52,-668.997,2831.388,2418.112
2017-05-28 02:28:21.52,-667.105,2833.507,2416.576
2017-05-28 02:28:26.51,-669.954,2832.870,2414.250
2017-05-28 02:28:31.50,-670.461,2832.916,2416.420
2017-05-28 02:28:36.49,-668.735,2833.971,2420.579
2017-05-28 02:28:41.48,-668.596,2833.406,2419.916
2017-05-28 02:28:46.47,-668.713,2832.479,2418.485
2017-05-28 02:28:51.46,-670.215,2834.168,2416.799
2017-05-28 02:28:56.45,-675.568,2829.922,2414.846
2017-05-28 02:29:01.45,-670.735,2831.531,2413.258
2017-05-28 02:29:06.44,-669.774,2833.596,2415.972
2017-05-28 02:29:11.44,-668.929,2835.389,2418.737
2017-05-28 02:29:16.43,-670.048,2834.072,2412.904
2017-05-28 02:29:21.43,-669.182,2834.689,2411.536
2017-05-28 02:29:26.42,-667.464,2837.102,2415.166
2017-05-28 02:29:31.41,-668.202,2835.664,2416.224
2017-05-28 02:29:36.40,-668.355,2835.649,2414.791
2017-05-28 02:29:41.39,-666.259,2834.740,2414.612
2017-05-28 02:29:46.38,-669.528,2836.248,2413.937
2017-05-28 02:29:51.37,-665.987,2836.543,2415.496
2017-05-28 02:29:56.36,-666.871,2836.872,2414.975
2017-05-28 02:30:01.35,-667.583,2837.614,2417.175
2017-05-28 02:30:06.35,-669.573,2835.090,2416.227
2017-05-28 02:30:11.34,-670.579,2833.662,2415.601
2017-05-28 02:30:16.33,-667.182,2836.778,2408.486
2017-05-28 02:30:21.32,-666.710,2834.712,2411.279
2017-05-28 02:30:26.31,-667.313,2833.586,2411.405
2017-05-28 02:30:31.30,-666.111,2835.063,2410.218
2017-05-28 02:30:36.29,-666.291,2835.636,2412.184
2017-05-28 02:30:41.28,-665.621,2834.974,2416.839
2017-05-28 02:30:46.28,-664.824,2834.775,2418.392
2017-05-28 02:30:51.27,-666.149,2834.134,2411.455
2017-05-28 02:30:56.26,-664.552,2836.027,2410.757
2017-05-28 02:31:01.25,-661.423,2837.520,2414.183
2017-05-28 02:31:06.24,-661.465,2835.626,2415.049
2017-05-28 02:31:11.23,-659.395,2834.696,2413.484
2017-05-28 02:31:16.22,-656.904,2837.894,2412.791
2017-05-28 02:31:21.21,-661.281,2840.147,2410.335
2017-05-28 02:31:26.21,-664.741,2838.300,2409.672
2017-05-28 02:31:31.20,-655.487,2839.758,2414.060
2017-05-28 02:31:36.19,-660.921,2838.932,2410.664
2017-05-28 02:31:41.18,-662.204,2837.914,2412.253
2017-05-28 02:31:46.17,-661.674,2837.992,2416.078
2017-05-28 02:31:51.16,-660.228,2836.101,2416.014
2017-05-28 02:31:56.15,-660.285,2834.591,2414.036
2017-05-28 02:32:01.14,-658.341,2836.279,2413.829
2017-05-28 02:32:06.13,-658.839,2836.802,2412.602
2017-05-28 02:32:11.13,-660.045,2835.934,2414.534
2017-05-28 02:32:16.12,-658.323,2836.918,2418.819
2017-05-28 02:32:21.11,-655.526,2837.029,2416.467
2017-05-28 02:32:26.10,-653.688,2837.982,2414.159
2017-05-28 02:32:31.09,-654.831,2838.513,2414.279
2017-05-28 02:32:36.08,-654.891,2836.714,2413.230
2017-05-28 02:32:41.07,-656.748,2837.290,2415.364
2017-05-28 02:32:46.06,-655.792,2835.593,2415.512
2017-05-28 02:32:51.05,-654.642,2838.291,2416.681
2017-05-28 02:32:56.05,-653.062,2838.951,2413.008
2017-05-28 02:33:01.04,-652.689,2838.568,2410.563
2017-05-28 02:33:06.03,-653.098,2837.827,2409.507
2017-05-28 02:33:11.02,-652.774,2838.752,2410.638
2017-05-28 02:33:16.01,-650.425,2841.190,2410.000
2017-05-28 02:33:21.02,-650.879,2838.426,2414.623
2017-05-28 02:33:26.01,-649.945,2836.170,2416.812
2017-05-28 02:33:31.00,-648.182,2838.339,2416.982
2017-05-28 02:33:35.98,-651.162,2838.178,2414.678
2017-05-28 02:33:40.98,-651.351,2838.221,2412.828
2017-05-28 02:33:45.97,-654.069,2837.384,2410.248
2017-05-28 02:33:50.97,-651.792,2837.196,2409.389
2017-05-28 02:33:55.96,-651.913,2840.272,2410.518
2017-05-28 02:34:00.95,-650.341,2840.801,2411.108
2017-05-28 02:34:05.94,-647.935,2840.141,2411.009
2017-05-28 02:34:10.93,-650.189,2838.836,2412.158
2017-05-28 02:34:15.92,-651.992,2840.331,2409.259
2017-05-28 02:34:20.91,-651.602,2838.116,2409.795
2017-05-28 02:34:25.90,-651.022,2836.786,2414.464
2017-05-28 02:34:30.89,-651.949,2836.635,2413.687
2017-05-28 02:34:35.89,-653.472,2836.802,2412.348
2017-05-28 02:34:40.88,-656.159,2835.646,2414.088
2017-05-28 02:34:45.87,-654.085,2837.078,2415.986
2017-05-28 02:34:50.86,-655.405,2839.328,2417.086
2017-05-28 02:34:55.85,-654.694,2838.854,2416.626
2017-05-28 02:35:00.84,-655.278,2837.073,2414.240
2017-05-28 02:35:05.83,-655.581,2834.962,2412.642
2017-05-28 02:35:10.82,-653.856,2836.345,2417.405
2017-05-28 02:35:15.81,-652.059,2837.061,2414.888
2017-05-28 02:35:20.81,-653.069,2836.457,2415.980
2017-05-28 02:35:25.80,-652.360,2836.760,2413.272
2017-05-28 02:35:30.79,-654.715,2835.902,2415.385
2017-05-28 02:35:35.78,-654.988,2838.510,2413.434
2017-05-28 02:35:40.77,-657.308,2839.342,2414.392
2017-05-28 02:35:45.76,-659.865,2836.386,2415.078
2017-05-28 02:35:50.75,-656.966,2836.096,2413.401
2017-05-28 02:35:55.74,-656.955,2837.926,2412.584
2017-05-28 02:36:00.74,-656.115,2839.163,2417.432
2017-05-28 02:36:05.73,-658.903,2840.821,2412.556
2017-05-28 02:36:10.72,-659.111,2839.606,2412.286
2017-05-28 02:36:15.71,-658.704,2841.544,2412.089
2017-05-28 02:36:20.70,-658.250,2840.692,2409.715
2017-05-28 02:36:25.69,-655.811,2839.413,2412.035
2017-05-28 02:36:30.68,-658.934,2839.555,2413.743
2017-05-28 02:36:35.67,-658.296,2840.067,2414.705
2017-05-28 02:36:40.68,-658.914,2839.795,2412.323
2017-05-28 02:36:45.67,-661.106,2840.381,2414.125
2017-05-28 02:36:50.66,-658.964,2842.278,2411.596
2017-05-28 02:36:55.65,-663.923,2841.056,2413.418
2017-05-28 02:37:00.65,-658.021,2843.729,2411.174
2017-05-28 02:37:05.64,-659.902,2841.158,2413.346
2017-05-28 02:37:10.63,-658.186,2842.156,2410.941
2017-05-28 02:37:15.62,-658.198,2842.409,2416.361
2017-05-28 02:37:20.61,-658.699,2841.871,2413.776
2017-05-28 02:37:25.60,-659.486,2839.691,2411.836
2017-05-28 02:37:30.59,-658.542,2839.404,2412.154
2017-05-28 02:37:35.58,-660.857,2839.802,2414.026
2017-05-28 02:37:40.58,-659.422,2840.457,2414.598
2017-05-28 02:37:45.57,-664.381,2837.957,2411.901
2017-05-28 02:37:50.56,-661.108,2840.112,2412.277
2017-05-28 02:37:55.55,-657.230,2842.355,2412.724
2017-05-28 02:38:00.54,-658.944,2837.677,2411.323
2017-05-28 02:38:05.53,-662.045,2837.939,2412.089
2017-05-28 02:38:10.52,-656.448,2839.177,2411.417
2017-05-28 02:38:15.51,-659.140,2839.460,2412.828
2017-05-28 02:38:20.50,-659.229,2839.707,2414.163
2017-05-28 02:38:25.50,-657.981,2838.528,2416.942
2017-05-28 02:38:30.49,-660.965,2839.350,2418.124
2017-05-28 02:38:35.48,-658.343,2840.006,2414.972
2017-05-28 02:38:40.47,-657.771,2839.635,2414.897
2017-05-28 02:38:45.46,-657.618,2840.663,2417.061
2017-05-28 02:38:50.45,-658.755,2841.072,2414.270
2017-05-28 02:38:55.44,-656.218,2842.934,2411.660
2017-05-28 02:39:00.43,-656.166,2840.404,2410.418
2017-05-28 02:39:05.43,-657.337,2838.619,2409.783
2017-05-28 02:39:10.42,-657.097,2842.553,2412.535
2017-05-28 02:39:15.41,-659.135,2840.457,2415.736
2017-05-28 02:39:20.40,-659.688,2838.643,2414.971
2017-05-28 02:39:25.39,-659.316,2839.536,2412.379
2017-05-28 02:39:30.38,-660.728,2839.208,2414.121
2017-05-28 02:39:35.37,-659.104,2838.242,2416.276
2017-05-28 02:39:40.36,-660.067,2838.044,2420.000
2017-05-28 02:39:45.36,-663.420,2839.619,2415.018
2017-05-28 02:39:50.35,-661.365,2838.321,2416.422
2017-05-28 02:39:55.35,-660.747,2836.685,2413.449
2017-05-28 02:40:00.34,-660.051,2836.532,2417.039
2017-05-28 02:40:05.34,-659.866,2837.125,2416.420
2017-05-28 02:40:10.33,-657.445,2839.979,2410.660
2017-05-28 02:40:15.32,-656.065,2839.010,2410.735
2017-05-28 02:40:20.31,-653.583,2838.575,2411.121
2017-05-28 02:40:25.30,-653.751,2837.332,2411.753
2017-05-28 02:40:30.29,-652.944,2836.591,2413.138
2017-05-28 02:40:35.28,-653.232,2839.551,2410.250
2017-05-28 02:40:40.27,-650.995,2840.505,2413.904
2017-05-28 02:40:45.27,-652.226,2838.336,2414.983
2017-05-28 02:40:50.26,-653.694,2837.111,2415.765
2017-05-28 02:40:55.25,-656.806,2835.452,2417.361
2017-05-28 02:41:00.24,-656.172,2835.304,2414.455
2017-05-28 02:41:05.23,-654.168,2838.977,2413.418
2017-05-28 02:41:10.22,-651.312,2838.835,2414.034
2017-05-28 02:41:15.21,-650.008,2837.793,2411.381
2017-05-28 02:41:20.20,-652.988,2837.280,2412.327
2017-05-28 02:41:25.19,-651.416,2837.492,2417.852
2017-05-28 02:41:30.19,-652.894,2840.102,2417.425
2017-05-28 02:41:35.18,-650.560,2838.475,2417.066
2017-05-28 02:41:40.17,-651.815,2838.814,2413.726
2017-05-28 02:41:45.16,-653.056,2837.626,2414.471
2017-05-28 02:41:50.15,-653.113,2838.835,2415.159
2017-05-28 02:41:55.14,-653.636,2839.222,2415.487
2017-05-28 02:42:00.13,-651.339,2838.212,2414.997
2017-05-28 02:42:05.13,-652.776,2838.329,2415.859
2017-05-28 02:42:10.12,-652.804,2839.412,2413.712
2017-05-28 02:42:15.11,-652.922,2838.606,2415.162
2017-05-28 02:42:20.10,-651.953,2838.138,2415.783
2017-05-28 02:42:25.11,-651.604,2839.944,2412.972
2017-05-28 02:42:30.08,-650.378,2838.704,2415.257
2017-05-28 02:42:35.09,-650.557,2837.230,2415.770
2017-05-28 02:42:40.08,-648.203,2837.181,2414.759
2017-05-28 02:42:45.07,-643.533,2839.709,2416.445
2017-05-28 02:42:50.06,-644.316,2839.720,2413.843
2017-05-28 02:42:55.05,-647.328,2839.730,2417.654
2017-05-28 02:43:00.04,-642.701,2841.468,2416.733
2017-05-28 02:43:05.03,-643.835,2842.823,2416.682
2017-05-28 02:43:10.03,-643.615,2842.147,2417.592
2017-05-28 02:43:15.02,-640.613,2840.865,2417.551
2017-05-28 02:43:20.01,-641.753,2840.964,2416.071
2017-05-28 02:43:25.00,-643.408,2841.177,2413.988
2017-05-28 02:43:29.99,-644.021,2842.634,2413.759
2017-05-28 02:43:34.98,-639.865,2842.862,2412.907
2017-05-28 02:43:39.97,-642.116,2841.641,2411.628
2017-05-28 02:43:44.96,-640.673,2840.220,2413.321
2017-05-28 02:43:49.96,-643.404,2842.799,2411.982
2017-05-28 02:43:54.95,-643.115,2843.445,2414.542
2017-05-28 02:43:59.94,-646.138,2841.936,2413.109
2017-05-28 02:44:04.93,-642.868,2841.109,2414.487
2017-05-28 02:44:09.92,-641.222,2841.139,2417.083
2017-05-28 02:44:14.91,-641.311,2838.338,2415.781
2017-05-28 02:44:19.90,-642.396,2838.485,2415.831
2017-05-28 02:44:24.89,-641.886,2838.963,2415.083
2017-05-28 02:44:29.89,-641.318,2839.050,2413.867
2017-05-28 02:44:34.88,-639.931,2841.918,2414.845
2017-05-28 02:44:39.87,-641.435,2841.371,2415.646
2017-05-28 02:44:44.86,-639.528,2841.742,2415.355
2017-05-28 02:44:49.85,-638.465,2841.464,2416.354
2017-05-28 02:44:54.84,-636.788,2841.690,2415.659
2017-05-28 02:44:59.83,-641.391,2843.773,2417.149
2017-05-28 02:45:04.82,-640.962,2844.429,2413.739
2017-05-28 02:45:09.81,-637.936,2844.258,2417.605
2017-05-28 02:45:14.81,-637.653,2844.579,2414.471
2017-05-28 02:45:19.80,-636.963,2843.575,2415.917
2017-05-28 02:45:24.79,-638.032,2845.419,2416.671
2017-05-28 02:45:29.78,-636.128,2846.325,2415.823
2017-05-28 02:45:34.77,-637.170,2845.844,2415.532
2017-05-28 02:45:39.76,-636.873,2844.450,2417.802
2017-05-28 02:45:44.75,-638.582,2844.596,2419.239
2017-05-28 02:45:49.74,-638.670,2842.644,2417.181
2017-05-28 02:45:54.74,-638.893,2841.799,2414.477
2017-05-28 02:45:59.73,-640.697,2841.699,2414.717
2017-05-28 02:46:04.72,-642.260,2843.128,2410.758
2017-05-28 02:46:09.71,-642.068,2841.252,2409.495
2017-05-28 02:46:14.70,-639.178,2843.156,2416.081
2017-05-28 02:46:19.69,-640.734,2842.798,2415.924
2017-05-28 02:46:24.70,-641.638,2842.635,2415.255
2017-05-28 02:46:29.69,-642.019,2843.669,2412.125
2017-05-28 02:46:34.68,-643.967,2843.888,2413.424
2017-05-28 02:46:39.67,-643.239,2843.416,2417.209
2017-05-28 02:46:44.66,-643.254,2839.655,2412.673
2017-05-28 02:46:49.65,-646.951,2839.326,2417.354
2017-05-28 02:46:54.65,-645.785,2840.738,2419.563
2017-05-28 02:46:59.64,-646.459,2841.155,2416.356
2017-05-28 02:47:04.63,-644.321,2841.572,2415.988
2017-05-28 02:47:09.62,-647.691,2839.435,2416.679
2017-05-28 02:47:14.61,-639.653,2841.394,2413.000
2017-05-28 02:47:19.60,-640.676,2843.467,2415.944
2017-05-28 02:47:24.59,-645.510,2843.993,2415.055
2017-05-28 02:47:29.58,-646.456,2844.095,2415.095
2017-05-28 02:47:34.58,-646.728,2842.301,2414.927
2017-05-28 02:47:39.57,-644.955,2840.523,2412.136
2017-05-28 02:47:44.56,-642.869,2842.127,2414.518
2017-05-28 02:47:49.55,-642.585,2843.112,2414.217
2017-05-28 02:47:54.54,-641.678,2843.554,2413.697
2017-05-28 02:47:59.53,-645.273,2844.541,2412.292
2017-05-28 02:48:04.52,-649.602,2844.383,2410.442
2017-05-28 02:48:09.51,-636.105,2844.516,2415.162
2017-05-28 02:48:14.50,-639.072,2843.409,2415.349
2017-05-28 02:48:19.50,-640.908,2845.225,2419.376
2017-05-28 02:48:24.49,-641.881,2844.987,2417.706
2017-05-28 02:48:29.48,-642.497,2843.514,2418.518
2017-05-28 02:48:34.47,-643.734,2843.752,2418.037
2017-05-28 02:48:39.46,-642.194,2842.391,2418.443
2017-05-28 02:48:44.45,-642.159,2841.562,2420.992
2017-05-28 02:48:49.44,-641.559,2843.717,2417.378
2017-05-28 02:48:54.43,-643.336,2842.238,2413.415
2017-05-28 02:48:59.42,-643.750,2839.129,2417.351
2017-05-28 02:49:04.42,-644.025,2840.614,2416.612
2017-05-28 02:49:09.41,-649.033,2841.475,2416.071
2017-05-28 02:49:14.40,-647.398,2841.455,2416.448
2017-05-28 02:49:19.39,-648.061,2842.106,2417.252
2017-05-28 02:49:24.38,-648.527,2841.506,2416.871
2017-05-28 02:49:29.37,-647.055,2841.049,2419.434
2017-05-28 02:49:34.36,-646.832,2842.401,2414.441
2017-05-28 02:49:39.35,-647.063,2842.575,2415.439
2017-05-28 02:49:44.35,-649.747,2840.595,2416.846
2017-05-28 02:49:49.34,-645.578,2843.026,2419.493
2017-05-28 02:49:54.33,-646.016,2841.234,2417.252
2017-05-28 02:49:59.32,-644.875,2841.390,2415.562
2017-05-28 02:50:04.31,-644.505,2842.699,2416.851
2017-05-28 02:50:09.30,-641.779,2843.997,2412.904
2017-05-28 02:50:14.29,-640.217,2845.151,2411.554
2017-05-28 02:50:19.28,-642.014,2844.101,2414.592
2017-05-28 02:50:24.28,-640.976,2842.695,2417.850
2017-05-28 02:50:29.27,-643.773,2842.149,2419.274
2017-05-28 02:50:34.26,-641.304,2844.843,2417.964
2017-05-28 02:50:39.25,-639.336,2846.943,2415.988
2017-05-28 02:50:44.24,-638.702,2845.421,2418.253
2017-05-28 02:50:49.23,-641.836,2846.071,2421.757
2017-05-28 02:50:54.22,-640.118,2845.439,2425.781
2017-05-28 02:50:59.21,-638.317,2844.575,2422.808
2017-05-28 02:51:04.21,-636.709,2842.599,2418.954
2017-05-28 02:51:09.21,-637.691,2845.848,2417.442
2017-05-28 02:51:14.20,-636.216,2843.624,2415.299
2017-05-28 02:51:19.19,-636.644,2843.948,2413.046
2017-05-28 02:51:24.19,-636.694,2842.758,2415.717
2017-05-28 02:51:29.18,-639.581,2841.908,2415.028
2017-05-28 02:51:34.17,-638.514,2842.472,2412.658
2017-05-28 02:51:39.16,-638.023,2844.003,2415.760
2017-05-28 02:51:44.15,-637.848,2842.734,2415.530
2017-05-28 02:51:49.14,-636.522,2842.520,2418.450
2017-05-28 02:51:54.13,-638.734,2843.396,2418.211
2017-05-28 02:51:59.12,-638.335,2840.019,2415.799
2017-05-28 02:52:04.11,-640.587,2840.185,2414.652
2017-05-28 02:52:09.11,-639.806,2841.591,2418.093
2017-05-28 02:52:14.10,-639.705,2843.446,2417.693
2017-05-28 02:52:19.09,-638.052,2844.772,2414.878
2017-05-28 02:52:24.08,-642.301,2845.139,2414.324
2017-05-28 02:52:29.07,-641.134,2840.514,2412.416
2017-05-28 02:52:34.06,-636.266,2841.685,2411.586
2017-05-28 02:52:39.05,-632.462,2842.613,2411.955
2017-05-28 02:52:44.04,-635.011,2842.262,2411.608
2017-05-28 02:52:49.04,-635.216,2842.715,2413.004
2017-05-28 02:52:54.03,-632.235,2843.181,2413.828
2017-05-28 02:52:59.02,-638.002,2841.242,2414.812
2017-05-28 02:53:04.01,-639.115,2837.433,2414.478
2017-05-28 02:53:09.00,-637.845,2841.208,2411.414
2017-05-28 02:53:13.99,-639.070,2839.487,2415.331
2017-05-28 02:53:18.98,-637.512,2837.522,2414.404
2017-05-28 02:53:23.97,-639.150,2840.068,2411.755
2017-05-28 02:53:28.97,-638.128,2840.132,2411.449
2017-05-28 02:53:33.96,-635.972,2840.281,2413.765
2017-05-28 02:53:38.95,-633.069,2842.628,2416.952
2017-05-28 02:53:43.94,-631.454,2845.072,2415.524
2017-05-28 02:53:48.93,-635.301,2842.748,2414.906
2017-05-28 02:53:53.92,-634.605,2843.111,2413.376
2017-05-28 02:53:58.91,-633.746,2842.884,2414.664
2017-05-28 02:54:03.90,-634.751,2842.412,2413.115
2017-05-28 02:54:08.89,-633.448,2842.135,2412.407
2017-05-28 02:54:13.89,-635.199,2840.427,2410.142
2017-05-28 02:54:18.88,-634.067,2840.758,2414.854
2017-05-28 02:54:23.87,-635.488,2840.482,2411.155
2017-05-28 02:54:28.86,-635.142,2841.989,2413.492
2017-05-28 02:54:33.85,-632.542,2839.936,2411.980
2017-05-28 02:54:38.84,-630.815,2841.518,2411.336
2017-05-28 02:54:43.83,-634.521,2840.932,2411.161
2017-05-28 02:54:48.82,-635.043,2841.323,2410.342
2017-05-28 02:54:53.81,-641.272,2838.079,2416.129
2017-05-28 02:54:58.81,-628.335,2840.744,2412.643
2017-05-28 02:55:03.80,-630.622,2841.476,2413.006
2017-05-28 02:55:08.79,-630.050,2842.959,2410.867
2017-05-28 02:55:13.78,-632.729,2842.266,2418.316
2017-05-28 02:55:18.77,-631.890,2843.687,2412.908
2017-05-28 02:55:23.76,-630.240,2841.650,2410.469
2017-05-28 02:55:28.75,-634.019,2840.097,2411.092
2017-05-28 02:55:33.74,-634.306,2841.517,2410.422
2017-05-28 02:55:38.74,-634.066,2842.279,2412.516
2017-05-28 02:55:43.73,-632.936,2840.645,2414.940
2017-05-28 02:55:48.72,-632.418,2839.410,2412.832
2017-05-28 02:55:53.71,-634.571,2840.629,2409.208
2017-05-28 02:55:58.70,-633.446,2838.010,2414.089
2017-05-28 02:56:03.69,-632.720,2838.381,2413.698
2017-05-28 02:56:08.68,-631.572,2839.977,2414.048
2017-05-28 02:56:13.67,-633.298,2841.372,2415.352
2017-05-28 02:56:18.66,-632.492,2843.029,2414.561
2017-05-28 02:56:23.66,-631.609,2843.755,2413.537
2017-05-28 02:56:28.65,-631.995,2844.604,2413.252
2017-05-28 02:56:33.64,-631.864,2843.267,2416.451
2017-05-28 02:56:38.63,-629.713,2845.756,2416.262
2017-05-28 02:56:43.62,-625.805,2844.367,2416.454
2017-05-28 02:56:48.61,-627.382,2841.811,2418.302
2017-05-28 02:56:53.60,-628.435,2842.121,2414.443
2017-05-28 02:56:58.59,-629.320,2842.864,2410.496
2017-05-28 02:57:03.59,-629.581,2841.943,2415.033
2017-05-28 02:57:08.58,-629.804,2843.189,2415.250
2017-05-28 02:57:13.57,-629.808,2846.254,2415.805
2017-05-28 02:57:18.56,-630.519,2845.928,2415.169
2017-05-28 02:57:23.55,-629.939,2844.894,2419.253
2017-05-28 02:57:28.54,-628.663,2843.648,2416.238
2017-05-28 02:57:33.53,-630.515,2843.154,2417.007
2017-05-28 02:57:38.52,-626.818,2845.906,2417.153
2017-05-28 02:57:43.52,-624.695,2845.262,2417.483
2017-05-28 02:57:48.51,-625.523,2842.665,2421.648
2017-05-28 02:57:53.50,-626.068,2843.114,2423.417
2017-05-28 02:57:58.49,-623.974,2846.500,2419.799
2017-05-28 02:58:03.48,-624.803,2845.526,2415.088
2017-05-28 02:58:08.47,-625.590,2847.346,2414.536
2017-05-28 02:58:13.46,-622.702,2846.292,2414.337
2017-05-28 02:58:18.45,-622.862,2845.875,2415.333
2017-05-28 02:58:23.44,-621.371,2850.439,2413.097
2017-05-28 02:58:28.44,-620.811,2849.931,2412.688
2017-05-28 02:58:33.43,-621.620,2847.952,2413.947
2017-05-28 02:58:38.42,-622.809,2848.845,2412.319
2017-05-28 02:58:43.41,-621.001,2848.367,2413.011
2017-05-28 02:58:48.40,-620.889,2848.639,2413.872
2017-05-28 02:58:53.39,-618.414,2849.072,2413.907
2017-05-28 02:58:58.38,-617.444,2848.195,2414.105
2017-05-28 02:59:03.37,-621.660,2845.852,2413.579
2017-05-28 02:59:08.36,-621.275,2845.831,2414.951
2017-05-28 02:59:13.36,-622.059,2846.986,2413.574
2017-05-28 02:59:18.35,-621.114,2842.682,2414.941
2017-05-28 02:59:23.34,-621.839,2844.042,2419.691
2017-05-28 02:59:28.33,-621.019,2844.341,2418.965
2017-05-28 02:59:33.32,-621.408,2844.548,2418.878
2017-05-28 02:59:38.31,-623.158,2842.860,2419.302
2017-05-28 02:59:43.30,-621.842,2840.495,2417.765
2017-05-28 02:59:48.29,-623.168,2843.520,2415.170
2017-05-28 02:59:53.29,-621.959,2843.816,2417.094
2017-05-28 02:59:58.28,-621.848,2843.968,2415.084
2017-05-28 03:00:03.27,-622.972,2843.177,2416.551
2017-05-28 03:00:08.26,-622.604,2843.685,2414.766
2017-05-28 03:00:13.25,-625.692,2843.262,2418.735
2017-05-28 03:00:18.24,-622.591,2843.393,2415.119
2017-05-28 03:00:23.23,-620.110,2844.941,2414.750
2017-05-28 03:00:28.22,-622.375,2844.575,2417.878
2017-05-28 03:00:33.22,-628.061,2844.089,2417.638
2017-05-28 03:00:38.21,-616.458,2847.370,2419.954
2017-05-28 03:00:43.20,-615.815,2847.274,2417.088
2017-05-28 03:00:48.19,-612.841,2842.705,2417.526
2017-05-28 03:00:53.18,-618.412,2837.276,2415.927
2017-05-28 03:00:58.17,-619.419,2843.708,2415.241
2017-05-28 03:01:03.16,-618.076,2845.259,2413.194
2017-05-28 03:01:08.15,-619.919,2843.602,2413.150
2017-05-28 03:01:13.14,-623.713,2842.797,2414.750
2017-05-28 03:01:18.14,-625.302,2841.338,2417.042
2017-05-28 03:01:23.13,-621.246,2841.564,2414.033
2017-05-28 03:01:28.12,-625.182,2841.064,2414.633
2017-05-28 03:01:33.11,-624.928,2844.317,2417.480
2017-05-28 03:01:38.10,-622.421,2844.333,2413.059
2017-05-28 03:01:43.09,-622.223,2843.634,2408.735
2017-05-28 03:01:48.08,-627.272,2841.308,2407.345
2017-05-28 03:01:53.07,-627.019,2840.721,2412.858
2017-05-28 03:01:58.07,-627.250,2842.285,2410.320
2017-05-28 03:02:03.06,-629.836,2841.517,2405.528
2017-05-28 03:02:08.05,-628.705,2841.891,2406.143
2017-05-28 03:02:13.04,-626.158,2842.448,2408.174
2017-05-28 03:02:18.03,-626.276,2843.082,2412.703
2017-05-28 03:02:23.02,-627.118,2844.672,2411.828
2017-05-28 03:02:28.01,-626.738,2844.416,2411.240
2017-05-28 03:02:33.00,-625.854,2843.589,2411.454
2017-05-28 03:02:37.99,-627.913,2844.502,2413.256
2017-05-28 03:02:42.99,-626.121,2843.471,2410.046
2017-05-28 03:02:47.98,-624.448,2846.409,2408.795
2017-05-28 03:02:52.97,-623.066,2846.654,2411.616
2017-05-28 03:02:57.96,-626.176,2843.826,2407.822
2017-05-28 03:03:02.95,-624.041,2845.778,2411.503
2017-05-28 03:03:07.94,-628.152,2843.755,2413.001
2017-05-28 03:03:12.93,-627.726,2842.468,2412.980
2017-05-28 03:03:17.92,-632.199,2842.306,2413.468
2017-05-28 03:03:22.91,-628.309,2840.564,2413.272
2017-05-28 03:03:27.91,-626.597,2842.113,2410.655
2017-05-28 03:03:32.90,-625.316,2843.520,2408.485
2017-05-28 03:03:37.90,-628.509,2843.074,2408.057
2017-05-28 03:03:42.90,-627.977,2842.433,2410.828
2017-05-28 03:03:47.89,-625.918,2845.120,2410.982
2017-05-28 03:03:52.88,-630.486,2841.051,2408.611
2017-05-28 03:03:57.87,-627.491,2841.648,2409.311
2017-05-28 03:04:02.86,-627.095,2842.002,2410.133
2017-05-28 03:04:07.85,-628.941,2842.469,2414.258
2017-05-28 03:04:12.84,-629.860,2841.965,2411.513
2017-05-28 03:04:17.83,-628.331,2839.990,2410.467
2017-05-28 03:04:22.83,-628.136,2841.017,2412.247
2017-05-28 03:04:27.82,-628.835,2839.240,2407.148
2017-05-28 03:04:32.81,-629.339,2842.915,2410.092
2017-05-28 03:04:37.80,-629.045,2843.380,2411.437
2017-05-28 03:04:42.79,-628.561,2844.597,2410.471
2017-05-28 03:04:47.78,-626.275,2844.867,2409.655
2017-05-28 03:04:52.77,-627.238,2843.773,2414.112
2017-05-28 03:04:57.76,-629.326,2840.738,2416.303
2017-05-28 03:05:02.75,-626.042,2843.809,2411.194
2017-05-28 03:05:07.75,-624.958,2842.239,2415.714
2017-05-28 03:05:12.74,-622.288,2843.894,2412.633
2017-05-28 03:05:17.73,-623.091,2842.577,2409.993
2017-05-28 03:05:22.72,-621.578,2840.814,2413.268
2017-05-28 03:05:27.71,-622.843,2843.281,2415.764
2017-05-28 03:05:32.70,-625.082,2843.074,2414.272
2017-05-28 03:05:37.69,-624.215,2842.843,2415.186
2017-05-28 03:05:42.68,-625.434,2843.384,2414.024
2017-05-28 03:05:47.67,-624.548,2845.435,2412.734
2017-05-28 03:05:52.67,-625.126,2843.325,2413.782
2017-05-28 03:05:57.66,-627.702,2844.138,2415.715
2017-05-28 03:06:02.65,-627.433,2842.784,2412.651
2017-05-28 03:06:07.64,-628.574,2843.350,2413.465
2017-05-28 03:06:12.63,-628.272,2842.641,2410.521
2017-05-28 03:06:17.62,-627.163,2843.084,2408.074
2017-05-28 03:06:22.61,-628.002,2843.133,2409.732
2017-05-28 03:06:27.61,-626.588,2844.245,2413.967
2017-05-28 03:06:32.60,-626.777,2843.029,2414.989
2017-05-28 03:06:37.59,-628.552,2843.013,2414.008
2017-05-28 03:06:42.58,-627.726,2843.039,2412.916
2017-05-28 03:06:47.57,-627.694,2842.642,2413.502
2017-05-28 03:06:52.56,-627.242,2842.160,2410.663
2017-05-28 03:06:57.55,-627.386,2845.229,2413.527
2017-05-28 03:07:02.54,-628.723,2844.458,2408.906
2017-05-28 03:07:07.53,-627.861,2844.892,2415.141
2017-05-28 03:07:12.53,-628.156,2844.439,2413.248
2017-05-28 03:07:17.52,-629.124,2845.405,2413.924
2017-05-28 03:07:22.51,-629.484,2844.868,2411.221
2017-05-28 03:07:27.50,-627.299,2845.628,2411.453
2017-05-28 03:07:32.49,-629.696,2843.244,2412.313
2017-05-28 03:07:37.48,-628.229,2843.091,2413.072
2017-05-28 03:07:42.47,-629.049,2844.814,2411.857
2017-05-28 03:07:47.46,-630.035,2842.415,2413.727
2017-05-28 03:07:52.45,-630.192,2842.188,2418.858
2017-05-28 03:07:57.45,-628.392,2841.728,2415.267
2017-05-28 03:08:02.44,-628.055,2840.516,2416.312
2017-05-28 03:08:07.43,-630.568,2840.510,2414.570
2017-05-28 03:08:12.42,-632.176,2840.257,2414.429
2017-05-28 03:08:17.41,-631.788,2843.592,2417.015
2017-05-28 03:08:22.39,-629.091,2844.696,2411.601
2017-05-28 03:08:27.38,-624.738,2844.513,2411.022
2017-05-28 03:08:32.37,-626.375,2842.885,2408.973
2017-05-28 03:08:37.36,-628.294,2842.010,2409.510
2017-05-28 03:08:42.35,-625.977,2841.540,2409.900
2017-05-28 03:08:47.34,-628.618,2842.313,2411.010
2017-05-28 03:08:52.33,-625.719,2845.337,2409.196
2017-05-28 03:08:57.32,-626.612,2847.619,2411.097
2017-05-28 03:09:02.32,-625.824,2846.928,2411.372
2017-05-28 03:09:07.31,-626.402,2847.500,2409.521
2017-05-28 03:09:12.30,-626.329,2844.003,2407.911
2017-05-28 03:09:17.29,-629.428,2844.126,2404.356
2017-05-28 03:09:22.28,-625.619,2843.441,2406.862
2017-05-28 03:09:27.27,-627.349,2842.234,2407.621
2017-05-28 03:09:32.26,-626.848,2843.333,2412.918
2017-05-28 03:09:37.25,-627.076,2843.055,2409.381
2017-05-28 03:09:42.24,-624.400,2843.985,2411.644
2017-05-28 03:09:47.24,-621.661,2843.734,2411.239
2017-05-28 03:09:52.23,-625.456,2844.449,2409.700
2017-05-28 03:09:57.22,-624.895,2843.333,2409.035
2017-05-28 03:10:02.21,-626.326,2842.634,2410.480
2017-05-28 03:10:07.20,-627.040,2843.419,2408.989
2017-05-28 03:10:12.19,-627.189,2841.971,2411.325
2017-05-28 03:10:17.18,-627.091,2843.238,2409.172
2017-05-28 03:10:22.17,-628.364,2842.442,2410.705
2017-05-28 03:10:27.16,-629.109,2841.097,2415.571
2017-05-28 03:10:32.16,-629.260,2842.014,2414.933
2017-05-28 03:10:37.15,-628.672,2841.707,2412.875
2017-05-28 03:10:42.14,-631.881,2840.076,2414.036
2017-05-28 03:10:47.13,-633.501,2841.717,2413.906
2017-05-28 03:10:52.12,-629.061,2839.958,2415.541
2017-05-28 03:10:57.11,-629.851,2842.625,2415.139
2017-05-28 03:11:02.10,-630.636,2840.388,2413.869
2017-05-28 03:11:07.09,-629.568,2840.510,2417.159
2017-05-28 03:11:12.09,-630.269,2841.727,2416.719
2017-05-28 03:11:17.08,-630.087,2840.866,2415.051
2017-05-28 03:11:22.07,-626.931,2842.552,2414.409
2017-05-28 03:11:27.06,-626.601,2843.328,2414.020
2017-05-28 03:11:32.05,-626.764,2840.843,2413.554
2017-05-28 03:11:37.04,-626.818,2841.700,2414.579
2017-05-28 03:11:42.03,-626.263,2844.891,2413.062
2017-05-28 03:11:47.02,-626.947,2841.589,2412.919
2017-05-28 03:11:52.02,-624.462,2840.975,2416.168
2017-05-28 03:11:57.01,-625.332,2841.785,2413.841
2017-05-28 03:12:02.00,-625.828,2843.480,2415.402
2017-05-28 03:12:06.99,-625.679,2844.633,2418.311
2017-05-28 03:12:11.98,-618.122,2844.679,2418.999
2017-05-28 03:12:16.97,-621.046,2843.979,2417.776
2017-05-28 03:12:21.96,-623.279,2846.784,2412.511
2017-05-28 03:12:26.95,-630.728,2840.924,2407.225
2017-05-28 03:12:31.94,-611.164,2845.147,2406.553
2017-05-28 03:12:36.94,-617.409,2843.243,2409.135
2017-05-28 03:12:41.93,-617.626,2842.815,2409.187
2017-05-28 03:12:46.92,-616.753,2845.262,2411.135
2017-05-28 03:12:51.91,-616.177,2845.373,2411.169
2017-05-28 03:12:56.90,-621.305,2845.685,2410.240
2017-05-28 03:13:01.89,-621.162,2845.898,2412.979
2017-05-28 03:13:06.88,-623.699,2846.307,2410.712
2017-05-28 03:13:11.87,-624.752,2844.435,2415.071
2017-05-28 03:13:16.86,-622.228,2844.060,2414.300
2017-05-28 03:13:21.86,-621.684,2844.281,2413.200
2017-05-28 03:13:26.85,-622.554,2846.115,2414.361
2017-05-28 03:13:31.84,-623.629,2846.025,2413.253
2017-05-28 03:13:36.83,-623.350,2849.394,2415.300
2017-05-28 03:13:41.82,-624.673,2846.316,2414.364
2017-05-28 03:13:46.81,-621.988,2846.099,2416.962
2017-05-28 03:13:51.80,-622.349,2848.918,2416.155
2017-05-28 03:13:56.79,-622.618,2848.000,2417.173
2017-05-28 03:14:01.80,-626.502,2847.402,2418.783
2017-05-28 03:14:06.79,-626.786,2847.093,2420.298
2017-05-28 03:14:11.78,-629.252,2847.743,2418.168
2017-05-28 03:14:16.77,-626.062,2846.369,2418.068
2017-05-28 03:14:21.77,-626.061,2844.230,2416.538
2017-05-28 03:14:26.76,-624.876,2843.895,2419.250
2017-05-28 03:14:31.75,-625.415,2843.941,2416.083
2017-05-28 03:14:36.74,-624.982,2842.835,2412.475
2017-05-28 03:14:41.73,-624.342,2841.556,2411.750
2017-05-28 03:14:46.72,-622.572,2842.166,2410.619
2017-05-28 03:14:51.71,-621.680,2844.871,2412.636
2017-05-28 03:14:56.70,-626.376,2845.118,2412.579
2017-05-28 03:15:01.69,-627.074,2845.283,2412.842
2017-05-28 03:15:06.67,-626.522,2845.878,2412.168
2017-05-28 03:15:11.66,-627.212,2844.085,2411.381
2017-05-28 03:15:16.65,-625.551,2842.275,2410.545
2017-05-28 03:15:21.66,-625.638,2842.938,2414.848
2017-05-28 03:15:26.65,-625.716,2844.728,2412.273
2017-05-28 03:15:31.64,-625.559,2842.671,2410.811
2017-05-28 03:15:36.63,-625.418,2842.327,2412.078
2017-05-28 03:15:41.62,-619.059,2842.032,2410.987
2017-05-28 03:15:46.61,-612.523,2843.729,2409.962
2017-05-28 03:15:51.61,-618.451,2843.260,2407.159
2017-05-28 03:15:56.60,-613.472,2847.125,2409.700
2017-05-28 03:16:01.59,-618.915,2846.222,2414.003
2017-05-28 03:16:06.58,-615.749,2845.382,2412.232
2017-05-28 03:16:11.57,-618.091,2844.668,2411.847
2017-05-28 03:16:16.56,-623.283,2843.747,2410.545
2017-05-28 03:16:21.55,-623.184,2845.813,2409.888
2017-05-28 03:16:26.54,-621.641,2846.374,2409.998
2017-05-28 03:16:31.53,-623.715,2843.080,2414.222
2017-05-28 03:16:36.53,-623.011,2844.675,2413.010
2017-05-28 03:16:41.52,-625.548,2844.526,2415.712
2017-05-28 03:16:46.51,-628.924,2842.451,2414.605
2017-05-28 03:16:51.50,-629.162,2841.091,2412.188
2017-05-28 03:16:56.49,-629.829,2838.920,2411.379
2017-05-28 03:17:01.48,-626.359,2841.760,2410.202
2017-05-28 03:17:06.47,-631.558,2843.409,2412.788
2017-05-28 03:17:11.46,-629.442,2845.234,2411.063
2017-05-28 03:17:16.46,-630.192,2844.624,2412.492
2017-05-28 03:17:21.45,-626.359,2844.518,2410.500
2017-05-28 03:17:26.44,-623.987,2845.126,2410.504
2017-05-28 03:17:31.43,-621.512,2846.069,2409.485
2017-05-28 03:17:36.42,-619.186,2845.407,2406.471
2017-05-28 03:17:41.41,-616.167,2848.071,2409.466
2017-05-28 03:17:46.40,-614.163,2846.500,2409.140
2017-05-28 03:17:51.38,-613.876,2845.318,2411.090
2017-05-28 03:17:56.37,-619.137,2847.298,2412.374
2017-05-28 03:18:01.36,-613.739,2850.674,2408.584
2017-05-28 03:18:06.35,-614.467,2848.376,2412.477
2017-05-28 03:18:11.34,-613.288,2850.028,2411.955
2017-05-28 03:18:16.33,-611.705,2849.391,2407.685
2017-05-28 03:18:21.33,-610.929,2848.266,2404.932
2017-05-28 03:18:26.32,-606.564,2849.906,2406.819
2017-05-28 03:18:31.31,-604.748,2849.766,2410.184
2017-05-28 03:18:36.30,-605.066,2849.937,2410.854
2017-05-28 03:18:41.29,-599.319,2850.715,2410.573
2017-05-28 03:18:46.28,-596.325,2849.772,2410.678
2017-05-28 03:18:51.27,-596.122,2850.886,2407.166
2017-05-28 03:18:56.26,-590.242,2849.565,2408.478
2017-05-28 03:19:01.25,-584.078,2848.546,2411.306
2017-05-28 03:19:06.25,-580.504,2850.284,2412.773
2017-05-28 03:19:11.24,-578.128,2851.510,2409.007
2017-05-28 03:19:16.23,-578.114,2850.918,2408.616
2017-05-28 03:19:21.22,-576.701,2851.814,2411.331
2017-05-28 03:19:26.21,-572.150,2853.924,2411.388
2017-05-28 03:19:31.18,-569.742,2853.062,2412.760
2017-05-28 03:19:36.18,-569.246,2854.971,2412.337
2017-05-28 03:19:41.17,-565.664,2855.395,2408.750
2017-05-28 03:19:46.16,-562.789,2853.578,2408.622
2017-05-28 03:19:51.15,-560.625,2855.114,2407.985
2017-05-28 03:19:56.14,-555.274,2852.661,2410.129
2017-05-28 03:20:01.13,-550.285,2854.710,2411.049
2017-05-28 03:20:06.12,-549.255,2856.367,2413.665
2017-05-28 03:20:11.11,-541.854,2857.599,2415.121
2017-05-28 03:20:16.11,-542.114,2856.657,2412.358
2017-05-28 03:20:21.10,-536.966,2855.198,2411.792
2017-05-28 03:20:26.09,-540.629,2855.849,2414.339
2017-05-28 03:20:31.08,-539.315,2856.445,2413.188
2017-05-28 03:20:36.07,-535.878,2857.121,2412.156
2017-05-28 03:20:41.06,-533.134,2857.934,2414.379
2017-05-28 03:20:46.05,-533.019,2860.297,2410.977
2017-05-28 03:20:51.04,-532.796,2859.340,2412.878
2017-05-28 03:20:56.03,-528.110,2856.939,2415.621
2017-05-28 03:21:01.03,-528.983,2857.131,2418.940
2017-05-28 03:21:06.02,-526.001,2856.659,2413.265
2017-05-28 03:21:11.01,-525.828,2857.566,2410.058
2017-05-28 03:21:16.00,-518.530,2855.906,2407.854
2017-05-28 03:21:20.99,-525.015,2858.477,2411.425
2017-05-28 03:21:25.97,-519.878,2857.098,2413.288
2017-05-28 03:21:30.96,-517.856,2855.547,2409.743
2017-05-28 03:21:35.95,-514.293,2856.047,2410.441
2017-05-28 03:21:40.94,-511.766,2857.099,2410.016
2017-05-28 03:21:45.93,-511.719,2855.129,2406.870
2017-05-28 03:21:50.92,-511.994,2857.345,2409.723
2017-05-28 03:21:55.91,-514.926,2857.168,2407.911
2017-05-28 03:22:00.90,-516.215,2858.693,2405.814
2017-05-28 03:22:05.90,-519.512,2858.572,2406.921
2017-05-28 03:22:10.89,-517.538,2859.025,2409.571
2017-05-28 03:22:15.88,-519.146,2857.711,2410.615
2017-05-28 03:22:20.87,-519.518,2855.856,2408.990
2017-05-28 03:22:25.86,-519.488,2859.552,2409.429
2017-05-28 03:22:30.85,-515.229,2857.837,2409.083
2017-05-28 03:22:35.84,-513.050,2854.427,2410.227
2017-05-28 03:22:40.83,-511.095,2855.319,2410.706
2017-05-28 03:22:45.82,-512.652,2855.975,2409.659
2017-05-28 03:22:50.82,-511.767,2859.238,2413.220
2017-05-28 03:22:55.81,-512.512,2858.490,2412.695
2017-05-28 03:23:00.80,-512.010,2856.378,2413.458
2017-05-28 03:23:05.79,-510.055,2858.633,2413.141
2017-05-28 03:23:10.78,-508.912,2856.876,2413.553
2017-05-28 03:23:15.77,-508.606,2858.496,2407.846
2017-05-28 03:23:20.76,-511.564,2857.691,2407.188
2017-05-28 03:23:25.75,-513.441,2859.461,2410.542
2017-05-28 03:23:30.74,-512.598,2859.309,2414.098
2017-05-28 03:23:35.74,-512.602,2857.494,2416.922
2017-05-28 03:23:40.73,-516.619,2856.498,2412.572
2017-05-28 03:23:45.70,-511.994,2858.186,2415.128
2017-05-28 03:23:50.69,-513.595,2857.582,2416.320
2017-05-28 03:23:55.68,-514.001,2858.440,2414.834
2017-05-28 03:24:00.68,-510.353,2857.544,2415.282
2017-05-28 03:24:05.67,-514.438,2861.099,2417.508
2017-05-28 03:24:10.66,-517.150,2860.172,2418.003
2017-05-28 03:24:15.65,-513.066,2861.106,2414.734
2017-05-28 03:24:20.64,-510.442,2860.869,2411.205
2017-05-28 03:24:25.63,-512.078,2858.069,2409.276
2017-05-28 03:24:30.62,-513.087,2858.055,2410.462
2017-05-28 03:24:35.61,-514.739,2859.543,2412.295
2017-05-28 03:24:40.60,-519.035,2859.949,2410.630
2017-05-28 03:24:45.60,-519.369,2858.273,2406.485
2017-05-28 03:24:50.59,-521.902,2859.609,2411.036
2017-05-28 03:24:55.58,-524.232,2859.638,2410.478
2017-05-28 03:25:00.57,-524.337,2858.506,2411.499
2017-05-28 03:25:05.56,-520.934,2860.004,2412.395
2017-05-28 03:25:10.55,-523.963,2858.876,2409.375
2017-05-28 03:25:15.54,-519.982,2860.392,2412.441
2017-05-28 03:25:20.53,-524.785,2859.053,2410.375
2017-05-28 03:25:25.53,-523.799,2857.726,2406.572
2017-05-28 03:25:30.52,-530.522,2858.328,2408.997
2017-05-28 03:25:35.51,-532.138,2858.136,2411.381
2017-05-28 03:25:40.50,-534.322,2856.772,2409.338
2017-05-28 03:25:45.49,-536.396,2857.513,2414.652
2017-05-28 03:25:50.48,-535.839,2857.687,2414.077
2017-05-28 03:25:55.47,-539.971,2858.701,2412.429
2017-05-28 03:26:00.46,-541.616,2860.592,2412.579
2017-05-28 03:26:05.44,-543.078,2861.112,2411.879
2017-05-28 03:26:10.43,-547.636,2858.726,2412.560
2017-05-28 03:26:15.42,-544.582,2860.226,2412.747
2017-05-28 03:26:20.41,-550.370,2859.839,2409.161
2017-05-28 03:26:25.40,-551.222,2859.152,2411.428
2017-05-28 03:26:30.39,-554.121,2860.325,2410.680
2017-05-28 03:26:35.39,-555.593,2859.626,2408.110
2017-05-28 03:26:40.38,-557.409,2860.212,2410.010
2017-05-28 03:26:45.37,-560.775,2859.482,2408.949
2017-05-28 03:26:50.36,-564.859,2860.428,2408.473
2017-05-28 03:26:55.35,-561.755,2859.085,2407.927
2017-05-28 03:27:00.34,-569.845,2856.816,2409.646
2017-05-28 03:27:05.33,-570.518,2855.909,2409.187
2017-05-28 03:27:10.32,-575.903,2853.095,2411.843
2017-05-28 03:27:15.32,-576.546,2853.342,2412.698
2017-05-28 03:27:20.31,-575.875,2852.428,2412.089
2017-05-28 03:27:25.30,-582.792,2854.954,2410.397
2017-05-28 03:27:30.29,-583.455,2854.887,2411.539
2017-05-28 03:27:35.28,-586.405,2854.171,2414.679
2017-05-28 03:27:40.27,-588.003,2853.594,2413.201
2017-05-28 03:27:45.26,-592.205,2849.447,2415.924
2017-05-28 03:27:50.25,-597.462,2849.217,2413.581
2017-05-28 03:27:55.23,-603.775,2850.449,2414.100
2017-05-28 03:28:00.22,-605.391,2850.243,2412.960
2017-05-28 03:28:05.21,-604.867,2851.218,2410.647
2017-05-28 03:28:10.20,-609.765,2850.543,2413.311
2017-05-28 03:28:15.19,-616.739,2850.503,2415.401
2017-05-28 03:28:20.18,-618.940,2850.389,2412.552
2017-05-28 03:28:25.18,-623.048,2849.138,2413.858
2017-05-28 03:28:30.17,-626.556,2848.371,2413.080
2017-05-28 03:28:35.16,-628.965,2846.222,2413.301
2017-05-28 03:28:40.15,-628.618,2844.841,2411.947
2017-05-28 03:28:45.14,-633.324,2842.546,2409.134
2017-05-28 03:28:50.13,-632.646,2843.782,2408.993
2017-05-28 03:28:55.12,-634.857,2844.085,2410.469
2017-05-28 03:29:00.11,-638.240,2842.875,2410.209
2017-05-28 03:29:05.11,-635.675,2843.215,2410.960
2017-05-28 03:29:10.10,-636.532,2841.542,2409.303
2017-05-28 03:29:15.09,-638.166,2840.225,2411.439
2017-05-28 03:29:20.08,-637.259,2838.834,2413.091
2017-05-28 03:29:25.07,-636.458,2839.740,2415.073
2017-05-28 03:29:30.06,-634.441,2839.715,2415.432
2017-05-28 03:29:35.05,-635.079,2840.249,2410.502
2017-05-28 03:29:40.04,-635.414,2841.571,2407.623
2017-05-28 03:29:45.03,-634.114,2843.251,2407.952
2017-05-28 03:29:50.03,-633.928,2843.239,2409.641
2017-05-28 03:29:55.02,-635.698,2842.852,2406.313
2017-05-28 03:30:00.01,-636.233,2842.540,2407.042
2017-05-28 03:30:05.00,-630.785,2841.974,2408.122
2017-05-28 03:30:09.97,-631.064,2845.771,2404.525
2017-05-28 03:30:14.97,-632.899,2844.069,2406.234
2017-05-28 03:30:19.96,-632.769,2845.282,2406.834
2017-05-28 03:30:24.95,-632.054,2841.626,2410.462
2017-05-28 03:30:29.94,-629.022,2841.705,2411.425
2017-05-28 03:30:34.93,-628.151,2843.243,2412.793
2017-05-28 03:30:39.92,-630.402,2843.295,2412.164
2017-05-28 03:30:44.91,-624.488,2840.487,2409.164
2017-05-28 03:30:49.90,-626.170,2839.235,2411.065
2017-05-28 03:30:54.90,-622.899,2841.041,2412.719
2017-05-28 03:30:59.89,-620.365,2841.136,2411.508
2017-05-28 03:31:04.88,-619.004,2843.578,2407.323
2017-05-28 03:31:09.87,-619.684,2844.003,2409.015
2017-05-28 03:31:14.86,-619.259,2844.020,2408.414
2017-05-28 03:31:19.85,-619.222,2843.375,2413.538
2017-05-28 03:31:24.84,-618.265,2842.233,2411.258
2017-05-28 03:31:29.83,-618.022,2841.548,2412.551
2017-05-28 03:31:34.82,-615.434,2844.779,2408.386
2017-05-28 03:31:39.82,-615.556,2845.023,2411.960
2017-05-28 03:31:44.81,-617.241,2845.490,2410.978
2017-05-28 03:31:49.80,-614.802,2847.541,2411.065
2017-05-28 03:31:54.79,-612.135,2847.698,2409.721
2017-05-28 03:31:59.78,-614.941,2845.750,2411.699
2017-05-28 03:32:04.77,-613.021,2847.161,2413.205
2017-05-28 03:32:09.76,-613.569,2846.837,2412.993
2017-05-28 03:32:14.74,-619.636,2844.445,2411.089
2017-05-28 03:32:19.73,-610.999,2847.134,2414.031
2017-05-28 03:32:24.72,-609.815,2847.978,2415.185
2017-05-28 03:32:29.71,-611.278,2851.078,2414.770
2017-05-28 03:32:34.70,-613.824,2848.261,2411.091
2017-05-28 03:32:39.69,-616.628,2847.724,2410.862
2017-05-28 03:32:44.68,-617.304,2849.424,2413.679
2017-05-28 03:32:49.68,-619.749,2846.326,2413.922
2017-05-28 03:32:54.67,-618.489,2848.988,2416.313
2017-05-28 03:32:59.66,-620.314,2848.298,2415.301
2017-05-28 03:33:04.65,-621.594,2846.858,2414.295
2017-05-28 03:33:09.64,-623.355,2848.086,2415.035
2017-05-28 03:33:14.63,-624.249,2848.385,2411.593
2017-05-28 03:33:19.62,-624.426,2846.921,2410.263
2017-05-28 03:33:24.61,-627.365,2845.339,2410.232
2017-05-28 03:33:29.60,-627.213,2843.892,2408.941
2017-05-28 03:33:34.60,-626.409,2844.012,2410.728
2017-05-28 03:33:39.59,-623.305,2844.257,2410.992
2017-05-28 03:33:44.58,-621.661,2844.730,2409.509
2017-05-28 03:33:49.57,-623.789,2843.997,2413.354
2017-05-28 03:33:54.56,-620.077,2844.415,2412.608
2017-05-28 03:33:59.54,-618.485,2844.056,2413.445
2017-05-28 03:34:04.53,-621.248,2843.457,2416.677
2017-05-28 03:34:09.52,-620.357,2844.562,2417.529
2017-05-28 03:34:14.51,-621.070,2846.341,2413.280
2017-05-28 03:34:19.50,-620.950,2847.882,2415.662
2017-05-28 03:34:24.49,-618.681,2848.581,2414.628
2017-05-28 03:34:29.48,-617.831,2847.246,2413.882
2017-05-28 03:34:34.47,-615.739,2845.642,2412.250
2017-05-28 03:34:39.47,-615.843,2846.562,2414.311
2017-05-28 03:34:44.46,-612.317,2847.803,2414.669
2017-05-28 03:34:49.45,-608.789,2850.926,2411.916
2017-05-28 03:34:54.44,-605.962,2848.099,2411.599
2017-05-28 03:34:59.43,-600.748,2847.878,2409.915
2017-05-28 03:35:04.42,-599.242,2846.178,2409.706
2017-05-28 03:35:09.41,-598.875,2848.958,2409.424
2017-05-28 03:35:14.40,-598.126,2849.589,2413.076
2017-05-28 03:35:19.39,-596.012,2848.499,2411.395
2017-05-28 03:35:24.39,-593.212,2848.927,2410.330
2017-05-28 03:35:29.38,-593.752,2848.711,2415.378
2017-05-28 03:35:34.37,-591.868,2849.813,2413.258
2017-05-28 03:35:39.36,-590.267,2853.302,2411.478
2017-05-28 03:35:44.35,-587.766,2853.601,2409.048
2017-05-28 03:35:49.34,-582.009,2854.707,2412.477
2017-05-28 03:35:54.33,-580.272,2856.604,2411.427
2017-05-28 03:35:59.32,-578.236,2853.659,2412.585
2017-05-28 03:36:04.30,-578.328,2853.666,2413.389
2017-05-28 03:36:09.29,-576.474,2854.763,2411.910
2017-05-28 03:36:14.28,-572.795,2856.359,2417.909
2017-05-28 03:36:19.27,-571.356,2858.132,2411.899
2017-05-28 03:36:24.26,-570.631,2857.324,2412.395
2017-05-28 03:36:29.26,-573.583,2855.796,2412.528
2017-05-28 03:36:34.25,-568.705,2859.485,2410.583
2017-05-28 03:36:39.24,-568.934,2860.106,2414.184
2017-05-28 03:36:44.23,-569.603,2859.391,2411.231
2017-05-28 03:36:49.22,-567.219,2858.171,2408.673
2017-05-28 03:36:54.21,-565.741,2859.786,2413.781
2017-05-28 03:36:59.20,-564.095,2859.996,2415.763
2017-05-28 03:37:04.19,-565.922,2860.189,2411.989
2017-05-28 03:37:09.18,-564.645,2860.205,2413.395
2017-05-28 03:37:14.18,-567.654,2859.500,2415.962
2017-05-28 03:37:19.17,-564.136,2857.439,2417.790
2017-05-28 03:37:24.16,-565.493,2859.668,2417.668
2017-05-28 03:37:29.15,-562.727,2858.535,2415.971
2017-05-28 03:37:34.14,-564.542,2859.138,2415.271
2017-05-28 03:37:39.13,-562.531,2860.789,2413.884
2017-05-28 03:37:44.12,-565.268,2860.714,2416.772
2017-05-28 03:37:49.11,-565.874,2861.668,2417.820
2017-05-28 03:37:54.10,-567.385,2859.159,2417.008
2017-05-28 03:37:59.10,-569.079,2860.168,2413.969
2017-05-28 03:38:04.09,-569.484,2861.183,2412.368
2017-05-28 03:38:09.08,-572.037,2858.891,2411.899
2017-05-28 03:38:14.07,-573.568,2859.053,2414.088
2017-05-28 03:38:19.04,-576.722,2860.331,2414.596
2017-05-28 03:38:24.04,-577.209,2858.037,2413.508
2017-05-28 03:38:29.03,-578.215,2859.181,2413.111
2017-05-28 03:38:34.02,-581.525,2859.386,2413.329
2017-05-28 03:38:39.01,-583.377,2859.791,2414.570
2017-05-28 03:38:44.00,-584.792,2858.607,2413.342
2017-05-28 03:38:48.99,-587.068,2857.937,2413.352
2017-05-28 03:38:53.98,-586.585,2856.838,2409.695
2017-05-28 03:38:58.97,-585.812,2855.729,2411.189
2017-05-28 03:39:03.96,-586.011,2854.172,2412.976
2017-05-28 03:39:08.96,-589.439,2852.823,2408.731
2017-05-28 03:39:13.95,-591.559,2852.258,2412.208
2017-05-28 03:39:18.94,-591.815,2853.721,2410.959
2017-05-28 03:39:23.93,-595.744,2852.474,2410.226
2017-05-28 03:39:28.92,-596.805,2853.212,2411.364
2017-05-28 03:39:33.91,-597.855,2852.401,2412.699
2017-05-28 03:39:38.90,-595.330,2852.744,2414.796
2017-05-28 03:39:43.89,-595.950,2852.970,2413.625
2017-05-28 03:39:48.89,-595.277,2852.644,2412.503
2017-05-28 03:39:53.88,-603.020,2849.663,2410.869
2017-05-28 03:39:58.87,-597.552,2853.599,2414.179
2017-05-28 03:40:03.86,-604.659,2850.144,2414.727
2017-05-28 03:40:08.85,-608.855,2847.572,2417.253
2017-05-28 03:40:13.84,-609.952,2846.052,2413.785
2017-05-28 03:40:18.83,-610.446,2845.500,2410.291
2017-05-28 03:40:23.82,-612.722,2843.488,2413.625
2017-05-28 03:40:28.82,-613.886,2845.734,2410.941
2017-05-28 03:40:33.81,-618.037,2843.426,2416.161
2017-05-28 03:40:38.80,-619.999,2845.428,2412.106
2017-05-28 03:40:43.77,-625.556,2838.052,2409.272
2017-05-28 03:40:48.76,-630.998,2839.498,2412.239
2017-05-28 03:40:53.75,-629.302,2840.453,2412.717
2017-05-28 03:40:58.75,-628.594,2840.535,2413.383
2017-05-28 03:41:03.74,-630.729,2841.368,2410.895
2017-05-28 03:41:08.73,-631.792,2841.559,2413.197
2017-05-28 03:41:13.72,-632.896,2838.474,2413.291
2017-05-28 03:41:18.73,-631.896,2841.954,2412.402
2017-05-28 03:41:23.72,-636.752,2842.425,2413.218
2017-05-28 03:41:28.69,-636.175,2843.462,2412.482
2017-05-28 03:41:33.70,-637.891,2844.333,2412.684
2017-05-28 03:41:38.69,-635.416,2844.409,2409.495
2017-05-28 03:41:43.68,-638.634,2842.144,2412.026
2017-05-28 03:41:48.67,-633.452,2845.458,2413.099
2017-05-28 03:41:53.66,-631.463,2846.024,2411.332
2017-05-28 03:41:58.66,-632.116,2847.507,2411.785
2017-05-28 03:42:03.65,-627.273,2846.877,2414.789
2017-05-28 03:42:08.64,-624.918,2845.673,2414.634
2017-05-28 03:42:13.63,-629.066,2845.481,2415.933
2017-05-28 03:42:18.62,-627.891,2845.368,2413.287
2017-05-28 03:42:23.61,-625.684,2845.078,2412.548
2017-05-28 03:42:28.59,-624.848,2843.835,2409.316
2017-05-28 03:42:33.58,-624.807,2845.520,2411.802
2017-05-28 03:42:38.57,-622.696,2846.109,2411.587
2017-05-28 03:42:43.56,-623.752,2846.264,2413.421
2017-05-28 03:42:48.55,-620.407,2845.785,2411.425
2017-05-28 03:42:53.54,-622.176,2846.820,2410.786
2017-05-28 03:42:58.53,-625.244,2848.166,2412.425
2017-05-28 03:43:03.53,-623.251,2848.861,2410.429
2017-05-28 03:43:08.52,-621.770,2848.836,2412.165
2017-05-28 03:43:13.51,-618.282,2849.343,2415.872
2017-05-28 03:43:18.50,-626.696,2846.539,2414.164
2017-05-28 03:43:23.49,-624.559,2846.501,2411.446
2017-05-28 03:43:28.48,-624.150,2844.418,2411.072
2017-05-28 03:43:33.47,-626.652,2845.675,2411.691
2017-05-28 03:43:38.46,-629.541,2845.415,2411.634
2017-05-28 03:43:43.45,-632.095,2846.257,2408.084
2017-05-28 03:43:48.45,-631.058,2844.010,2409.623
2017-05-28 03:43:53.44,-631.733,2845.288,2405.460
2017-05-28 03:43:58.43,-631.355,2845.283,2406.459
2017-05-28 03:44:03.42,-631.773,2842.895,2407.623
2017-05-28 03:44:08.41,-631.759,2842.672,2409.539
2017-05-28 03:44:13.40,-634.501,2844.518,2407.990
2017-05-28 03:44:18.39,-636.078,2845.361,2411.181
2017-05-28 03:44:23.38,-639.090,2845.659,2409.355
2017-05-28 03:44:28.37,-638.249,2842.826,2410.604
2017-05-28 03:44:33.37,-638.192,2845.604,2411.742
2017-05-28 03:44:38.36,-634.014,2844.953,2410.013
2017-05-28 03:44:43.35,-632.401,2844.270,2410.427
2017-05-28 03:44:48.34,-628.222,2847.279,2412.656
2017-05-28 03:44:53.33,-630.508,2845.792,2411.310
2017-05-28 03:44:58.32,-629.085,2847.061,2406.948
2017-05-28 03:45:03.31,-632.164,2846.158,2405.644
2017-05-28 03:45:08.30,-637.134,2847.051,2410.268
2017-05-28 03:45:13.30,-639.086,2848.545,2411.235
2017-05-28 03:45:18.29,-640.049,2844.673,2405.541
2017-05-28 03:45:23.26,-640.166,2844.094,2408.536
2017-05-28 03:45:28.25,-642.143,2843.182,2409.431
2017-05-28 03:45:33.24,-639.862,2842.438,2404.281
2017-05-28 03:45:38.23,-639.782,2843.821,2410.994
2017-05-28 03:45:43.23,-641.632,2842.109,2413.019
2017-05-28 03:45:48.22,-641.524,2840.819,2409.806
2017-05-28 03:45:53.21,-644.655,2839.653,2410.474
2017-05-28 03:45:58.20,-638.469,2841.942,2410.096
2017-05-28 03:46:03.19,-645.251,2839.805,2415.098
2017-05-28 03:46:08.18,-646.125,2843.147,2412.587
2017-05-28 03:46:13.17,-650.344,2843.071,2413.245
2017-05-28 03:46:18.16,-651.181,2843.452,2416.146
2017-05-28 03:46:23.16,-649.530,2842.982,2413.965
2017-05-28 03:46:28.15,-652.220,2841.840,2413.229
2017-05-28 03:46:33.14,-653.445,2841.879,2411.757
2017-05-28 03:46:38.13,-653.984,2842.782,2412.506
2017-05-28 03:46:43.12,-654.166,2842.437,2417.083
2017-05-28 03:46:48.11,-654.208,2839.409,2413.985
2017-05-28 03:46:53.10,-656.647,2838.993,2414.599
2017-05-28 03:46:58.09,-661.789,2838.448,2412.368
2017-05-28 03:47:03.08,-661.128,2836.069,2415.135
2017-05-28 03:47:08.07,-660.691,2837.743,2416.396
2017-05-28 03:47:13.07,-658.041,2836.348,2414.331
2017-05-28 03:47:18.06,-659.468,2836.965,2414.688
2017-05-28 03:47:23.05,-661.858,2834.965,2414.365
2017-05-28 03:47:28.04,-660.443,2833.869,2411.910
2017-05-28 03:47:33.03,-659.759,2837.584,2415.687
2017-05-28 03:47:38.02,-661.947,2836.284,2413.209
2017-05-28 03:47:43.00,-662.521,2836.158,2415.008
2017-05-28 03:47:47.99,-661.632,2837.220,2413.573
2017-05-28 03:47:52.98,-664.058,2834.859,2412.634
2017-05-28 03:47:57.97,-662.252,2836.180,2415.335
2017-05-28 03:48:02.96,-661.796,2835.245,2416.007
2017-05-28 03:48:07.95,-661.842,2834.323,2412.144
2017-05-28 03:48:12.94,-664.086,2835.473,2416.050
2017-05-28 03:48:17.93,-664.677,2834.188,2419.676
2017-05-28 03:48:22.93,-666.426,2834.684,2417.359
2017-05-28 03:48:27.92,-667.918,2836.703,2416.283
2017-05-28 03:48:32.91,-671.052,2834.904,2413.581
2017-05-28 03:48:37.90,-673.095,2831.987,2413.522
2017-05-28 03:48:42.89,-673.389,2831.055,2413.681
2017-05-28 03:48:47.88,-677.441,2829.239,2410.148
2017-05-28 03:48:52.87,-677.822,2832.039,2410.908
2017-05-28 03:48:57.86,-683.749,2828.171,2414.342
2017-05-28 03:49:02.85,-683.213,2828.520,2418.505
2017-05-28 03:49:07.85,-685.275,2827.357,2419.878
2017-05-28 03:49:12.84,-685.536,2828.889,2416.943
2017-05-28 03:49:17.83,-687.837,2826.215,2417.133
2017-05-28 03:49:22.82,-689.593,2823.140,2416.085
2017-05-28 03:49:27.81,-687.632,2824.368,2417.761
2017-05-28 03:49:32.80,-687.540,2825.981,2415.648
2017-05-28 03:49:37.79,-689.672,2823.269,2414.088
2017-05-28 03:49:42.78,-689.145,2822.735,2416.307
2017-05-28 03:49:47.77,-689.124,2821.569,2411.937
2017-05-28 03:49:52.77,-691.228,2820.960,2411.622
2017-05-28 03:49:57.76,-691.144,2822.250,2410.184
2017-05-28 03:50:02.75,-697.039,2822.221,2414.705
2017-05-28 03:50:07.74,-697.345,2821.518,2412.099
2017-05-28 03:50:12.73,-700.491,2822.461,2411.009
2017-05-28 03:50:17.72,-704.914,2820.392,2408.975
2017-05-28 03:50:22.71,-705.636,2820.907,2411.026
2017-05-28 03:50:27.69,-704.326,2820.355,2413.139
2017-05-28 03:50:32.68,-705.510,2816.540,2412.932
2017-05-28 03:50:37.67,-707.676,2814.297,2413.285
2017-05-28 03:50:42.66,-704.340,2815.120,2416.004
2017-05-28 03:50:47.65,-703.710,2817.900,2416.664
2017-05-28 03:50:52.64,-700.116,2816.516,2411.304
2017-05-28 03:50:57.63,-696.557,2818.868,2412.696
2017-05-28 03:51:02.63,-691.186,2822.458,2414.629
2017-05-28 03:51:07.62,-690.125,2822.751,2411.656
2017-05-28 03:51:12.61,-686.402,2823.232,2410.041
2017-05-28 03:51:17.60,-683.252,2823.789,2411.730
2017-05-28 03:51:22.59,-682.898,2824.699,2412.471
2017-05-28 03:51:27.58,-690.657,2821.336,2415.589
2017-05-28 03:51:32.57,-689.645,2822.818,2415.246
2017-05-28 03:51:37.56,-692.223,2821.120,2409.347
2017-05-28 03:51:42.56,-694.223,2821.042,2411.299
2017-05-28 03:51:47.55,-691.949,2820.736,2411.484
2017-05-28 03:51:52.54,-691.919,2821.002,2415.312
2017-05-28 03:51:57.53,-692.382,2820.529,2419.387
2017-05-28 03:52:02.52,-693.665,2820.982,2418.197
2017-05-28 03:52:07.51,-695.725,2817.059,2418.325
2017-05-28 03:52:12.50,-698.935,2816.951,2418.066
2017-05-28 03:52:17.49,-696.715,2818.592,2419.177
2017-05-28 03:52:22.48,-695.963,2821.943,2415.862
2017-05-28 03:52:27.48,-694.377,2822.520,2417.002
2017-05-28 03:52:32.47,-698.304,2821.811,2416.682
2017-05-28 03:52:37.46,-701.030,2820.548,2417.463
2017-05-28 03:52:42.45,-702.854,2818.702,2415.591
2017-05-28 03:52:47.44,-703.271,2816.428,2411.161
2017-05-28 03:52:52.43,-704.980,2816.250,2413.111
2017-05-28 03:52:57.42,-703.242,2819.688,2411.173
2017-05-28 03:53:02.40,-699.141,2821.509,2415.032
2017-05-28 03:53:07.39,-700.171,2822.073,2418.520
2017-05-28 03:53:12.38,-700.786,2819.757,2415.090
2017-05-28 03:53:17.37,-699.659,2820.331,2414.663
2017-05-28 03:53:22.36,-700.471,2820.339,2410.645
2017-05-28 03:53:27.35,-700.091,2820.545,2411.758
2017-05-28 03:53:32.34,-698.726,2820.628,2415.091
2017-05-28 03:53:37.34,-698.218,2823.202,2416.945
2017-05-28 03:53:42.33,-694.338,2822.973,2414.262
2017-05-28 03:53:47.32,-691.682,2819.935,2414.178
2017-05-28 03:53:52.31,-688.603,2817.372,2414.339
2017-05-28 03:53:57.30,-685.374,2821.293,2412.741
2017-05-28 03:54:02.29,-682.851,2826.213,2413.868
2017-05-28 03:54:07.28,-679.696,2827.339,2419.316
2017-05-28 03:54:12.27,-674.792,2828.531,2417.138
2017-05-28 03:54:17.26,-672.329,2829.602,2418.064
2017-05-28 03:54:22.26,-672.874,2826.995,2418.572
2017-05-28 03:54:27.25,-670.553,2827.151,2418.781
2017-05-28 03:54:32.24,-671.934,2827.099,2419.852
2017-05-28 03:54:37.23,-668.769,2830.348,2418.719
2017-05-28 03:54:42.22,-672.081,2828.889,2417.722
2017-05-28 03:54:47.21,-669.045,2829.494,2416.465
2017-05-28 03:54:52.20,-672.402,2829.343,2418.848
2017-05-28 03:54:57.19,-674.345,2826.145,2419.656
2017-05-28 03:55:02.18,-675.586,2827.261,2419.941
2017-05-28 03:55:07.18,-676.902,2829.495,2420.042
2017-05-28 03:55:12.17,-674.924,2827.666,2420.888
2017-05-28 03:55:17.16,-680.236,2827.743,2419.250
2017-05-28 03:55:22.15,-683.375,2827.305,2417.544
2017-05-28 03:55:27.14,-682.162,2827.316,2420.880
2017-05-28 03:55:32.13,-683.032,2828.006,2421.599
2017-05-28 03:55:37.12,-680.248,2828.770,2417.206
2017-05-28 03:55:42.11,-681.849,2828.706,2417.469
2017-05-28 03:55:47.10,-682.284,2827.222,2422.367
2017-05-28 03:55:52.08,-684.010,2829.515,2420.116
2017-05-28 03:55:57.07,-684.161,2826.625,2416.788
2017-05-28 03:56:02.06,-683.541,2826.787,2416.311
2017-05-28 03:56:07.05,-686.325,2824.546,2417.442
2017-05-28 03:56:12.04,-679.903,2826.796,2417.000
2017-05-28 03:56:17.04,-682.365,2826.806,2414.245
2017-05-28 03:56:22.03,-684.666,2825.638,2411.123
2017-05-28 03:56:27.02,-689.998,2824.133,2409.948
2017-05-28 03:56:32.01,-689.282,2823.738,2414.553
2017-05-28 03:56:37.00,-699.884,2819.266,2414.459
2017-05-28 03:56:41.99,-694.874,2821.535,2414.861
2017-05-28 03:56:46.98,-695.462,2820.306,2416.145
2017-05-28 03:56:51.97,-695.586,2821.536,2416.877
2017-05-28 03:56:56.96,-697.931,2821.267,2413.308
2017-05-28 03:57:01.96,-702.325,2820.315,2413.994
2017-05-28 03:57:06.95,-699.757,2818.717,2412.856
2017-05-28 03:57:11.94,-700.999,2817.721,2415.663
2017-05-28 03:57:16.93,-702.016,2817.588,2415.116
2017-05-28 03:57:21.92,-699.986,2818.243,2417.096
2017-05-28 03:57:26.91,-699.943,2816.476,2416.656
2017-05-28 03:57:31.90,-705.777,2816.840,2418.109
2017-05-28 03:57:36.89,-708.935,2815.353,2414.896
2017-05-28 03:57:41.89,-712.039,2813.796,2417.866
2017-05-28 03:57:46.88,-713.792,2812.101,2414.734
2017-05-28 03:57:51.87,-715.336,2811.336,2416.886
2017-05-28 03:57:56.86,-715.016,2812.509,2418.688
2017-05-28 03:58:01.85,-714.210,2811.536,2418.295
2017-05-28 03:58:06.84,-715.619,2808.228,2417.182
2017-05-28 03:58:11.83,-716.994,2811.971,2416.698
2017-05-28 03:58:16.82,-716.984,2811.125,2418.043
2017-05-28 03:58:21.81,-717.820,2809.097,2414.998
2017-05-28 03:58:26.81,-718.742,2815.576,2413.518
2017-05-28 03:58:31.80,-719.262,2811.961,2414.538
2017-05-28 03:58:36.79,-720.041,2812.392,2412.401
2017-05-28 03:58:41.78,-722.071,2809.526,2415.792
2017-05-28 03:58:46.77,-723.364,2808.380,2415.435
2017-05-28 03:58:51.76,-725.621,2807.344,2418.241
2017-05-28 03:58:56.75,-724.614,2809.430,2416.499
2017-05-28 03:59:01.74,-724.304,2808.299,2413.745
2017-05-28 03:59:06.73,-726.235,2808.679,2416.480
2017-05-28 03:59:11.73,-723.885,2809.988,2415.757
2017-05-28 03:59:16.72,-722.021,2809.301,2414.451
2017-05-28 03:59:21.71,-723.020,2810.515,2415.073
2017-05-28 03:59:26.70,-727.813,2808.278,2415.007
2017-05-28 03:59:31.69,-725.863,2807.281,2412.803
2017-05-28 03:59:36.68,-726.288,2807.609,2416.506
2017-05-28 03:59:41.67,-726.694,2805.526,2412.447
2017-05-28 03:59:46.66,-728.909,2805.688,2412.022
2017-05-28 03:59:51.65,-731.140,2808.425,2409.288
2017-05-28 03:59:56.65,-733.576,2806.262,2409.666
2017-05-28 04:00:01.64,-733.548,2804.409,2413.752
2017-05-28 04:00:06.63,-735.309,2803.707,2414.715
2017-05-28 04:00:11.62,-735.956,2801.148,2416.085
2017-05-28 04:00:16.61,-739.385,2801.140,2418.626
2017-05-28 04:00:21.60,-742.145,2800.732,2418.048
2017-05-28 04:00:26.59,-739.071,2797.764,2414.159
2017-05-28 04:00:31.58,-743.058,2799.541,2411.270
2017-05-28 04:00:36.57,-743.258,2799.019,2411.151
2017-05-28 04:00:41.57,-745.636,2795.016,2415.948
2017-05-28 04:00:46.56,-750.914,2794.178,2412.614
2017-05-28 04:00:51.55,-751.660,2795.250,2416.174
2017-05-28 04:00:56.54,-750.785,2795.073,2416.398
2017-05-28 04:01:01.53,-752.289,2795.344,2415.202
2017-05-28 04:01:06.52,-752.696,2791.130,2414.589
2017-05-28 04:01:11.51,-755.767,2789.836,2413.555
2017-05-28 04:01:16.51,-752.326,2792.071,2416.527
2017-05-28 04:01:21.50,-753.531,2794.866,2419.664
2017-05-28 04:01:26.49,-756.024,2792.492,2419.577
2017-05-28 04:01:31.48,-756.602,2792.128,2417.641
2017-05-28 04:01:36.47,-758.595,2790.904,2418.964
2017-05-28 04:01:41.46,-758.926,2790.889,2421.477
2017-05-28 04:01:46.45,-760.292,2792.325,2418.596
2017-05-28 04:01:51.44,-760.764,2791.321,2417.831
2017-05-28 04:01:56.43,-762.234,2791.346,2416.393
2017-05-28 04:02:01.43,-762.252,2791.969,2412.472
2017-05-28 04:02:06.42,-762.222,2790.668,2413.961
2017-05-28 04:02:11.41,-763.638,2790.033,2412.701
2017-05-28 04:02:16.40,-762.505,2787.677,2414.919
2017-05-28 04:02:21.39,-763.965,2788.024,2416.418
2017-05-28 04:02:26.38,-764.816,2787.726,2420.056
2017-05-28 04:02:31.37,-764.159,2788.783,2420.573
2017-05-28 04:02:36.36,-763.566,2788.080,2413.023
2017-05-28 04:02:41.35,-766.251,2784.799,2415.984
2017-05-28 04:02:46.35,-769.463,2784.063,2418.386
2017-05-28 04:02:51.34,-770.234,2785.255,2417.918
2017-05-28 04:02:56.34,-774.736,2782.077,2416.713
2017-05-28 04:03:01.34,-775.774,2783.553,2415.422
2017-05-28 04:03:06.33,-779.629,2781.173,2415.644
2017-05-28 04:03:11.32,-778.911,2780.241,2417.678
2017-05-28 04:03:16.31,-779.961,2781.510,2416.615
2017-05-28 04:03:21.30,-777.656,2781.188,2419.386
2017-05-28 04:03:26.29,-775.581,2780.408,2420.774
2017-05-28 04:03:31.28,-773.932,2780.805,2423.075
2017-05-28 04:03:36.27,-773.633,2781.189,2424.281
2017-05-28 04:03:41.26,-773.415,2783.209,2425.228
2017-05-28 04:03:46.26,-771.401,2784.954,2423.410
2017-05-28 04:03:51.25,-773.746,2785.552,2422.992
2017-05-28 04:03:56.24,-774.819,2784.521,2420.943
2017-05-28 04:04:01.23,-773.167,2784.837,2421.733
2017-05-28 04:04:06.22,-773.545,2783.461,2423.096
2017-05-28 04:04:11.21,-777.586,2781.762,2425.086
2017-05-28 04:04:16.20,-777.111,2784.335,2422.425
2017-05-28 04:04:21.19,-772.620,2785.955,2423.386
2017-05-28 04:04:26.18,-772.251,2783.697,2423.450
2017-05-28 04:04:31.18,-771.135,2782.867,2422.533
2017-05-28 04:04:36.17,-765.684,2783.716,2422.283
2017-05-28 04:04:41.16,-765.694,2785.338,2421.876
2017-05-28 04:04:46.15,-764.555,2787.581,2416.453
2017-05-28 04:04:51.14,-764.738,2788.862,2419.795
2017-05-28 04:04:56.13,-765.633,2789.711,2420.876
2017-05-28 04:05:01.12,-765.361,2792.127,2419.859
2017-05-28 04:05:06.13,-762.713,2791.559,2418.484
2017-05-28 04:05:11.12,-761.036,2788.858,2417.598
2017-05-28 04:05:16.11,-763.771,2788.537,2415.439
2017-05-28 04:05:21.10,-763.775,2791.678,2420.844
2017-05-28 04:05:26.09,-761.086,2790.902,2415.675
2017-05-28 04:05:31.09,-762.381,2792.291,2415.828
2017-05-28 04:05:36.08,-758.039,2794.747,2416.636
2017-05-28 04:05:41.07,-755.521,2795.424,2420.099
2017-05-28 04:05:46.06,-756.698,2793.188,2415.711
2017-05-28 04:05:51.05,-753.853,2795.644,2416.459
2017-05-28 04:05:56.04,-751.797,2799.262,2415.519
2017-05-28 04:06:01.03,-747.745,2802.319,2414.264
2017-05-28 04:06:06.02,-749.090,2800.501,2415.484
2017-05-28 04:06:11.01,-748.955,2797.786,2415.449
2017-05-28 04:06:16.01,-748.955,2797.835,2416.652
2017-05-28 04:06:21.00,-749.662,2799.651,2414.536
2017-05-28 04:06:25.99,-746.468,2799.882,2415.183
2017-05-28 04:06:30.98,-744.255,2801.781,2415.112
2017-05-28 04:06:35.97,-742.411,2799.434,2414.690
2017-05-28 04:06:40.96,-741.840,2798.328,2411.341
2017-05-28 04:06:45.95,-739.836,2800.247,2413.973
2017-05-28 04:06:50.94,-738.638,2799.538,2414.750
2017-05-28 04:06:55.94,-739.302,2802.698,2412.234
2017-05-28 04:07:00.93,-737.016,2805.057,2414.871
2017-05-28 04:07:05.92,-733.084,2807.666,2414.297
2017-05-28 04:07:10.91,-733.596,2807.776,2415.282
2017-05-28 04:07:15.90,-730.053,2808.278,2412.160
2017-05-28 04:07:20.89,-729.427,2807.243,2413.481
2017-05-28 04:07:25.88,-729.085,2805.619,2414.634
2017-05-28 04:07:30.87,-727.490,2810.700,2415.911
2017-05-28 04:07:35.86,-726.375,2812.490,2413.534
2017-05-28 04:07:40.86,-726.526,2812.902,2414.145
2017-05-28 04:07:45.85,-723.862,2811.637,2416.244
2017-05-28 04:07:50.84,-723.944,2811.126,2415.969
2017-05-28 04:07:55.83,-723.584,2810.957,2414.235
2017-05-28 04:08:00.82,-722.139,2813.356,2416.023
2017-05-28 04:08:05.81,-723.417,2809.571,2417.339
2017-05-28 04:08:10.80,-724.952,2807.005,2413.136
2017-05-28 04:08:15.81,-727.324,2807.653,2414.404
2017-05-28 04:08:20.78,-728.284,2807.158,2415.148
2017-05-28 04:08:25.78,-725.166,2806.146,2413.982
2017-05-28 04:08:30.78,-726.758,2806.625,2414.451
2017-05-28 04:08:35.77,-725.704,2806.378,2414.287
2017-05-28 04:08:40.77,-726.436,2808.439,2413.349
2017-05-28 04:08:45.76,-729.012,2805.856,2412.921
2017-05-28 04:08:50.75,-727.555,2807.359,2412.723
2017-05-28 04:08:55.74,-730.180,2806.523,2409.891
2017-05-28 04:09:00.73,-727.472,2807.929,2410.476
2017-05-28 04:09:05.72,-725.129,2806.840,2410.295
2017-05-28 04:09:10.71,-726.452,2805.361,2411.575
2017-05-28 04:09:15.70,-724.831,2806.981,2413.970
2017-05-28 04:09:20.69,-725.551,2805.666,2414.243
2017-05-28 04:09:25.69,-726.543,2806.571,2416.177
2017-05-28 04:09:30.68,-726.434,2807.519,2413.331
2017-05-28 04:09:35.67,-726.690,2807.901,2413.511
2017-05-28 04:09:40.66,-727.343,2808.520,2416.189
2017-05-28 04:09:45.65,-730.422,2807.729,2416.453
2017-05-28 04:09:50.64,-731.827,2805.716,2416.413
2017-05-28 04:09:55.63,-733.019,2806.365,2413.455
2017-05-28 04:10:00.62,-731.506,2806.170,2412.607
2017-05-28 04:10:05.61,-733.634,2805.349,2414.309
2017-05-28 04:10:10.61,-734.372,2805.134,2411.756
2017-05-28 04:10:15.60,-734.921,2805.260,2410.791
2017-05-28 04:10:20.59,-734.804,2806.756,2411.743
2017-05-28 04:10:25.58,-737.374,2805.167,2413.984
2017-05-28 04:10:30.57,-737.839,2805.191,2412.800
2017-05-28 04:10:35.56,-741.281,2802.336,2415.010
2017-05-28 04:10:40.55,-739.645,2803.492,2409.738
2017-05-28 04:10:45.54,-737.422,2803.796,2408.215
2017-05-28 04:10:50.55,-737.119,2802.891,2410.505
2017-05-28 04:10:55.54,-737.688,2803.770,2411.239
2017-05-28 04:11:00.53,-740.978,2802.975,2412.783
2017-05-28 04:11:05.53,-740.183,2801.628,2413.837
2017-05-28 04:11:10.52,-743.735,2800.435,2413.804
2017-05-28 04:11:15.51,-744.199,2801.887,2418.162
2017-05-28 04:11:20.50,-744.231,2803.049,2414.461
2017-05-28 04:11:25.49,-743.736,2800.469,2414.098
2017-05-28 04:11:30.48,-743.985,2802.189,2415.671
2017-05-28 04:11:35.47,-743.467,2801.097,2413.264
2017-05-28 04:11:40.46,-747.008,2799.422,2417.167
2017-05-28 04:11:45.45,-743.435,2801.612,2412.805
2017-05-28 04:11:50.45,-743.422,2802.156,2413.149
2017-05-28 04:11:55.44,-741.769,2801.532,2417.064
2017-05-28 04:12:00.43,-742.831,2800.651,2413.239
2017-05-28 04:12:05.42,-741.009,2800.997,2412.472
2017-05-28 04:12:10.41,-743.834,2800.785,2413.573
2017-05-28 04:12:15.40,-744.335,2800.800,2414.924
2017-05-28 04:12:20.39,-743.341,2803.202,2413.305
2017-05-28 04:12:25.38,-745.591,2798.165,2413.939
2017-05-28 04:12:30.37,-747.288,2798.544,2414.240
2017-05-28 04:12:35.37,-745.319,2799.128,2413.750
2017-05-28 04:12:40.36,-748.321,2796.020,2417.332
2017-05-28 04:12:45.35,-746.522,2796.137,2421.358
2017-05-28 04:12:50.34,-742.466,2801.109,2418.158
2017-05-28 04:12:55.33,-742.435,2800.990,2417.485
2017-05-28 04:13:00.32,-743.951,2801.486,2415.953
2017-05-28 04:13:05.31,-740.475,2800.216,2415.512
2017-05-28 04:13:10.30,-741.269,2802.505,2416.430
2017-05-28 04:13:15.30,-740.423,2802.628,2415.301
2017-05-28 04:13:20.29,-736.859,2800.166,2416.431
2017-05-28 04:13:25.28,-738.639,2801.510,2415.221
2017-05-28 04:13:30.27,-737.792,2802.288,2412.864
2017-05-28 04:13:35.26,-742.123,2798.804,2416.446
2017-05-28 04:13:40.25,-737.598,2801.025,2416.154
2017-05-28 04:13:45.24,-738.664,2801.077,2418.025
2017-05-28 04:13:50.23,-737.860,2804.023,2419.047
2017-05-28 04:13:55.22,-741.004,2803.059,2420.355
2017-05-28 04:14:00.23,-739.612,2802.439,2416.843
2017-05-28 04:14:05.22,-740.411,2802.013,2417.737
2017-05-28 04:14:10.21,-739.528,2801.784,2419.135
2017-05-28 04:14:15.20,-738.820,2803.179,2415.822
2017-05-28 04:14:20.20,-737.884,2802.275,2413.873
2017-05-28 04:14:25.19,-733.825,2806.246,2412.596
2017-05-28 04:14:30.18,-735.417,2804.258,2411.645
2017-05-28 04:14:35.17,-731.840,2805.500,2410.300
2017-05-28 04:14:40.16,-735.337,2803.807,2415.558
2017-05-28 04:14:45.15,-737.481,2805.982,2417.088
2017-05-28 04:14:50.14,-735.934,2803.987,2418.730
2017-05-28 04:14:55.13,-737.048,2803.674,2420.408
2017-05-28 04:15:00.13,-737.465,2801.832,2415.505
2017-05-28 04:15:05.12,-733.456,2803.395,2414.925
2017-05-28 04:15:10.11,-735.571,2803.306,2413.526
2017-05-28 04:15:15.10,-733.488,2804.965,2412.494
2017-05-28 04:15:20.09,-736.271,2803.808,2413.336
2017-05-28 04:15:25.08,-736.834,2802.977,2412.057
2017-05-28 04:15:30.07,-735.450,2804.153,2415.716
2017-05-28 04:15:35.06,-736.345,2804.566,2416.911
2017-05-28 04:15:40.06,-736.405,2805.239,2417.404
2017-05-28 04:15:45.05,-739.192,2804.086,2417.155
2017-05-28 04:15:50.04,-736.941,2803.145,2414.382
2017-05-28 04:15:55.03,-737.470,2802.468,2413.969
2017-05-28 04:16:00.02,-736.143,2804.993,2421.038
2017-05-28 04:16:05.01,-733.102,2804.050,2417.115
2017-05-28 04:16:10.00,-733.819,2803.534,2417.811
2017-05-28 04:16:14.99,-731.457,2804.181,2416.724
2017-05-28 04:16:19.98,-733.578,2804.951,2418.366
2017-05-28 04:16:24.98,-733.773,2804.560,2415.602
2017-05-28 04:16:29.97,-734.326,2805.588,2417.232
2017-05-28 04:16:34.96,-735.058,2805.236,2416.386
2017-05-28 04:16:39.95,-737.524,2804.037,2415.487
2017-05-28 04:16:44.94,-733.901,2805.304,2413.876
2017-05-28 04:16:49.93,-728.377,2802.415,2414.581
2017-05-28 04:16:54.92,-729.868,2802.765,2416.315
2017-05-28 04:16:59.91,-729.255,2802.064,2418.979
2017-05-28 04:17:04.90,-732.915,2804.985,2417.299
2017-05-28 04:17:09.90,-731.029,2806.123,2415.627
2017-05-28 04:17:14.89,-731.843,2803.336,2410.714
2017-05-28 04:17:19.88,-731.422,2803.563,2412.106
2017-05-28 04:17:24.87,-732.135,2802.632,2411.429
2017-05-28 04:17:29.86,-733.441,2801.048,2413.929
2017-05-28 04:17:34.85,-733.896,2800.932,2413.800
2017-05-28 04:17:39.86,-736.896,2800.829,2411.081
2017-05-28 04:17:44.85,-734.609,2802.561,2408.392
2017-05-28 04:17:49.84,-734.819,2804.734,2411.451
2017-05-28 04:17:54.83,-736.545,2804.959,2412.858
2017-05-28 04:17:59.82,-738.299,2801.896,2411.309
2017-05-28 04:18:04.81,-738.453,2804.201,2409.064
2017-05-28 04:18:09.81,-739.502,2803.247,2412.138
2017-05-28 04:18:14.80,-740.331,2801.726,2416.413
2017-05-28 04:18:19.79,-740.576,2799.896,2413.942
2017-05-28 04:18:24.78,-741.361,2802.188,2413.632
2017-05-28 04:18:29.77,-742.073,2802.343,2416.515
2017-05-28 04:18:34.76,-741.183,2802.098,2415.554
2017-05-28 04:18:39.75,-737.500,2802.331,2414.996
2017-05-28 04:18:44.74,-737.537,2802.671,2413.932
2017-05-28 04:18:49.74,-739.944,2801.953,2415.199
2017-05-28 04:18:54.73,-736.786,2804.061,2415.836
2017-05-28 04:18:59.72,-736.651,2804.076,2415.733
2017-05-28 04:19:04.71,-736.979,2805.441,2414.313
2017-05-28 04:19:09.70,-734.145,2804.882,2409.228
2017-05-28 04:19:14.69,-733.354,2803.548,2410.465
2017-05-28 04:19:19.68,-734.213,2801.928,2414.596
2017-05-28 04:19:24.67,-735.860,2802.457,2410.799
2017-05-28 04:19:29.66,-737.556,2801.255,2412.829
2017-05-28 04:19:34.66,-737.977,2803.007,2415.167
2017-05-28 04:19:39.65,-738.101,2801.571,2413.580
2017-05-28 04:19:44.64,-736.201,2799.845,2413.177
2017-05-28 04:19:49.63,-738.461,2798.814,2412.591
2017-05-28 04:19:54.62,-740.929,2799.954,2414.431
2017-05-28 04:19:59.61,-740.077,2800.694,2412.874
2017-05-28 04:20:04.60,-738.797,2799.581,2415.955
2017-05-28 04:20:09.59,-736.339,2801.058,2414.505
2017-05-28 04:20:14.58,-735.457,2802.342,2414.266
2017-05-28 04:20:19.58,-734.151,2801.820,2411.957
2017-05-28 04:20:24.57,-734.801,2801.659,2409.779
2017-05-28 04:20:29.56,-734.886,2800.704,2411.935
2017-05-28 04:20:34.55,-733.714,2798.629,2416.618
2017-05-28 04:20:39.56,-732.362,2800.623,2417.922
2017-05-28 04:20:44.55,-739.002,2798.467,2416.302
2017-05-28 04:20:49.54,-731.664,2801.475,2416.425
2017-05-28 04:20:54.53,-735.766,2802.913,2411.044
2017-05-28 04:20:59.52,-736.066,2800.969,2414.502
2017-05-28 04:21:04.51,-734.275,2800.608,2411.123
2017-05-28 04:21:09.50,-736.481,2801.832,2412.252
2017-05-28 04:21:14.49,-736.348,2801.794,2413.466
2017-05-28 04:21:19.48,-736.076,2802.783,2412.144
2017-05-28 04:21:24.48,-738.057,2799.666,2409.960
2017-05-28 04:21:29.47,-736.291,2798.139,2412.227
2017-05-28 04:21:34.46,-732.855,2801.056,2414.861
2017-05-28 04:21:39.45,-734.030,2801.336,2419.010
2017-05-28 04:21:44.44,-733.336,2803.069,2415.438
2017-05-28 04:21:49.43,-735.025,2802.309,2416.724
2017-05-28 04:21:54.42,-735.169,2802.661,2410.588
2017-05-28 04:21:59.41,-737.343,2804.198,2409.083
2017-05-28 04:22:04.40,-736.460,2803.694,2407.688
2017-05-28 04:22:09.40,-737.269,2802.708,2412.679
2017-05-28 04:22:14.39,-739.139,2801.506,2412.231
2017-05-28 04:22:19.38,-738.571,2803.263,2411.551
2017-05-28 04:22:24.37,-739.676,2803.792,2411.924
2017-05-28 04:22:29.36,-737.685,2803.171,2415.780
2017-05-28 04:22:34.35,-739.367,2800.224,2411.345
2017-05-28 04:22:39.34,-739.549,2800.684,2409.047
2017-05-28 04:22:44.33,-737.361,2802.770,2408.566
2017-05-28 04:22:49.33,-740.425,2800.808,2410.157
2017-05-28 04:22:54.32,-739.815,2800.471,2411.408
2017-05-28 04:22:59.31,-739.978,2800.615,2408.562
2017-05-28 04:23:04.30,-740.594,2800.352,2408.897
2017-05-28 04:23:09.29,-742.464,2799.770,2409.974
2017-05-28 04:23:14.28,-742.762,2799.222,2406.556
2017-05-28 04:23:19.27,-743.559,2800.580,2407.702
2017-05-28 04:23:24.26,-744.625,2801.179,2414.565
2017-05-28 04:23:29.26,-746.136,2801.977,2413.791
2017-05-28 04:23:34.25,-745.992,2800.924,2411.473
2017-05-28 04:23:39.24,-748.830,2800.128,2411.503
2017-05-28 04:23:44.24,-748.485,2801.791,2410.381
2017-05-28 04:23:49.23,-747.803,2800.012,2408.302
2017-05-28 04:23:54.23,-747.612,2801.362,2411.799
2017-05-28 04:23:59.22,-747.832,2798.434,2413.293
2017-05-28 04:24:04.21,-748.485,2798.936,2409.020
2017-05-28 04:24:09.20,-750.588,2798.280,2410.575
2017-05-28 04:24:14.19,-750.086,2797.515,2413.662
2017-05-28 04:24:19.18,-748.160,2798.664,2417.331
2017-05-28 04:24:24.17,-747.704,2799.107,2415.911
2017-05-28 04:24:29.16,-752.229,2798.738,2411.256
2017-05-28 04:24:34.16,-747.494,2800.400,2413.083
2017-05-28 04:24:39.15,-750.050,2799.405,2412.443
2017-05-28 04:24:44.14,-750.608,2796.342,2412.166
2017-05-28 04:24:49.13,-749.254,2797.866,2416.876
2017-05-28 04:24:54.12,-751.524,2797.095,2417.346
2017-05-28 04:24:59.11,-752.362,2796.508,2415.056
2017-05-28 04:25:04.10,-754.149,2794.586,2412.347
2017-05-28 04:25:09.09,-752.846,2795.977,2416.230
2017-05-28 04:25:14.09,-755.643,2796.427,2418.601
2017-05-28 04:25:19.08,-753.546,2795.965,2415.954
2017-05-28 04:25:24.07,-752.862,2795.711,2412.716
2017-05-28 04:25:29.06,-751.975,2795.522,2412.860
2017-05-28 04:25:34.05,-751.988,2795.068,2411.575
2017-05-28 04:25:39.04,-749.650,2799.655,2415.258
2017-05-28 04:25:44.03,-749.432,2797.801,2414.880
2017-05-28 04:25:49.02,-753.396,2795.457,2412.115
2017-05-28 04:25:54.01,-752.215,2797.172,2409.982
2017-05-28 04:25:59.02,-753.815,2795.641,2409.374
2017-05-28 04:26:04.01,-757.271,2795.433,2408.389
2017-05-28 04:26:09.00,-757.663,2796.878,2411.701
2017-05-28 04:26:13.99,-755.372,2795.326,2408.995
2017-05-28 04:26:18.99,-755.371,2791.935,2408.875
2017-05-28 04:26:23.98,-757.039,2794.098,2411.590
2017-05-28 04:26:28.97,-754.325,2797.671,2415.396
2017-05-28 04:26:33.96,-753.616,2795.732,2413.345
2017-05-28 04:26:38.95,-753.713,2796.953,2412.489
2017-05-28 04:26:43.94,-754.555,2795.500,2411.093
2017-05-28 04:26:48.93,-753.164,2795.965,2411.694
2017-05-28 04:26:53.92,-757.725,2793.738,2414.755
2017-05-28 04:26:58.92,-756.572,2793.375,2413.526
2017-05-28 04:27:03.91,-757.281,2792.682,2417.718
2017-05-28 04:27:08.90,-758.152,2794.348,2417.581
2017-05-28 04:27:13.89,-757.279,2795.611,2417.478
2017-05-28 04:27:18.88,-754.768,2794.641,2414.510
2017-05-28 04:27:23.87,-755.442,2796.376,2416.627
2017-05-28 04:27:28.86,-757.755,2795.839,2415.298
2017-05-28 04:27:33.85,-755.911,2796.093,2417.621
2017-05-28 04:27:38.84,-755.501,2795.372,2413.982
2017-05-28 04:27:43.84,-751.900,2797.674,2412.491
2017-05-28 04:27:48.83,-752.378,2795.431,2414.086
2017-05-28 04:27:53.82,-750.639,2795.815,2417.306
2017-05-28 04:27:58.81,-750.847,2796.413,2418.163
2017-05-28 04:28:03.80,-751.870,2795.811,2417.108
2017-05-28 04:28:08.79,-749.434,2795.881,2418.375
2017-05-28 04:28:13.78,-749.721,2795.303,2415.292
2017-05-28 04:28:18.77,-749.831,2795.094,2415.798
2017-05-28 04:28:23.76,-748.628,2796.289,2416.384
2017-05-28 04:28:28.76,-744.017,2798.410,2415.083
2017-05-28 04:28:33.75,-749.275,2794.914,2414.278
2017-05-28 04:28:38.74,-746.822,2796.085,2412.949
2017-05-28 04:28:43.73,-744.252,2796.832,2416.082
2017-05-28 04:28:48.72,-745.390,2796.598,2416.569
2017-05-28 04:28:53.71,-746.299,2796.709,2416.602
2017-05-28 04:28:58.70,-744.586,2800.602,2417.808
2017-05-28 04:29:03.69,-747.036,2799.669,2415.118
2017-05-28 04:29:08.68,-745.018,2798.890,2416.982
2017-05-28 04:29:13.68,-744.545,2798.418,2418.805
2017-05-28 04:29:18.67,-741.196,2800.346,2418.217
2017-05-28 04:29:23.66,-744.081,2798.791,2418.660
2017-05-28 04:29:28.65,-744.458,2799.744,2413.093
2017-05-28 04:29:33.64,-748.164,2798.682,2413.555
2017-05-28 04:29:38.63,-747.664,2797.623,2416.727
2017-05-28 04:29:43.62,-750.151,2800.584,2416.145
2017-05-28 04:29:48.61,-749.018,2801.452,2412.153
2017-05-28 04:29:53.61,-747.286,2798.082,2410.258
2017-05-28 04:29:58.60,-748.232,2800.352,2409.203
2017-05-28 04:30:03.59,-749.203,2799.107,2411.899
2017-05-28 04:30:08.58,-748.792,2799.636,2411.688
2017-05-28 04:30:13.57,-750.645,2798.705,2410.047
2017-05-28 04:30:18.56,-751.582,2796.548,2410.424
2017-05-28 04:30:23.55,-750.786,2795.709,2411.439
2017-05-28 04:30:28.54,-749.072,2797.022,2413.286
2017-05-28 04:30:33.53,-747.481,2797.781,2416.183
2017-05-28 04:30:38.53,-747.328,2796.974,2415.198
2017-05-28 04:30:43.52,-743.612,2798.981,2413.101
2017-05-28 04:30:48.51,-744.374,2800.413,2413.151
2017-05-28 04:30:53.50,-745.027,2798.188,2414.705
2017-05-28 04:30:58.49,-743.986,2800.544,2416.791
2017-05-28 04:31:03.48,-742.214,2800.088,2415.350
2017-05-28 04:31:08.47,-742.935,2798.937,2415.414
2017-05-28 04:31:13.46,-744.065,2799.317,2414.089
2017-05-28 04:31:18.45,-742.217,2798.050,2413.406
2017-05-28 04:31:23.45,-743.327,2796.705,2412.848
2017-05-28 04:31:28.44,-741.619,2799.342,2411.922
2017-05-28 04:31:33.43,-741.657,2799.066,2413.062
2017-05-28 04:31:38.42,-741.972,2799.957,2411.659
2017-05-28 04:31:43.43,-741.439,2800.725,2412.757
2017-05-28 04:31:48.42,-744.162,2801.020,2408.813
2017-05-28 04:31:53.41,-744.875,2799.034,2408.725
2017-05-28 04:31:58.40,-745.289,2800.769,2406.959
2017-05-28 04:32:03.39,-742.636,2800.719,2407.840
2017-05-28 04:32:08.38,-739.854,2801.257,2412.846
2017-05-28 04:32:13.37,-739.254,2799.418,2411.274
2017-05-28 04:32:18.36,-739.618,2798.822,2412.050
2017-05-28 04:32:23.36,-738.542,2802.303,2410.289
2017-05-28 04:32:28.35,-740.292,2801.728,2409.431
2017-05-28 04:32:33.34,-741.172,2799.664,2412.318
2017-05-28 04:32:38.33,-742.481,2799.488,2410.561
2017-05-28 04:32:43.32,-740.714,2798.722,2407.455
2017-05-28 04:32:48.31,-740.972,2799.992,2407.082
2017-05-28 04:32:53.30,-740.508,2800.322,2409.212
2017-05-28 04:32:58.29,-739.557,2800.018,2408.580
2017-05-28 04:33:03.28,-736.602,2802.476,2409.534
2017-05-28 04:33:08.28,-738.976,2802.882,2407.753
2017-05-28 04:33:13.27,-737.538,2802.939,2409.203
2017-05-28 04:33:18.26,-737.205,2801.274,2411.894
2017-05-28 04:33:23.25,-738.142,2801.922,2410.816
2017-05-28 04:33:28.24,-740.462,2803.454,2412.184
2017-05-28 04:33:33.23,-737.477,2801.380,2411.848
2017-05-28 04:33:38.22,-735.408,2801.403,2411.382
2017-05-28 04:33:43.21,-734.774,2800.143,2408.905
2017-05-28 04:33:48.21,-734.821,2802.620,2412.679
2017-05-28 04:33:53.20,-734.372,2802.661,2411.694
2017-05-28 04:33:58.19,-733.969,2803.451,2407.132
2017-05-28 04:34:03.18,-733.715,2800.882,2407.628
2017-05-28 04:34:08.17,-735.432,2801.599,2407.880
2017-05-28 04:34:13.16,-736.568,2804.298,2407.649
2017-05-28 04:34:18.15,-737.057,2804.988,2413.511
2017-05-28 04:34:23.14,-737.909,2802.002,2414.361
2017-05-28 04:34:28.13,-733.907,2804.492,2413.653
2017-05-28 04:34:33.13,-733.917,2805.849,2415.829
2017-05-28 04:34:38.12,-729.783,2804.388,2413.811
2017-05-28 04:34:43.11,-728.184,2807.587,2413.589
2017-05-28 04:34:48.10,-729.829,2803.733,2413.586
2017-05-28 04:34:53.09,-726.628,2806.781,2412.414
2017-05-28 04:34:58.08,-725.321,2807.200,2412.806
2017-05-28 04:35:03.07,-729.290,2804.701,2412.276
2017-05-28 04:35:08.06,-726.338,2806.938,2412.920
2017-05-28 04:35:13.05,-723.988,2807.291,2411.878
2017-05-28 04:35:18.05,-721.497,2810.465,2413.646
2017-05-28 04:35:23.04,-719.227,2812.300,2414.553
2017-05-28 04:35:28.03,-719.906,2811.776,2412.781
2017-05-28 04:35:33.02,-717.568,2811.693,2414.396
2017-05-28 04:35:38.01,-718.535,2812.240,2416.312
2017-05-28 04:35:43.00,-719.024,2811.707,2413.735
2017-05-28 04:35:47.99,-713.092,2812.693,2414.389
2017-05-28 04:35:52.98,-713.381,2812.656,2409.576
2017-05-28 04:35:57.98,-714.541,2812.240,2412.536
2017-05-28 04:36:02.97,-711.619,2813.976,2409.827
2017-05-28 04:36:07.96,-713.311,2814.818,2409.293
2017-05-28 04:36:12.95,-713.061,2815.562,2414.340
2017-05-28 04:36:17.94,-712.352,2816.613,2413.553
2017-05-28 04:36:22.93,-711.721,2815.569,2412.811
2017-05-28 04:36:27.92,-712.058,2814.692,2416.429
2017-05-28 04:36:32.93,-710.109,2815.895,2416.850
2017-05-28 04:36:37.92,-710.018,2817.695,2412.487
2017-05-28 04:36:42.91,-708.967,2818.528,2411.666
2017-05-28 04:36:47.90,-710.068,2816.786,2416.151
2017-05-28 04:36:52.89,-709.474,2817.281,2413.503
2017-05-28 04:36:57.88,-711.599,2816.715,2414.867
2017-05-28 04:37:02.88,-712.335,2817.262,2412.409
2017-05-28 04:37:07.87,-712.734,2816.284,2412.716
2017-05-28 04:37:12.86,-711.424,2815.787,2415.536
2017-05-28 04:37:17.85,-713.441,2817.425,2415.758
2017-05-28 04:37:22.84,-714.557,2817.659,2416.456
2017-05-28 04:37:27.83,-714.375,2815.756,2415.915
2017-05-28 04:37:32.82,-713.014,2815.941,2412.758
2017-05-28 04:37:37.81,-713.909,2815.356,2412.194
2017-05-28 04:37:42.81,-713.340,2814.820,2414.443
2017-05-28 04:37:47.80,-710.854,2815.171,2412.594
2017-05-28 04:37:52.79,-714.197,2815.070,2414.717
2017-05-28 04:37:57.78,-714.631,2814.833,2410.187
2017-05-28 04:38:02.77,-713.834,2815.885,2411.293
2017-05-28 04:38:07.76,-716.555,2813.796,2410.612
2017-05-28 04:38:12.75,-716.439,2812.185,2411.154
2017-05-28 04:38:17.74,-720.641,2812.878,2411.308
2017-05-28 04:38:22.73,-718.001,2814.675,2412.707
2017-05-28 04:38:27.73,-720.207,2811.382,2411.786
2017-05-28 04:38:32.72,-718.381,2811.929,2409.498
2017-05-28 04:38:37.71,-720.965,2813.500,2410.079
2017-05-28 04:38:42.70,-720.611,2812.842,2410.722
2017-05-28 04:38:47.69,-721.042,2813.144,2412.434
2017-05-28 04:38:52.68,-719.594,2813.258,2409.299
2017-05-28 04:38:57.69,-719.616,2812.272,2408.015
2017-05-28 04:39:02.68,-719.634,2810.914,2409.074
2017-05-28 04:39:07.67,-722.256,2809.858,2410.356
2017-05-28 04:39:12.66,-724.651,2808.465,2414.327
2017-05-28 04:39:17.65,-725.637,2809.233,2413.894
2017-05-28 04:39:22.64,-727.919,2808.664,2410.058
2017-05-28 04:39:27.64,-726.319,2808.952,2412.263
2017-05-28 04:39:32.63,-725.679,2806.803,2413.283
2017-05-28 04:39:37.62,-723.608,2808.791,2415.000
2017-05-28 04:39:42.61,-722.305,2807.815,2412.892
2017-05-28 04:39:47.60,-727.543,2806.057,2409.689
2017-05-28 04:39:52.59,-729.204,2805.905,2412.247
2017-05-28 04:39:57.58,-731.042,2805.195,2415.365
2017-05-28 04:40:02.57,-732.043,2806.163,2413.343
2017-05-28 04:40:07.57,-731.495,2807.429,2415.449
2017-05-28 04:40:12.56,-729.432,2805.428,2415.493
2017-05-28 04:40:17.55,-729.944,2805.971,2415.218
2017-05-28 04:40:22.54,-728.741,2805.123,2412.476
2017-05-28 04:40:27.53,-727.945,2805.487,2416.705
2017-05-28 04:40:32.52,-729.306,2805.929,2415.536
2017-05-28 04:40:37.51,-731.371,2805.718,2412.921
2017-05-28 04:40:42.50,-733.075,2804.988,2411.089
2017-05-28 04:40:47.49,-731.398,2804.154,2414.896
2017-05-28 04:40:52.49,-731.165,2802.911,2415.200
2017-05-28 04:40:57.48,-728.213,2805.489,2415.379
2017-05-28 04:41:02.47,-730.809,2803.535,2413.931
2017-05-28 04:41:07.46,-731.806,2805.608,2414.904
2017-05-28 04:41:12.45,-734.594,2806.272,2414.352
2017-05-28 04:41:17.44,-728.475,2806.971,2411.351
2017-05-28 04:41:22.43,-726.765,2806.335,2411.805
2017-05-28 04:41:27.42,-727.671,2807.658,2411.516
2017-05-28 04:41:32.41,-725.745,2807.166,2411.138
2017-05-28 04:41:37.41,-726.929,2806.566,2413.114
2017-05-28 04:41:42.41,-727.578,2806.055,2412.135
2017-05-28 04:41:47.40,-724.885,2806.536,2415.104
2017-05-28 04:41:52.40,-724.044,2806.137,2411.851
2017-05-28 04:41:57.39,-724.801,2804.088,2410.655
2017-05-28 04:42:02.38,-726.472,2805.765,2410.447
2017-05-28 04:42:07.37,-725.885,2808.243,2411.162
2017-05-28 04:42:12.36,-723.882,2807.106,2410.114
2017-05-28 04:42:17.35,-724.736,2806.087,2409.730
2017-05-28 04:42:22.34,-723.352,2806.078,2411.116
2017-05-28 04:42:27.33,-726.342,2807.906,2414.878
2017-05-28 04:42:32.32,-717.728,2808.415,2415.364
2017-05-28 04:42:37.32,-717.558,2811.110,2414.228
2017-05-28 04:42:42.31,-719.098,2810.995,2415.366
2017-05-28 04:42:47.30,-717.116,2811.463,2414.738
2017-05-28 04:42:52.29,-714.783,2811.580,2413.959
2017-05-28 04:42:57.28,-714.141,2810.905,2413.445
2017-05-28 04:43:02.27,-713.535,2810.489,2413.363
2017-05-28 04:43:07.26,-712.056,2812.876,2417.904
2017-05-28 04:43:12.25,-712.809,2813.092,2416.339
2017-05-28 04:43:17.24,-709.782,2812.825,2413.257
2017-05-28 04:43:22.24,-710.975,2813.455,2414.081
2017-05-28 04:43:27.23,-708.607,2811.257,2414.034
2017-05-28 04:43:32.22,-706.021,2815.124,2415.056
2017-05-28 04:43:37.21,-705.065,2815.211,2414.994
2017-05-28 04:43:42.20,-701.149,2816.177,2412.873
2017-05-28 04:43:47.19,-701.125,2816.780,2414.628
2017-05-28 04:43:52.18,-696.904,2816.133,2414.270
2017-05-28 04:43:57.17,-698.956,2817.143,2415.881
2017-05-28 04:44:02.17,-699.841,2817.600,2417.984
2017-05-28 04:44:07.17,-698.071,2818.301,2416.333
2017-05-28 04:44:12.16,-700.541,2817.634,2416.544
2017-05-28 04:44:17.15,-703.032,2818.537,2416.221
2017-05-28 04:44:22.15,-698.680,2817.078,2418.084
2017-05-28 04:44:27.14,-697.280,2816.727,2417.064
2017-05-28 04:44:32.13,-696.888,2816.339,2414.954
2017-05-28 04:44:37.12,-695.579,2819.711,2417.298
2017-05-28 04:44:42.11,-693.405,2820.712,2415.095
2017-05-28 04:44:47.10,-695.299,2819.075,2418.359
2017-05-28 04:44:52.09,-691.529,2820.782,2416.085
2017-05-28 04:44:57.08,-691.694,2818.704,2415.693
2017-05-28 04:45:02.08,-691.584,2819.855,2411.126
2017-05-28 04:45:07.07,-692.622,2820.389,2415.004
2017-05-28 04:45:12.06,-690.250,2819.440,2413.126
2017-05-28 04:45:17.05,-685.398,2819.815,2411.729
2017-05-28 04:45:22.04,-687.686,2821.812,2413.704
2017-05-28 04:45:27.03,-687.281,2821.918,2413.799
2017-05-28 04:45:32.02,-686.871,2820.772,2412.381
2017-05-28 04:45:37.01,-687.014,2821.714,2409.865
2017-05-28 04:45:42.00,-688.690,2822.712,2412.691
2017-05-28 04:45:47.00,-689.396,2822.599,2412.451
2017-05-28 04:45:51.99,-683.683,2823.159,2405.172
2017-05-28 04:45:56.98,-683.775,2823.690,2404.444
2017-05-28 04:46:01.97,-685.265,2823.291,2407.579
2017-05-28 04:46:06.96,-684.621,2824.474,2408.713
2017-05-28 04:46:11.95,-686.741,2823.257,2408.949
2017-05-28 04:46:16.94,-686.786,2824.206,2411.292
2017-05-28 04:46:21.93,-682.137,2825.917,2409.992
2017-05-28 04:46:26.92,-678.953,2827.158,2411.386
2017-05-28 04:46:31.93,-683.843,2825.033,2409.354
2017-05-28 04:46:36.92,-684.777,2825.896,2405.273
2017-05-28 04:46:41.91,-684.277,2826.099,2406.808
2017-05-28 04:46:46.91,-682.275,2826.273,2410.382
2017-05-28 04:46:51.90,-679.611,2827.907,2409.975
2017-05-28 04:46:56.89,-679.989,2826.238,2414.525
2017-05-28 04:47:01.88,-681.170,2826.744,2411.079
2017-05-28 04:47:06.87,-681.388,2826.345,2412.578
2017-05-28 04:47:11.86,-680.900,2828.989,2411.333
2017-05-28 04:47:16.85,-680.749,2826.963,2409.801
2017-05-28 04:47:21.84,-682.461,2825.274,2409.282
2017-05-28 04:47:26.83,-678.634,2824.336,2412.044
2017-05-28 04:47:31.83,-678.479,2823.726,2412.462
2017-05-28 04:47:36.82,-679.851,2825.632,2409.750
2017-05-28 04:47:41.81,-679.218,2824.794,2407.341
2017-05-28 04:47:46.80,-684.498,2824.913,2409.818
2017-05-28 04:47:51.79,-683.906,2825.776,2404.262
2017-05-28 04:47:56.78,-688.435,2824.500,2408.707
2017-05-28 04:48:01.77,-688.439,2823.452,2412.455
2017-05-28 04:48:06.76,-686.996,2823.240,2408.301
2017-05-28 04:48:11.75,-687.798,2822.083,2410.056
2017-05-28 04:48:16.75,-693.403,2821.842,2410.136
2017-05-28 04:48:21.74,-689.948,2823.449,2408.837
2017-05-28 04:48:26.73,-694.156,2820.283,2409.658
2017-05-28 04:48:31.72,-687.452,2825.697,2412.293
2017-05-28 04:48:36.71,-689.878,2823.360,2410.551
2017-05-28 04:48:41.70,-684.700,2826.841,2406.989
2017-05-28 04:48:46.69,-686.699,2823.730,2407.714
2017-05-28 04:48:51.68,-691.139,2823.396,2405.742
2017-05-28 04:48:56.68,-690.115,2826.848,2406.667
2017-05-28 04:49:01.67,-681.099,2829.153,2407.918
2017-05-28 04:49:06.66,-685.773,2825.930,2409.394
2017-05-28 04:49:11.65,-693.577,2823.284,2414.601
2017-05-28 04:49:16.64,-700.328,2821.928,2416.321
2017-05-28 04:49:21.63,-705.799,2817.674,2414.674
2017-05-28 04:49:26.62,-702.304,2819.326,2413.976
2017-05-28 04:49:31.61,-695.032,2823.817,2410.139
2017-05-28 04:49:36.61,-679.836,2830.762,2409.962
2017-05-28 04:49:41.60,-679.141,2828.329,2413.354
2017-05-28 04:49:46.59,-708.658,2816.139,2414.323
2017-05-28 04:49:51.58,-683.863,2824.276,2409.729
2017-05-28 04:49:56.57,-667.936,2830.911,2409.295
2017-05-28 04:50:01.56,-698.521,2818.947,2408.454
2017-05-28 04:50:06.55,-699.829,2817.983,2412.309
2017-05-28 04:50:11.54,-703.846,2819.651,2414.189
2017-05-28 04:50:16.55,-702.315,2821.183,2414.069
2017-05-28 04:50:21.54,-703.028,2821.045,2413.505
2017-05-28 04:50:26.53,-702.476,2818.761,2411.168
2017-05-28 04:50:31.52,-701.645,2819.797,2413.714
2017-05-28 04:50:36.51,-698.337,2819.808,2412.818
2017-05-28 04:50:41.51,-697.967,2820.612,2415.942
2017-05-28 04:50:46.50,-700.672,2818.716,2416.343
2017-05-28 04:50:51.49,-703.924,2819.017,2412.702
2017-05-28 04:50:56.48,-704.493,2816.125,2416.135
2017-05-28 04:51:01.47,-703.251,2818.340,2414.965
2017-05-28 04:51:06.46,-701.274,2819.553,2414.635
2017-05-28 04:51:11.45,-703.235,2820.636,2414.321
2017-05-28 04:51:16.44,-701.584,2818.644,2415.478
2017-05-28 04:51:21.44,-705.114,2820.522,2416.656
2017-05-28 04:51:26.43,-706.804,2820.592,2414.649
2017-05-28 04:51:31.42,-708.695,2818.838,2411.866
2017-05-28 04:51:36.41,-707.022,2817.301,2411.482
2017-05-28 04:51:41.40,-702.068,2818.739,2413.484
2017-05-28 04:51:46.39,-703.314,2814.985,2410.407
2017-05-28 04:51:51.38,-703.993,2818.505,2413.658
2017-05-28 04:51:56.37,-702.742,2817.957,2411.766
2017-05-28 04:52:01.36,-705.165,2818.964,2410.653
2017-05-28 04:52:06.36,-706.789,2819.068,2413.638
2017-05-28 04:52:11.36,-707.219,2817.897,2413.218
2017-05-28 04:52:16.35,-706.971,2816.101,2416.300
2017-05-28 04:52:21.34,-704.401,2815.442,2415.770
2017-05-28 04:52:26.34,-706.574,2817.193,2415.410
2017-05-28 04:52:31.33,-707.622,2816.997,2414.468
2017-05-28 04:52:36.32,-703.148,2817.489,2413.181
2017-05-28 04:52:41.31,-702.061,2818.423,2419.230
2017-05-28 04:52:46.30,-705.641,2816.464,2413.887
2017-05-28 04:52:51.29,-705.368,2817.819,2416.273
2017-05-28 04:52:56.28,-705.102,2817.055,2412.189
2017-05-28 04:53:01.27,-701.488,2818.640,2413.819
2017-05-28 04:53:06.27,-702.896,2819.332,2410.997
2017-05-28 04:53:11.26,-703.052,2817.161,2411.917
2017-05-28 04:53:16.25,-703.802,2818.093,2414.750
2017-05-28 04:53:21.24,-702.821,2820.411,2418.301
2017-05-28 04:53:26.23,-699.826,2819.839,2418.432
2017-05-28 04:53:31.22,-700.189,2820.408,2417.651
2017-05-28 04:53:36.21,-701.615,2822.591,2413.840
2017-05-28 04:53:41.20,-696.591,2822.402,2419.290
2017-05-28 04:53:46.20,-698.721,2820.652,2414.988
2017-05-28 04:53:51.19,-696.781,2822.013,2413.747
2017-05-28 04:53:56.18,-697.586,2819.197,2412.204
2017-05-28 04:54:01.17,-698.944,2821.124,2414.025
2017-05-28 04:54:06.16,-694.427,2820.605,2412.490
2017-05-28 04:54:11.15,-696.276,2819.728,2415.993
2017-05-28 04:54:16.14,-695.790,2820.640,2416.952
2017-05-28 04:54:21.14,-694.386,2819.651,2412.123
2017-05-28 04:54:26.14,-693.656,2820.592,2411.704
2017-05-28 04:54:31.13,-696.199,2819.871,2413.214
2017-05-28 04:54:36.12,-697.584,2819.901,2414.498
2017-05-28 04:54:41.12,-695.202,2819.138,2412.149
2017-05-28 04:54:46.11,-696.522,2820.284,2411.334
2017-05-28 04:54:51.10,-694.402,2821.624,2414.800
2017-05-28 04:54:56.09,-694.906,2823.405,2413.304
2017-05-28 04:55:01.08,-692.834,2823.066,2414.967
2017-05-28 04:55:06.07,-691.591,2821.365,2412.227
2017-05-28 04:55:11.06,-690.874,2822.232,2410.812
2017-05-28 04:55:16.05,-690.955,2822.083,2416.454
2017-05-28 04:55:21.05,-688.375,2823.577,2414.226
2017-05-28 04:55:26.04,-688.542,2822.367,2411.575
2017-05-28 04:55:31.03,-685.109,2825.802,2408.818
2017-05-28 04:55:36.02,-685.171,2826.034,2409.398
2017-05-28 04:55:41.01,-684.343,2826.925,2410.899
2017-05-28 04:55:46.00,-683.752,2826.823,2408.712
2017-05-28 04:55:50.99,-680.406,2827.518,2408.655
2017-05-28 04:55:55.98,-677.309,2828.509,2407.799
2017-05-28 04:56:00.97,-680.304,2828.055,2411.913
2017-05-28 04:56:05.97,-679.733,2825.008,2411.262
2017-05-28 04:56:10.96,-681.580,2825.051,2411.559
2017-05-28 04:56:15.95,-682.363,2824.854,2408.112
2017-05-28 04:56:20.94,-680.779,2824.531,2408.976
2017-05-28 04:56:25.93,-679.994,2826.730,2411.484
2017-05-28 04:56:30.92,-676.378,2829.062,2411.888
2017-05-28 04:56:35.91,-672.735,2828.527,2407.571
2017-05-28 04:56:40.91,-672.086,2827.038,2409.919
2017-05-28 04:56:45.90,-673.795,2827.572,2408.785
2017-05-28 04:56:50.89,-673.649,2828.831,2408.996
2017-05-28 04:56:55.88,-669.319,2827.995,2407.625
2017-05-28 04:57:00.87,-668.732,2830.063,2406.265
2017-05-28 04:57:05.86,-667.521,2831.154,2408.829
2017-05-28 04:57:10.85,-667.148,2830.637,2412.161
2017-05-28 04:57:15.84,-666.118,2829.383,2411.600
2017-05-28 04:57:20.84,-666.400,2828.442,2411.599
2017-05-28 04:57:25.83,-665.358,2828.822,2412.750
2017-05-28 04:57:30.82,-662.091,2831.006,2410.162
2017-05-28 04:57:35.81,-662.978,2829.562,2408.485
2017-05-28 04:57:40.80,-662.547,2831.403,2410.465
2017-05-28 04:57:45.79,-663.429,2831.860,2411.273
2017-05-28 04:57:50.78,-663.605,2829.810,2411.212
2017-05-28 04:57:55.77,-660.463,2832.049,2412.050
2017-05-28 04:58:00.77,-661.813,2832.821,2410.154
2017-05-28 04:58:05.76,-660.596,2833.722,2410.335
2017-05-28 04:58:10.76,-661.684,2833.152,2408.589
2017-05-28 04:58:15.74,-660.956,2834.233,2411.781
2017-05-28 04:58:20.73,-656.317,2835.993,2411.965
2017-05-28 04:58:25.72,-657.440,2834.351,2410.602
2017-05-28 04:58:30.71,-656.068,2835.000,2412.964
2017-05-28 04:58:35.70,-656.607,2836.078,2412.313
2017-05-28 04:58:40.69,-660.417,2835.049,2410.338
2017-05-28 04:58:45.69,-660.668,2832.434,2412.262
2017-05-28 04:58:50.68,-661.134,2835.153,2414.288
2017-05-28 04:58:55.68,-662.096,2834.896,2415.055
2017-05-28 04:59:00.67,-663.880,2835.755,2414.420
2017-05-28 04:59:05.67,-664.814,2834.841,2416.181
2017-05-28 04:59:10.66,-665.536,2832.973,2420.568
2017-05-28 04:59:15.65,-662.278,2835.637,2418.348
2017-05-28 04:59:20.64,-662.938,2832.503,2420.069
2017-05-28 04:59:25.63,-666.711,2831.512,2419.858
2017-05-28 04:59:30.62,-664.824,2832.346,2416.657
2017-05-28 04:59:35.61,-666.721,2830.059,2411.000
2017-05-28 04:59:40.61,-664.824,2828.622,2410.471
2017-05-28 04:59:45.60,-665.486,2831.438,2408.146
2017-05-28 04:59:50.59,-668.453,2830.363,2411.152
2017-05-28 04:59:55.58,-667.020,2829.064,2410.582
2017-05-28 05:00:00.57,-665.946,2829.765,2407.855
2017-05-28 05:00:05.56,-667.035,2826.909,2408.678
2017-05-28 05:00:10.55,-666.954,2828.037,2407.313
2017-05-28 05:00:15.54,-667.636,2829.309,2409.012
2017-05-28 05:00:20.53,-671.808,2828.448,2409.188
2017-05-28 05:00:25.53,-666.951,2828.975,2409.587
2017-05-28 05:00:30.52,-668.242,2827.384,2410.446
2017-05-28 05:00:35.51,-670.638,2828.265,2412.618
2017-05-28 05:00:40.50,-670.660,2825.841,2412.959
2017-05-28 05:00:45.49,-670.440,2828.776,2414.179
2017-05-28 05:00:50.48,-669.108,2828.770,2413.008
2017-05-28 05:00:55.47,-669.395,2830.864,2409.018
2017-05-28 05:01:00.46,-671.810,2829.460,2408.325
2017-05-28 05:01:05.46,-675.067,2829.285,2408.147
2017-05-28 05:01:10.45,-675.864,2827.992,2409.852
2017-05-28 05:01:15.44,-676.058,2829.011,2411.563
2017-05-28 05:01:20.43,-677.234,2828.922,2414.088
2017-05-28 05:01:25.42,-676.155,2830.255,2410.716
2017-05-28 05:01:30.41,-676.616,2827.020,2410.470
2017-05-28 05:01:35.40,-678.419,2828.267,2408.800
2017-05-28 05:01:40.39,-675.142,2828.969,2410.924
2017-05-28 05:01:45.39,-676.638,2827.344,2408.997
2017-05-28 05:01:50.38,-674.060,2828.646,2406.907
2017-05-28 05:01:55.37,-677.764,2826.566,2411.161
2017-05-28 05:02:00.36,-677.402,2826.186,2411.093
2017-05-28 05:02:05.35,-677.794,2826.340,2408.202
2017-05-28 05:02:10.34,-677.585,2827.372,2407.679
2017-05-28 05:02:15.33,-676.732,2827.351,2408.928
2017-05-28 05:02:20.32,-676.006,2825.184,2413.990
2017-05-28 05:02:25.31,-676.561,2825.990,2408.262
2017-05-28 05:02:30.32,-678.998,2826.854,2409.555
2017-05-28 05:02:35.31,-678.017,2830.072,2412.172
2017-05-28 05:02:40.30,-676.217,2831.457,2413.692
2017-05-28 05:02:45.30,-673.084,2830.813,2411.379
2017-05-28 05:02:50.29,-675.736,2829.023,2412.114
2017-05-28 05:02:55.28,-677.125,2829.978,2412.326
2017-05-28 05:03:00.27,-677.523,2829.669,2412.814
2017-05-28 05:03:05.26,-677.316,2826.904,2414.632
2017-05-28 05:03:10.25,-675.748,2828.535,2412.573
2017-05-28 05:03:15.24,-676.612,2829.937,2412.064
2017-05-28 05:03:20.23,-677.698,2831.117,2414.975
2017-05-28 05:03:25.23,-675.829,2829.478,2415.898
2017-05-28 05:03:30.22,-676.944,2826.682,2413.778
2017-05-28 05:03:35.21,-676.079,2827.240,2414.286
2017-05-28 05:03:40.20,-676.549,2829.201,2415.010
2017-05-28 05:03:45.19,-676.818,2829.080,2411.121
2017-05-28 05:03:50.18,-677.552,2827.134,2414.013
2017-05-28 05:03:55.17,-676.703,2827.752,2415.275
2017-05-28 05:04:00.16,-677.038,2827.782,2413.798
2017-05-28 05:04:05.15,-675.148,2827.872,2414.641
2017-05-28 05:04:10.15,-671.415,2830.035,2416.305
2017-05-28 05:04:15.14,-671.902,2829.394,2418.541
2017-05-28 05:04:20.13,-668.624,2829.635,2419.754
2017-05-28 05:04:25.12,-668.821,2830.118,2420.268
2017-05-28 05:04:30.11,-668.679,2828.616,2415.364
2017-05-28 05:04:35.10,-669.536,2828.822,2413.468
2017-05-28 05:04:40.09,-668.889,2830.497,2413.285
2017-05-28 05:04:45.08,-668.939,2831.432,2417.191
2017-05-28 05:04:50.08,-668.617,2832.046,2414.240
2017-05-28 05:04:55.07,-668.375,2831.598,2413.156
2017-05-28 05:05:00.06,-666.198,2831.710,2416.856
2017-05-28 05:05:05.05,-665.342,2832.260,2414.211
2017-05-28 05:05:10.04,-662.326,2834.859,2415.323
2017-05-28 05:05:15.05,-664.191,2831.955,2417.945
2017-05-28 05:05:20.04,-666.095,2829.811,2419.852
2017-05-28 05:05:25.03,-668.245,2827.964,2417.185
2017-05-28 05:05:30.02,-667.399,2828.237,2416.048
2017-05-28 05:05:35.01,-664.747,2829.515,2418.041
2017-05-28 05:05:40.00,-666.388,2828.770,2414.500
2017-05-28 05:05:44.99,-664.687,2830.445,2411.161
2017-05-28 05:05:49.99,-664.627,2829.359,2411.602
2017-05-28 05:05:54.98,-663.012,2828.515,2409.781
2017-05-28 05:05:59.97,-666.580,2828.644,2410.392
2017-05-28 05:06:04.96,-665.877,2831.981,2412.352
2017-05-28 05:06:09.93,-665.184,2831.378,2411.634
2017-05-28 05:06:14.94,-664.798,2832.170,2412.791
2017-05-28 05:06:19.93,-666.048,2832.418,2411.022
2017-05-28 05:06:24.92,-665.232,2833.665,2413.671
2017-05-28 05:06:29.92,-664.728,2833.646,2413.609
2017-05-28 05:06:34.91,-665.110,2832.986,2412.906
2017-05-28 05:06:39.90,-664.174,2833.456,2413.118
2017-05-28 05:06:44.89,-661.493,2833.898,2409.984
2017-05-28 05:06:49.88,-664.362,2836.388,2410.414
2017-05-28 05:06:54.87,-663.967,2833.793,2410.808
2017-05-28 05:06:59.86,-664.602,2834.122,2412.347
2017-05-28 05:07:04.85,-666.191,2832.862,2411.145
2017-05-28 05:07:09.84,-667.906,2831.921,2409.958
2017-05-28 05:07:14.84,-666.694,2833.206,2410.998
2017-05-28 05:07:19.83,-664.139,2835.050,2411.648
2017-05-28 05:07:24.82,-665.456,2834.535,2409.090
2017-05-28 05:07:29.81,-664.875,2833.326,2414.654
2017-05-28 05:07:34.80,-664.026,2832.734,2415.245
2017-05-28 05:07:39.79,-665.056,2835.061,2413.553
2017-05-28 05:07:44.78,-665.158,2832.937,2413.342
2017-05-28 05:07:49.77,-664.348,2833.099,2412.465
2017-05-28 05:07:54.76,-664.668,2832.442,2409.250
2017-05-28 05:07:59.76,-663.890,2835.262,2406.458
2017-05-28 05:08:04.75,-659.856,2835.143,2410.702
2017-05-28 05:08:09.74,-657.831,2835.542,2408.728
2017-05-28 05:08:14.73,-657.683,2834.795,2409.012
2017-05-28 05:08:19.72,-653.922,2833.611,2407.713
2017-05-28 05:08:24.71,-658.602,2833.331,2407.400
2017-05-28 05:08:29.70,-659.698,2834.696,2407.488
2017-05-28 05:08:34.69,-658.501,2836.858,2407.959
2017-05-28 05:08:39.69,-654.141,2837.535,2405.876
2017-05-28 05:08:44.68,-654.224,2838.583,2407.924
2017-05-28 05:08:49.67,-655.120,2838.351,2404.563
2017-05-28 05:08:54.66,-653.498,2841.043,2403.171
2017-05-28 05:08:59.65,-652.822,2841.003,2401.441
2017-05-28 05:09:04.64,-654.836,2839.156,2404.253
2017-05-28 05:09:09.63,-655.608,2839.723,2409.729
2017-05-28 05:09:14.62,-653.487,2840.992,2409.110
2017-05-28 05:09:19.62,-655.391,2839.078,2409.235
2017-05-28 05:09:24.61,-656.361,2837.696,2412.323
2017-05-28 05:09:29.60,-653.661,2837.368,2408.407
2017-05-28 05:09:34.59,-652.214,2838.396,2411.425
2017-05-28 05:09:39.58,-653.099,2837.033,2415.582
2017-05-28 05:09:44.57,-654.289,2837.628,2415.895
2017-05-28 05:09:49.56,-653.098,2838.020,2414.714
2017-05-28 05:09:54.55,-650.608,2840.729,2411.384
2017-05-28 05:09:59.55,-653.626,2840.261,2414.487
2017-05-28 05:10:04.54,-651.745,2840.204,2414.644
2017-05-28 05:10:09.53,-651.499,2839.038,2410.465
2017-05-28 05:10:14.52,-650.030,2839.068,2408.846
2017-05-28 05:10:19.51,-647.894,2837.286,2412.242
2017-05-28 05:10:24.50,-647.215,2835.040,2411.299
2017-05-28 05:10:29.51,-643.416,2838.521,2415.513
2017-05-28 05:10:34.50,-645.682,2837.448,2413.635
2017-05-28 05:10:39.49,-647.166,2838.329,2415.273
2017-05-28 05:10:44.48,-644.475,2840.992,2413.388
2017-05-28 05:10:49.47,-645.365,2838.541,2414.791
2017-05-28 05:10:54.46,-646.839,2839.242,2414.012
2017-05-28 05:10:59.46,-648.011,2838.856,2413.353
2017-05-28 05:11:04.45,-649.136,2837.145,2413.788
2017-05-28 05:11:09.44,-649.955,2836.955,2415.384
2017-05-28 05:11:14.43,-651.341,2835.119,2415.935
2017-05-28 05:11:19.42,-648.960,2836.411,2415.771
2017-05-28 05:11:24.41,-650.489,2836.099,2412.702
2017-05-28 05:11:29.40,-649.184,2837.089,2414.482
2017-05-28 05:11:34.39,-649.316,2835.648,2411.365
2017-05-28 05:11:39.38,-648.448,2837.219,2413.676
2017-05-28 05:11:44.38,-648.765,2836.323,2419.033
2017-05-28 05:11:49.37,-640.989,2838.779,2419.455
2017-05-28 05:11:54.36,-650.699,2832.551,2416.872
2017-05-28 05:11:59.35,-655.113,2834.750,2416.138
2017-05-28 05:12:04.34,-654.556,2835.070,2416.889
2017-05-28 05:12:09.33,-652.870,2834.631,2416.106
2017-05-28 05:12:14.32,-655.948,2833.724,2417.556
2017-05-28 05:12:19.31,-644.248,2836.755,2414.653
2017-05-28 05:12:24.31,-652.994,2836.164,2415.066
2017-05-28 05:12:29.30,-649.903,2835.258,2416.808
2017-05-28 05:12:34.29,-651.422,2834.772,2418.245
2017-05-28 05:12:39.28,-650.384,2837.228,2418.212
2017-05-28 05:12:44.27,-651.926,2836.125,2415.524
2017-05-28 05:12:49.26,-656.142,2834.880,2415.113
2017-05-28 05:12:54.25,-656.344,2835.221,2412.726
2017-05-28 05:12:59.24,-653.622,2835.432,2414.522
2017-05-28 05:13:04.23,-655.755,2835.118,2413.455
2017-05-28 05:13:09.23,-656.482,2834.174,2411.670
2017-05-28 05:13:14.22,-657.122,2830.027,2413.144
2017-05-28 05:13:19.21,-654.004,2830.947,2414.995
2017-05-28 05:13:24.20,-655.946,2828.870,2415.292
2017-05-28 05:13:29.19,-655.731,2829.978,2413.860
2017-05-28 05:13:34.18,-657.656,2829.823,2413.972
2017-05-28 05:13:39.17,-657.341,2830.293,2414.263
2017-05-28 05:13:44.16,-658.425,2830.802,2416.439
2017-05-28 05:13:49.16,-660.436,2832.396,2413.950
2017-05-28 05:13:54.15,-659.981,2834.515,2417.361
2017-05-28 05:13:59.14,-660.482,2831.532,2417.177
2017-05-28 05:14:04.13,-660.818,2831.461,2413.641
2017-05-28 05:14:09.12,-662.607,2832.341,2415.591
2017-05-28 05:14:14.11,-661.606,2832.712,2414.382
2017-05-28 05:14:19.10,-661.293,2833.322,2411.815
2017-05-28 05:14:24.09,-664.223,2832.260,2413.159
2017-05-28 05:14:29.08,-661.321,2833.625,2415.128
2017-05-28 05:14:34.08,-663.455,2833.839,2417.148
2017-05-28 05:14:39.07,-664.006,2833.902,2414.188
2017-05-28 05:14:44.06,-664.379,2832.200,2414.852
2017-05-28 05:14:49.05,-665.111,2830.634,2415.221
2017-05-28 05:14:54.04,-665.394,2829.944,2415.159
2017-05-28 05:14:59.03,-662.000,2831.214,2414.881
2017-05-28 05:15:04.02,-660.285,2832.374,2414.484
2017-05-28 05:15:09.01,-663.106,2833.825,2413.874
2017-05-28 05:15:14.01,-666.198,2833.361,2416.841
2017-05-28 05:15:19.00,-664.009,2833.756,2415.095
2017-05-28 05:15:24.00,-662.565,2832.942,2417.760
2017-05-28 05:15:28.99,-661.801,2835.848,2414.505
2017-05-28 05:15:33.99,-663.408,2835.772,2418.330
2017-05-28 05:15:38.98,-664.529,2834.648,2420.290
2017-05-28 05:15:43.97,-665.282,2835.924,2417.568
2017-05-28 05:15:48.96,-669.227,2835.090,2415.454
2017-05-28 05:15:53.95,-663.205,2837.052,2417.664
2017-05-28 05:15:58.94,-664.987,2834.145,2413.292
2017-05-28 05:16:03.93,-664.594,2831.713,2412.184
2017-05-28 05:16:08.92,-667.088,2830.949,2413.395
2017-05-28 05:16:13.92,-669.289,2833.314,2413.574
2017-05-28 05:16:18.91,-669.965,2834.585,2413.007
2017-05-28 05:16:23.90,-669.482,2832.967,2414.308
2017-05-28 05:16:28.89,-670.711,2831.487,2414.599
2017-05-28 05:16:33.88,-671.763,2833.176,2416.901
2017-05-28 05:16:38.87,-672.049,2832.609,2415.498
2017-05-28 05:16:43.86,-672.709,2833.760,2419.760
2017-05-28 05:16:48.85,-670.347,2832.708,2418.792
2017-05-28 05:16:53.84,-668.912,2832.626,2417.874
2017-05-28 05:16:58.84,-666.215,2834.614,2417.750
2017-05-28 05:17:03.83,-665.169,2833.510,2416.832
2017-05-28 05:17:08.82,-668.316,2833.692,2413.208
2017-05-28 05:17:13.81,-668.470,2832.990,2414.995
2017-05-28 05:17:18.80,-667.015,2832.989,2416.322
2017-05-28 05:17:23.79,-666.166,2832.680,2413.776
2017-05-28 05:17:28.78,-667.115,2832.800,2414.974
2017-05-28 05:17:33.77,-668.543,2833.694,2414.134
2017-05-28 05:17:38.77,-665.258,2833.141,2414.739
2017-05-28 05:17:43.76,-661.585,2835.353,2412.901
2017-05-28 05:17:48.75,-661.287,2834.888,2415.822
2017-05-28 05:17:53.74,-660.666,2834.070,2417.148
2017-05-28 05:17:58.73,-661.121,2834.695,2413.627
2017-05-28 05:18:03.72,-659.112,2836.355,2419.085
2017-05-28 05:18:08.71,-661.194,2838.377,2416.327
2017-05-28 05:18:13.70,-661.951,2836.874,2416.709
2017-05-28 05:18:18.70,-661.701,2834.159,2416.445
2017-05-28 05:18:23.69,-662.186,2836.985,2414.967
2017-05-28 05:18:28.68,-663.472,2837.250,2417.007
2017-05-28 05:18:33.67,-662.689,2835.855,2418.164
2017-05-28 05:18:38.66,-663.875,2833.915,2417.714
2017-05-28 05:18:43.65,-663.867,2832.396,2413.155
2017-05-28 05:18:48.64,-662.930,2834.298,2415.019
2017-05-28 05:18:53.63,-662.325,2834.159,2413.799
2017-05-28 05:18:58.62,-660.452,2835.181,2412.581
2017-05-28 05:19:03.62,-662.983,2832.383,2414.230
2017-05-28 05:19:08.61,-662.165,2833.696,2408.331
2017-05-28 05:19:13.60,-662.059,2834.157,2412.232
2017-05-28 05:19:18.59,-659.292,2833.952,2416.507
2017-05-28 05:19:23.58,-662.491,2831.594,2413.340
2017-05-28 05:19:28.57,-659.069,2833.045,2413.998
2017-05-28 05:19:33.56,-665.259,2831.984,2409.364
2017-05-28 05:19:38.55,-666.467,2831.379,2410.091
2017-05-28 05:19:43.54,-668.735,2830.121,2413.081
2017-05-28 05:19:48.54,-672.064,2829.282,2411.803
2017-05-28 05:19:53.53,-670.777,2829.948,2414.968
2017-05-28 05:19:58.52,-672.237,2830.843,2418.010
2017-05-28 05:20:03.51,-673.215,2829.406,2418.737
2017-05-28 05:20:08.50,-670.451,2831.614,2418.043
2017-05-28 05:20:13.49,-671.339,2832.417,2414.910
2017-05-28 05:20:18.48,-673.068,2831.435,2414.041
2017-05-28 05:20:23.47,-670.006,2831.958,2415.911
2017-05-28 05:20:28.47,-674.359,2828.402,2415.460
2017-05-28 05:20:33.46,-676.206,2828.556,2417.142
2017-05-28 05:20:38.45,-675.764,2829.164,2416.238
2017-05-28 05:20:43.44,-675.943,2828.553,2412.349
2017-05-28 05:20:48.45,-676.839,2827.774,2413.287
2017-05-28 05:20:53.44,-680.644,2826.538,2408.182
2017-05-28 05:20:58.43,-680.236,2828.914,2408.939
2017-05-28 05:21:03.42,-679.801,2826.387,2410.795
2017-05-28 05:21:08.41,-678.851,2826.460,2410.287
2017-05-28 05:21:13.40,-683.382,2824.865,2410.261
2017-05-28 05:21:18.39,-681.398,2827.619,2413.649
2017-05-28 05:21:23.38,-682.837,2824.028,2414.082
2017-05-28 05:21:28.38,-682.995,2823.978,2410.802
2017-05-28 05:21:33.37,-684.751,2824.543,2409.066
2017-05-28 05:21:38.36,-686.989,2821.578,2415.080
2017-05-28 05:21:43.35,-689.273,2821.174,2413.270
2017-05-28 05:21:48.34,-687.874,2822.342,2410.497
2017-05-28 05:21:53.33,-689.312,2821.814,2410.878
2017-05-28 05:21:58.32,-692.129,2821.970,2407.946
2017-05-28 05:22:03.31,-685.882,2821.870,2406.396
2017-05-28 05:22:08.30,-688.266,2820.944,2409.625
2017-05-28 05:22:13.30,-687.142,2820.356,2409.622
2017-05-28 05:22:18.29,-691.959,2821.890,2409.781
2017-05-28 05:22:23.28,-691.545,2824.121,2410.161
2017-05-28 05:22:28.27,-690.875,2824.601,2403.679
2017-05-28 05:22:33.26,-691.685,2821.668,2407.264
2017-05-28 05:22:38.25,-693.911,2822.952,2407.471
2017-05-28 05:22:43.24,-690.592,2821.599,2405.445
2017-05-28 05:22:48.23,-688.419,2821.447,2406.861
2017-05-28 05:22:53.23,-691.004,2823.832,2407.223
2017-05-28 05:22:58.22,-691.343,2818.892,2403.959
2017-05-28 05:23:03.21,-692.194,2818.647,2408.768
2017-05-28 05:23:08.20,-691.456,2817.885,2411.906
2017-05-28 05:23:13.19,-693.350,2817.867,2407.718
2017-05-28 05:23:18.18,-691.158,2819.642,2408.730
2017-05-28 05:23:23.17,-693.272,2820.029,2405.948
2017-05-28 05:23:28.16,-692.473,2819.728,2410.428
2017-05-28 05:23:33.15,-691.340,2817.602,2411.043
2017-05-28 05:23:38.15,-692.852,2820.018,2411.082
2017-05-28 05:23:43.14,-689.286,2821.900,2410.946
2017-05-28 05:23:48.13,-687.372,2823.549,2405.852
2017-05-28 05:23:53.12,-689.706,2823.071,2406.939
2017-05-28 05:23:58.11,-692.749,2821.939,2411.530
2017-05-28 05:24:03.10,-689.454,2821.882,2409.698
2017-05-28 05:24:08.09,-687.870,2821.808,2410.535
2017-05-28 05:24:13.08,-687.686,2823.820,2410.016
2017-05-28 05:24:18.08,-685.917,2822.833,2413.942
2017-05-28 05:24:23.07,-686.804,2823.785,2415.697
2017-05-28 05:24:28.06,-687.808,2823.868,2415.631
2017-05-28 05:24:33.05,-683.636,2825.761,2410.864
2017-05-28 05:24:38.04,-685.939,2827.118,2412.471
2017-05-28 05:24:43.03,-686.351,2824.998,2407.349
2017-05-28 05:24:48.02,-686.410,2824.910,2412.475
2017-05-28 05:24:53.01,-685.512,2824.036,2412.685
2017-05-28 05:24:58.01,-683.416,2826.566,2414.812
2017-05-28 05:25:03.00,-685.587,2825.570,2413.697
2017-05-28 05:25:07.99,-683.755,2827.651,2413.884
2017-05-28 05:25:12.98,-681.433,2825.237,2415.502
2017-05-28 05:25:17.97,-683.290,2825.789,2417.551
2017-05-28 05:25:22.96,-681.501,2827.052,2419.778
2017-05-28 05:25:27.95,-682.455,2827.722,2414.696
2017-05-28 05:25:32.94,-680.299,2827.919,2415.177
2017-05-28 05:25:37.93,-684.258,2827.795,2416.101
2017-05-28 05:25:42.93,-683.963,2827.388,2417.771
2017-05-28 05:25:47.92,-688.321,2829.412,2413.325
2017-05-28 05:25:52.91,-685.093,2829.017,2413.013
2017-05-28 05:25:57.90,-681.702,2828.364,2412.773
2017-05-28 05:26:02.89,-681.716,2827.641,2413.951
2017-05-28 05:26:07.88,-682.878,2825.185,2415.166
2017-05-28 05:26:12.87,-683.662,2824.728,2416.590
2017-05-28 05:26:17.86,-680.644,2826.357,2418.086
2017-05-28 05:26:22.85,-678.809,2826.849,2417.175
2017-05-28 05:26:27.85,-677.372,2825.260,2412.732
2017-05-28 05:26:32.84,-675.469,2824.864,2414.613
2017-05-28 05:26:37.83,-679.744,2826.154,2414.970
2017-05-28 05:26:42.82,-675.463,2828.116,2419.509
2017-05-28 05:26:47.81,-675.972,2825.962,2416.355
2017-05-28 05:26:52.80,-678.688,2826.708,2415.809
2017-05-28 05:26:57.79,-679.145,2827.954,2417.757
2017-05-28 05:27:02.78,-682.052,2825.107,2414.875
2017-05-28 05:27:07.78,-679.435,2825.222,2410.582
2017-05-28 05:27:12.77,-680.769,2827.168,2414.109
2017-05-28 05:27:17.76,-679.715,2825.116,2415.537
2017-05-28 05:27:22.75,-680.318,2825.048,2414.961
2017-05-28 05:27:27.74,-680.427,2824.112,2410.808
2017-05-28 05:27:32.73,-680.854,2825.416,2413.295
2017-05-28 05:27:37.72,-677.339,2827.955,2410.990
2017-05-28 05:27:42.71,-677.778,2826.684,2411.303
2017-05-28 05:27:47.71,-679.091,2824.952,2411.458
2017-05-28 05:27:52.70,-678.945,2826.096,2412.332
2017-05-28 05:27:57.69,-678.265,2828.333,2412.222
2017-05-28 05:28:02.68,-680.903,2825.922,2406.295
2017-05-28 05:28:07.69,-677.115,2826.788,2408.506
2017-05-28 05:28:12.68,-679.593,2827.499,2408.935
2017-05-28 05:28:17.67,-678.648,2827.730,2413.922
2017-05-28 05:28:22.65,-677.571,2826.410,2416.270
2017-05-28 05:28:27.65,-677.264,2824.253,2419.374
2017-05-28 05:28:32.64,-677.944,2825.197,2418.287
2017-05-28 05:28:37.63,-675.736,2826.415,2413.409
2017-05-28 05:28:42.63,-676.587,2827.539,2417.114
2017-05-28 05:28:47.62,-674.409,2824.819,2414.043
2017-05-28 05:28:52.61,-675.219,2824.720,2412.360
2017-05-28 05:28:57.60,-672.556,2826.020,2415.654
2017-05-28 05:29:02.59,-674.963,2824.597,2414.016
2017-05-28 05:29:07.58,-674.151,2825.566,2414.991
2017-05-28 05:29:12.57,-670.936,2827.055,2413.717
2017-05-28 05:29:17.56,-674.313,2827.208,2411.968
2017-05-28 05:29:22.56,-671.536,2827.124,2411.437
2017-05-28 05:29:27.55,-673.067,2826.127,2411.562
2017-05-28 05:29:32.54,-673.593,2824.648,2413.469
2017-05-28 05:29:37.53,-675.081,2825.127,2409.418
2017-05-28 05:29:42.52,-676.716,2824.411,2412.500
2017-05-28 05:29:47.51,-670.255,2824.609,2418.356
2017-05-28 05:29:52.50,-669.634,2828.025,2413.495
2017-05-28 05:29:57.49,-669.749,2826.591,2414.421
2017-05-28 05:30:02.49,-668.253,2827.561,2418.250
2017-05-28 05:30:07.48,-670.142,2826.475,2416.805
2017-05-28 05:30:12.47,-670.246,2825.507,2414.154
2017-05-28 05:30:17.46,-666.905,2828.092,2416.006
2017-05-28 05:30:22.45,-671.546,2827.714,2411.976
2017-05-28 05:30:27.44,-669.663,2826.825,2414.402
2017-05-28 05:30:32.43,-669.609,2827.552,2412.920
2017-05-28 05:30:37.42,-669.114,2827.346,2412.598
2017-05-28 05:30:42.42,-669.708,2828.373,2412.850
2017-05-28 05:30:47.41,-672.482,2827.105,2412.075
2017-05-28 05:30:52.40,-672.118,2827.321,2415.201
2017-05-28 05:30:57.39,-672.304,2828.681,2414.942
2017-05-28 05:31:02.38,-670.742,2829.068,2414.326
2017-05-28 05:31:07.37,-671.281,2828.850,2412.435
2017-05-28 05:31:12.36,-670.133,2830.507,2411.600
2017-05-28 05:31:17.35,-671.781,2828.687,2405.196
2017-05-28 05:31:22.35,-668.093,2828.904,2409.072
2017-05-28 05:31:27.34,-667.661,2827.142,2407.984
2017-05-28 05:31:32.33,-670.061,2828.474,2411.908
2017-05-28 05:31:37.32,-668.178,2828.080,2412.051
2017-05-28 05:31:42.31,-670.338,2827.442,2414.081
2017-05-28 05:31:47.30,-667.267,2828.174,2412.298
2017-05-28 05:31:52.29,-668.876,2830.038,2412.329
2017-05-28 05:31:57.28,-670.762,2829.835,2411.279
2017-05-28 05:32:02.28,-668.083,2829.965,2413.840
2017-05-28 05:32:07.27,-667.574,2828.248,2413.048
2017-05-28 05:32:12.26,-667.422,2828.791,2413.146
2017-05-28 05:32:17.25,-667.338,2827.273,2413.106
2017-05-28 05:32:22.24,-668.660,2828.891,2414.805
2017-05-28 05:32:27.23,-666.938,2829.883,2412.894
2017-05-28 05:32:32.22,-665.079,2830.489,2415.549
2017-05-28 05:32:37.21,-661.615,2831.432,2416.607
2017-05-28 05:32:42.21,-664.469,2833.171,2411.075
2017-05-28 05:32:47.20,-664.282,2831.961,2411.688
2017-05-28 05:32:52.19,-664.324,2830.470,2409.641
2017-05-28 05:32:57.18,-666.172,2829.902,2407.871
2017-05-28 05:33:02.17,-662.008,2829.467,2404.624
2017-05-28 05:33:07.16,-668.170,2828.226,2405.806
2017-05-28 05:33:12.15,-669.696,2829.438,2405.760
2017-05-28 05:33:17.14,-665.077,2829.618,2409.931
2017-05-28 05:33:22.14,-667.338,2830.189,2407.316
2017-05-28 05:33:27.13,-665.494,2831.391,2408.108
2017-05-28 05:33:32.12,-666.755,2829.269,2410.112
2017-05-28 05:33:37.11,-666.481,2826.928,2410.459
2017-05-28 05:33:42.10,-666.231,2828.157,2412.926
2017-05-28 05:33:47.09,-668.920,2827.000,2411.984
2017-05-28 05:33:52.08,-669.436,2826.651,2414.309
2017-05-28 05:33:57.07,-666.565,2825.912,2408.844
2017-05-28 05:34:02.06,-668.204,2825.016,2404.725
2017-05-28 05:34:07.06,-669.098,2826.992,2410.827
2017-05-28 05:34:12.05,-669.089,2828.632,2410.326
2017-05-28 05:34:17.04,-671.716,2829.709,2407.821
2017-05-28 05:34:22.03,-669.395,2826.526,2412.586
2017-05-28 05:34:27.02,-670.258,2825.471,2410.813
2017-05-28 05:34:32.03,-666.232,2826.720,2409.083
2017-05-28 05:34:37.02,-672.933,2827.735,2414.329
2017-05-28 05:34:42.01,-673.314,2827.217,2412.838
2017-05-28 05:34:46.99,-673.223,2829.010,2413.782
2017-05-28 05:34:51.99,-677.174,2829.219,2412.891
2017-05-28 05:34:56.98,-672.745,2828.243,2410.757
2017-05-28 05:35:01.98,-674.124,2830.000,2410.295
2017-05-28 05:35:06.97,-673.768,2830.278,2411.452
2017-05-28 05:35:11.96,-670.515,2830.641,2411.981
2017-05-28 05:35:16.95,-668.941,2828.414,2410.805
2017-05-28 05:35:21.94,-672.261,2827.437,2407.854
2017-05-28 05:35:26.93,-671.594,2826.435,2409.854
2017-05-28 05:35:31.92,-674.496,2827.287,2408.752
2017-05-28 05:35:36.91,-676.668,2825.268,2408.007
2017-05-28 05:35:41.91,-678.401,2823.109,2406.855
2017-05-28 05:35:46.90,-678.277,2824.780,2408.219
2017-05-28 05:35:51.89,-678.509,2825.983,2409.581
2017-05-28 05:35:56.88,-676.211,2824.608,2409.809
2017-05-28 05:36:01.87,-676.544,2826.413,2411.971
2017-05-28 05:36:06.86,-676.930,2825.532,2412.781
2017-05-28 05:36:11.85,-678.185,2825.189,2414.996
2017-05-28 05:36:16.84,-674.935,2824.802,2413.535
2017-05-28 05:36:21.84,-674.765,2823.879,2408.671
2017-05-28 05:36:26.83,-675.681,2824.220,2407.100
2017-05-28 05:36:31.82,-677.350,2824.822,2408.136
2017-05-28 05:36:36.81,-678.443,2824.729,2411.975
2017-05-28 05:36:41.80,-675.035,2825.593,2409.618
2017-05-28 05:36:46.79,-677.274,2822.905,2410.364
2017-05-28 05:36:51.78,-677.934,2823.435,2411.782
2017-05-28 05:36:56.77,-678.374,2822.898,2413.010
2017-05-28 05:37:01.76,-678.227,2824.995,2412.836
2017-05-28 05:37:06.76,-677.872,2822.702,2411.461
2017-05-28 05:37:11.75,-679.366,2822.042,2412.454
2017-05-28 05:37:16.74,-680.208,2822.279,2412.086
2017-05-28 05:37:21.73,-677.071,2823.908,2413.196
2017-05-28 05:37:26.72,-678.816,2822.709,2412.149
2017-05-28 05:37:31.71,-678.426,2823.243,2410.738
2017-05-28 05:37:36.70,-675.436,2823.791,2409.371
2017-05-28 05:37:41.69,-674.965,2825.363,2408.895
2017-05-28 05:37:46.69,-677.117,2823.556,2408.242
2017-05-28 05:37:51.68,-675.405,2825.217,2407.000
2017-05-28 05:37:56.67,-677.416,2825.588,2406.846
2017-05-28 05:38:01.66,-680.506,2824.450,2405.520
2017-05-28 05:38:06.65,-679.279,2824.795,2404.408
2017-05-28 05:38:11.64,-677.656,2824.523,2403.849
2017-05-28 05:38:16.63,-679.469,2824.243,2406.168
2017-05-28 05:38:21.62,-678.616,2826.670,2405.666
2017-05-28 05:38:26.61,-678.428,2825.334,2403.761
2017-05-28 05:38:31.62,-676.491,2824.909,2401.636
2017-05-28 05:38:36.60,-677.952,2824.174,2404.902
2017-05-28 05:38:41.60,-677.404,2820.691,2400.853
2017-05-28 05:38:46.60,-678.991,2821.362,2401.699
2017-05-28 05:38:51.59,-682.993,2821.247,2400.304
2017-05-28 05:38:56.58,-680.043,2824.257,2400.844
2017-05-28 05:39:01.57,-681.001,2825.165,2402.189
2017-05-28 05:39:06.56,-681.418,2826.454,2401.473
2017-05-28 05:39:11.55,-679.154,2824.188,2407.442
2017-05-28 05:39:16.54,-683.435,2822.891,2407.645
2017-05-28 05:39:21.53,-680.376,2824.942,2405.878
2017-05-28 05:39:26.53,-680.635,2825.339,2406.752
2017-05-28 05:39:31.52,-684.452,2822.634,2408.576
2017-05-28 05:39:36.51,-685.056,2823.884,2405.044
2017-05-28 05:39:41.50,-684.959,2822.842,2410.285
2017-05-28 05:39:46.49,-684.777,2823.363,2406.750
2017-05-28 05:39:51.48,-683.952,2823.957,2404.786
2017-05-28 05:39:56.47,-681.120,2824.124,2404.322
2017-05-28 05:40:01.46,-683.346,2823.066,2407.542
2017-05-28 05:40:06.46,-682.268,2822.035,2405.302
2017-05-28 05:40:11.45,-680.046,2823.782,2407.585
2017-05-28 05:40:16.44,-680.812,2822.742,2405.205
2017-05-28 05:40:21.43,-679.616,2822.082,2408.329
2017-05-28 05:40:26.42,-678.672,2821.151,2408.875
2017-05-28 05:40:31.41,-681.591,2821.415,2410.928
2017-05-28 05:40:36.40,-681.099,2821.221,2409.204
2017-05-28 05:40:41.39,-679.611,2823.750,2408.029
2017-05-28 05:40:46.38,-682.139,2822.037,2411.974
2017-05-28 05:40:51.38,-684.765,2822.196,2410.718
2017-05-28 05:40:56.37,-685.821,2823.727,2408.669
2017-05-28 05:41:01.36,-684.598,2823.211,2410.909
2017-05-28 05:41:06.35,-683.940,2821.094,2413.989
2017-05-28 05:41:11.34,-685.512,2822.621,2412.460
2017-05-28 05:41:16.33,-683.537,2820.265,2411.113
2017-05-28 05:41:21.32,-686.420,2822.847,2413.608
2017-05-28 05:41:26.31,-687.899,2822.545,2416.828
2017-05-28 05:41:31.31,-685.847,2822.322,2413.532
2017-05-28 05:41:36.30,-685.997,2820.818,2414.770
2017-05-28 05:41:41.29,-685.401,2820.730,2415.158
2017-05-28 05:41:46.28,-685.619,2821.007,2411.529
2017-05-28 05:41:51.27,-684.921,2821.253,2408.287
2017-05-28 05:41:56.26,-688.372,2821.386,2409.970
2017-05-28 05:42:01.25,-688.213,2819.624,2408.743
2017-05-28 05:42:06.24,-687.238,2818.415,2412.031
2017-05-28 05:42:11.24,-688.426,2819.942,2411.115
2017-05-28 05:42:16.23,-687.842,2820.744,2410.712
2017-05-28 05:42:21.22,-688.411,2819.449,2407.671
2017-05-28 05:42:26.21,-683.342,2821.303,2409.396
2017-05-28 05:42:31.20,-686.135,2821.799,2407.165
2017-05-28 05:42:36.19,-685.231,2819.894,2410.512
2017-05-28 05:42:41.18,-683.778,2819.892,2408.684
2017-05-28 05:42:46.17,-685.153,2820.196,2410.486
2017-05-28 05:42:51.17,-687.615,2818.911,2407.874
2017-05-28 05:42:56.16,-690.223,2820.375,2406.668
2017-05-28 05:43:01.15,-691.029,2818.579,2405.639
2017-05-28 05:43:06.14,-692.459,2817.862,2407.889
2017-05-28 05:43:11.13,-689.283,2817.955,2411.074
2017-05-28 05:43:16.12,-690.490,2816.310,2410.924
2017-05-28 05:43:21.11,-689.151,2816.000,2415.734
2017-05-28 05:43:26.10,-690.446,2816.796,2414.654
2017-05-28 05:43:31.09,-694.018,2816.966,2412.051
2017-05-28 05:43:36.09,-689.922,2817.495,2413.162
2017-05-28 05:43:41.08,-688.153,2820.020,2411.358
2017-05-28 05:43:46.07,-688.768,2820.299,2411.809
2017-05-28 05:43:51.06,-689.403,2821.862,2408.971
2017-05-28 05:43:56.05,-686.976,2820.246,2409.498
2017-05-28 05:44:01.04,-686.802,2817.979,2411.242
2017-05-28 05:44:06.03,-683.988,2818.639,2410.137
2017-05-28 05:44:11.02,-686.185,2819.809,2406.688
2017-05-28 05:44:16.02,-687.606,2817.969,2412.513
2017-05-28 05:44:21.01,-687.158,2819.411,2413.598
2017-05-28 05:44:26.00,-687.605,2817.766,2415.506
2017-05-28 05:44:30.99,-687.190,2818.431,2419.287
2017-05-28 05:44:35.98,-688.519,2817.736,2415.845
2017-05-28 05:44:40.97,-684.934,2820.022,2411.808
2017-05-28 05:44:45.96,-686.568,2819.104,2413.967
2017-05-28 05:44:50.95,-685.538,2820.426,2412.011
2017-05-28 05:44:55.94,-685.207,2819.729,2409.554
2017-05-28 05:45:00.94,-683.487,2819.671,2408.546
2017-05-28 05:45:05.93,-686.776,2818.882,2406.570
2017-05-28 05:45:10.92,-688.083,2820.261,2413.796
2017-05-28 05:45:15.91,-687.588,2818.752,2413.612
2017-05-28 05:45:20.90,-686.444,2818.626,2412.360
2017-05-28 05:45:25.89,-687.689,2820.293,2412.848
2017-05-28 05:45:30.88,-685.239,2818.998,2408.980
2017-05-28 05:45:35.87,-685.894,2819.574,2407.705
2017-05-28 05:45:40.86,-685.500,2819.266,2405.237
2017-05-28 05:45:45.86,-684.924,2820.977,2407.315
2017-05-28 05:45:50.85,-688.929,2819.997,2405.418
2017-05-28 05:45:55.84,-691.625,2816.941,2406.536
2017-05-28 05:46:00.83,-693.890,2819.281,2405.522
2017-05-28 05:46:05.82,-693.920,2821.619,2404.884
2017-05-28 05:46:10.81,-690.640,2822.931,2408.991
2017-05-28 05:46:15.80,-693.564,2820.374,2407.798
2017-05-28 05:46:20.79,-689.741,2821.179,2407.280
2017-05-28 05:46:25.79,-690.719,2821.707,2408.779
2017-05-28 05:46:30.78,-689.264,2823.003,2410.189
2017-05-28 05:46:35.77,-687.828,2820.990,2410.546
2017-05-28 05:46:40.76,-687.055,2820.328,2406.803
2017-05-28 05:46:45.75,-688.451,2822.808,2411.389
2017-05-28 05:46:50.74,-687.271,2823.525,2411.594
2017-05-28 05:46:55.73,-690.224,2822.481,2409.429
2017-05-28 05:47:00.72,-688.402,2823.449,2410.079
2017-05-28 05:47:05.72,-688.738,2825.083,2411.779
2017-05-28 05:47:10.71,-687.827,2823.785,2406.686
2017-05-28 05:47:15.70,-688.407,2821.602,2411.068
2017-05-28 05:47:20.69,-688.064,2825.328,2412.742
2017-05-28 05:47:25.68,-683.700,2825.662,2407.594
2017-05-28 05:47:30.67,-684.115,2824.535,2408.646
2017-05-28 05:47:35.66,-682.587,2825.044,2406.696
2017-05-28 05:47:40.65,-682.609,2826.242,2409.243
2017-05-28 05:47:45.65,-687.076,2825.750,2406.555
2017-05-28 05:47:50.64,-687.094,2826.689,2403.593
2017-05-28 05:47:55.63,-686.803,2824.328,2406.172
2017-05-28 05:48:00.62,-688.891,2825.174,2405.967
2017-05-28 05:48:05.61,-682.779,2825.819,2400.987
2017-05-28 05:48:10.60,-684.349,2824.454,2405.647
2017-05-28 05:48:15.59,-685.441,2822.898,2409.010
2017-05-28 05:48:20.58,-684.168,2825.029,2408.433
2017-05-28 05:48:25.57,-682.085,2824.164,2409.730
2017-05-28 05:48:30.57,-683.700,2823.579,2408.547
2017-05-28 05:48:35.56,-684.996,2822.717,2405.992
2017-05-28 05:48:40.55,-679.166,2823.352,2411.144
2017-05-28 05:48:45.54,-681.764,2821.695,2406.846
2017-05-28 05:48:50.53,-680.634,2822.289,2407.373
2017-05-28 05:48:55.52,-681.709,2823.748,2412.503
2017-05-28 05:49:00.51,-680.794,2824.325,2411.760
2017-05-28 05:49:05.50,-681.826,2823.518,2411.356
2017-05-28 05:49:10.50,-683.199,2823.959,2412.500
2017-05-28 05:49:15.49,-685.178,2824.491,2411.092
2017-05-28 05:49:20.48,-681.982,2824.429,2409.046
2017-05-28 05:49:25.47,-682.679,2824.570,2408.951
2017-05-28 05:49:30.46,-681.002,2825.930,2414.179
2017-05-28 05:49:35.45,-681.731,2825.442,2413.582
2017-05-28 05:49:40.44,-678.776,2826.008,2412.785
2017-05-28 05:49:45.43,-676.668,2823.936,2410.763
2017-05-28 05:49:50.42,-678.594,2825.031,2414.497
2017-05-28 05:49:55.42,-676.892,2825.129,2414.018
2017-05-28 05:50:00.41,-678.648,2823.313,2411.414
2017-05-28 05:50:05.40,-676.523,2826.874,2408.510
2017-05-28 05:50:10.39,-677.534,2825.609,2411.802
2017-05-28 05:50:15.38,-679.995,2824.092,2410.438
2017-05-28 05:50:20.37,-679.590,2826.058,2408.955
2017-05-28 05:50:25.36,-679.579,2829.028,2413.510
2017-05-28 05:50:30.35,-677.700,2828.279,2415.010
2017-05-28 05:50:35.35,-675.811,2830.288,2413.845
2017-05-28 05:50:40.34,-675.035,2828.399,2414.621
2017-05-28 05:50:45.33,-676.264,2824.739,2411.755
2017-05-28 05:50:50.32,-675.817,2825.433,2410.538
2017-05-28 05:50:55.31,-674.131,2828.933,2410.698
2017-05-28 05:51:00.30,-674.941,2829.997,2413.087
2017-05-28 05:51:05.29,-672.249,2829.497,2411.597
2017-05-28 05:51:10.28,-671.957,2827.685,2408.989
2017-05-28 05:51:15.28,-671.038,2829.531,2411.083
2017-05-28 05:51:20.27,-671.183,2829.863,2408.121
2017-05-28 05:51:25.26,-674.168,2828.227,2410.975
2017-05-28 05:51:30.25,-671.200,2828.768,2410.831
2017-05-28 05:51:35.24,-669.213,2830.217,2410.061
2017-05-28 05:51:40.23,-673.519,2831.964,2408.697
2017-05-28 05:51:45.22,-668.989,2828.920,2407.122
2017-05-28 05:51:50.21,-669.103,2830.474,2405.748
2017-05-28 05:51:55.20,-668.808,2832.276,2404.909
2017-05-28 05:52:00.20,-670.701,2830.923,2404.359
2017-05-28 05:52:05.19,-667.553,2827.744,2405.192
2017-05-28 05:52:10.18,-666.654,2827.263,2405.865
2017-05-28 05:52:15.17,-666.064,2828.725,2406.921
2017-05-28 05:52:20.16,-666.954,2830.230,2406.174
2017-05-28 05:52:25.15,-668.940,2829.823,2408.059
2017-05-28 05:52:30.14,-666.596,2830.509,2409.372
2017-05-28 05:52:35.13,-667.825,2833.395,2407.343
2017-05-28 05:52:40.13,-665.222,2831.789,2410.941
2017-05-28 05:52:45.12,-664.721,2834.130,2410.048
2017-05-28 05:52:50.11,-665.746,2834.026,2409.154
2017-05-28 05:52:55.10,-669.224,2833.707,2410.245
2017-05-28 05:53:00.09,-668.686,2834.701,2407.362
2017-05-28 05:53:05.08,-669.268,2832.469,2411.786
2017-05-28 05:53:10.07,-668.628,2834.936,2409.990
2017-05-28 05:53:15.06,-668.133,2834.116,2406.905
2017-05-28 05:53:20.05,-667.713,2835.878,2407.227
2017-05-28 05:53:25.05,-666.734,2833.073,2408.416
2017-05-28 05:53:30.04,-667.188,2833.043,2409.557
2017-05-28 05:53:35.03,-668.378,2833.092,2414.824
2017-05-28 05:53:40.02,-667.541,2829.946,2414.656
2017-05-28 05:53:45.01,-667.848,2832.334,2411.018
2017-05-28 05:53:50.00,-664.698,2833.410,2413.152
2017-05-28 05:53:54.99,-665.202,2830.760,2413.260
2017-05-28 05:53:59.98,-665.568,2830.829,2412.414
2017-05-28 05:54:04.98,-665.544,2830.918,2413.222
2017-05-28 05:54:09.97,-663.566,2832.575,2415.515
2017-05-28 05:54:14.96,-665.991,2831.469,2413.503
2017-05-28 05:54:19.95,-664.979,2831.803,2412.779
2017-05-28 05:54:24.94,-668.612,2831.156,2417.831
2017-05-28 05:54:29.93,-670.225,2830.022,2417.247
2017-05-28 05:54:34.92,-668.479,2831.526,2417.839
2017-05-28 05:54:39.91,-668.331,2831.296,2415.129
2017-05-28 05:54:44.91,-668.046,2831.500,2414.860
2017-05-28 05:54:49.90,-668.559,2832.994,2416.729
2017-05-28 05:54:54.89,-668.096,2833.894,2414.327
2017-05-28 05:54:59.88,-666.903,2833.727,2413.159
2017-05-28 05:55:04.87,-666.170,2834.845,2413.885
2017-05-28 05:55:09.86,-668.415,2831.088,2414.339
2017-05-28 05:55:14.85,-668.238,2833.049,2412.630
2017-05-28 05:55:19.84,-666.433,2834.855,2410.980
2017-05-28 05:55:24.83,-667.076,2836.714,2409.992
2017-05-28 05:55:29.83,-665.774,2835.726,2414.255
2017-05-28 05:55:34.82,-664.359,2837.511,2413.053
2017-05-28 05:55:39.81,-663.611,2835.448,2414.342
2017-05-28 05:55:44.80,-662.635,2835.095,2416.481
2017-05-28 05:55:49.79,-665.571,2833.025,2414.212
2017-05-28 05:55:54.78,-665.108,2830.803,2412.773
2017-05-28 05:55:59.77,-661.315,2835.437,2411.778
2017-05-28 05:56:04.76,-664.425,2832.427,2410.489
2017-05-28 05:56:09.76,-661.106,2832.326,2410.346
2017-05-28 05:56:14.75,-663.998,2831.356,2407.687
2017-05-28 05:56:19.74,-665.825,2830.788,2409.565
2017-05-28 05:56:24.73,-662.946,2832.482,2412.406
2017-05-28 05:56:29.72,-661.200,2829.553,2408.884
2017-05-28 05:56:34.71,-663.935,2832.673,2411.409
2017-05-28 05:56:39.70,-662.400,2832.104,2410.629
2017-05-28 05:56:44.69,-665.421,2835.212,2412.162
2017-05-28 05:56:49.68,-661.763,2836.307,2412.043
2017-05-28 05:56:54.68,-662.696,2837.045,2411.185
2017-05-28 05:56:59.67,-660.459,2834.672,2412.067
2017-05-28 05:57:04.66,-658.465,2835.896,2410.949
2017-05-28 05:57:09.65,-660.406,2835.169,2414.997
2017-05-28 05:57:14.64,-658.712,2835.216,2413.919
2017-05-28 05:57:19.63,-660.105,2835.405,2408.440
2017-05-28 05:57:24.62,-657.571,2840.062,2410.104
2017-05-28 05:57:29.61,-660.046,2838.036,2411.796
2017-05-28 05:57:34.61,-659.819,2836.809,2408.888
2017-05-28 05:57:39.60,-658.772,2836.799,2409.749
2017-05-28 05:57:44.59,-659.364,2837.181,2416.602
2017-05-28 05:57:49.58,-661.958,2836.666,2410.178
2017-05-28 05:57:54.57,-659.812,2836.207,2410.479
2017-05-28 05:57:59.56,-659.936,2835.070,2410.546
2017-05-28 05:58:04.55,-658.263,2835.238,2408.697
2017-05-28 05:58:09.54,-657.205,2834.988,2408.295
2017-05-28 05:58:14.53,-657.591,2834.926,2408.833
2017-05-28 05:58:19.53,-655.293,2834.210,2408.518
2017-05-28 05:58:24.52,-655.019,2833.632,2409.046
2017-05-28 05:58:29.51,-658.038,2832.942,2409.649
2017-05-28 05:58:34.50,-660.882,2832.964,2409.322
2017-05-28 05:58:39.49,-658.457,2836.099,2412.208
2017-05-28 05:58:44.48,-659.095,2835.768,2409.848
2017-05-28 05:58:49.47,-656.348,2833.371,2410.404
2017-05-28 05:58:54.46,-658.092,2832.845,2411.794
2017-05-28 05:58:59.46,-659.522,2833.048,2408.982
2017-05-28 05:59:04.45,-657.222,2835.767,2412.612
2017-05-28 05:59:09.44,-656.842,2831.624,2409.177
2017-05-28 05:59:14.43,-657.626,2832.177,2413.173
2017-05-28 05:59:19.42,-656.422,2834.928,2411.130
2017-05-28 05:59:24.41,-655.324,2833.916,2408.905
2017-05-28 05:59:29.40,-654.923,2834.422,2410.332
2017-05-28 05:59:34.39,-655.519,2835.998,2408.964
2017-05-28 05:59:39.39,-654.546,2835.688,2409.359
2017-05-28 05:59:44.38,-653.407,2834.687,2411.532
2017-05-28 05:59:49.37,-653.100,2834.555,2412.434
2017-05-28 05:59:54.36,-651.579,2835.459,2409.039
2017-05-28 05:59:59.35,-656.749,2833.486,2408.559
2017-05-28 06:00:04.34,-655.702,2835.429,2408.000
2017-05-28 06:00:09.33,-656.084,2835.606,2409.512
2017-05-28 06:00:14.32,-652.713,2835.464,2410.739
2017-05-28 06:00:19.31,-652.616,2835.695,2407.471
2017-05-28 06:00:24.31,-651.477,2836.585,2412.043
2017-05-28 06:00:29.30,-649.608,2836.560,2412.605
2017-05-28 06:00:34.29,-652.722,2833.377,2414.144
2017-05-28 06:00:39.28,-655.542,2833.594,2415.610
2017-05-28 06:00:44.27,-651.758,2834.531,2415.599
2017-05-28 06:00:49.26,-653.268,2834.133,2417.039
2017-05-28 06:00:54.25,-651.243,2834.857,2412.110
2017-05-28 06:00:59.24,-653.485,2835.760,2410.402
2017-05-28 06:01:04.23,-652.604,2834.579,2411.552
2017-05-28 06:01:09.23,-652.877,2834.545,2414.806
2017-05-28 06:01:14.22,-655.671,2833.192,2413.214
2017-05-28 06:01:19.21,-655.882,2832.790,2410.679
2017-05-28 06:01:24.20,-655.375,2834.265,2404.541
2017-05-28 06:01:29.19,-654.597,2834.165,2408.115
2017-05-28 06:01:34.18,-654.336,2833.165,2409.591
2017-05-28 06:01:39.17,-657.949,2832.871,2409.229
2017-05-28 06:01:44.16,-657.715,2833.164,2411.422
2017-05-28 06:01:49.15,-657.365,2831.844,2410.191
2017-05-28 06:01:54.14,-658.678,2829.912,2410.947
2017-05-28 06:01:59.14,-661.186,2828.674,2411.927
2017-05-28 06:02:04.13,-659.507,2831.296,2413.561
2017-05-28 06:02:09.12,-659.811,2831.066,2412.717
2017-05-28 06:02:14.11,-660.806,2832.274,2411.209
2017-05-28 06:02:19.10,-661.249,2831.826,2410.333
2017-05-28 06:02:24.09,-663.626,2830.408,2411.776
2017-05-28 06:02:29.08,-664.136,2828.520,2409.112
2017-05-28 06:02:34.07,-663.289,2829.856,2412.072
2017-05-28 06:02:39.06,-663.402,2831.847,2413.309
2017-05-28 06:02:44.06,-662.765,2831.488,2413.578
2017-05-28 06:02:49.05,-660.228,2831.491,2414.976
2017-05-28 06:02:54.04,-664.811,2829.906,2411.583
2017-05-28 06:02:59.04,-663.142,2831.561,2412.036
2017-05-28 06:03:04.04,-665.446,2830.718,2410.663
2017-05-28 06:03:09.03,-667.160,2829.730,2415.782
2017-05-28 06:03:14.02,-668.283,2830.818,2414.735
2017-05-28 06:03:19.01,-668.835,2829.827,2414.403
2017-05-28 06:03:24.00,-665.238,2829.192,2415.016
2017-05-28 06:03:28.99,-660.842,2831.475,2415.424
2017-05-28 06:03:33.98,-661.648,2830.043,2413.980
2017-05-28 06:03:38.97,-662.966,2829.369,2412.476
2017-05-28 06:03:43.96,-663.416,2830.863,2413.752
2017-05-28 06:03:48.94,-666.000,2829.951,2414.819
2017-05-28 06:03:53.95,-666.496,2828.690,2412.490
2017-05-28 06:03:58.94,-666.456,2829.359,2413.361
2017-05-28 06:04:03.93,-664.299,2832.609,2410.615
2017-05-28 06:04:08.92,-667.956,2829.271,2411.496
2017-05-28 06:04:13.91,-670.454,2827.992,2413.018
2017-05-28 06:04:18.90,-673.077,2829.119,2407.823
2017-05-28 06:04:23.89,-671.041,2830.276,2407.169
2017-05-28 06:04:28.88,-673.360,2829.859,2407.408
2017-05-28 06:04:33.87,-670.168,2825.441,2409.028
2017-05-28 06:04:38.87,-671.014,2824.262,2413.795
2017-05-28 06:04:43.86,-668.024,2825.729,2411.638
2017-05-28 06:04:48.85,-670.735,2826.418,2413.352
2017-05-28 06:04:53.82,-673.257,2825.731,2415.593
2017-05-28 06:04:58.81,-674.030,2826.297,2412.635
2017-05-28 06:05:03.81,-674.766,2826.513,2411.023
2017-05-28 06:05:08.80,-675.141,2825.997,2416.317
2017-05-28 06:05:13.79,-674.141,2824.489,2414.192
2017-05-28 06:05:18.78,-673.420,2826.654,2409.370
2017-05-28 06:05:23.77,-674.812,2827.480,2409.458
2017-05-28 06:05:28.76,-675.609,2828.082,2408.545
2017-05-28 06:05:33.75,-674.221,2827.788,2407.778
2017-05-28 06:05:38.76,-674.867,2825.224,2406.985
2017-05-28 06:05:43.75,-677.481,2826.295,2405.721
2017-05-28 06:05:48.74,-679.064,2827.715,2406.340
2017-05-28 06:05:53.73,-679.479,2824.672,2408.378
2017-05-28 06:05:58.72,-679.953,2825.240,2407.235
2017-05-28 06:06:03.71,-680.584,2824.536,2407.106
2017-05-28 06:06:08.71,-681.554,2824.485,2409.005
2017-05-28 06:06:13.70,-683.116,2824.448,2410.331
2017-05-28 06:06:18.69,-680.084,2824.823,2412.507
2017-05-28 06:06:23.68,-678.655,2825.598,2411.204
2017-05-28 06:06:28.67,-679.226,2824.064,2410.642
2017-05-28 06:06:33.66,-680.446,2824.417,2410.956
2017-05-28 06:06:38.65,-683.301,2823.790,2412.377
2017-05-28 06:06:43.64,-683.093,2825.062,2411.022
2017-05-28 06:06:48.63,-681.963,2824.609,2408.959
2017-05-28 06:06:53.63,-684.870,2821.408,2409.253
2017-05-28 06:06:58.62,-681.815,2821.071,2404.371
2017-05-28 06:07:03.61,-683.184,2823.950,2405.636
2017-05-28 06:07:08.60,-682.246,2822.939,2408.692
2017-05-28 06:07:13.59,-682.574,2824.325,2407.862
2017-05-28 06:07:18.58,-681.917,2825.138,2409.485
2017-05-28 06:07:23.57,-686.562,2822.579,2407.607
2017-05-28 06:07:28.56,-686.732,2820.626,2410.821
2017-05-28 06:07:33.55,-685.942,2821.408,2408.442
2017-05-28 06:07:38.54,-684.416,2821.911,2411.533
2017-05-28 06:07:43.54,-686.629,2821.732,2411.129
2017-05-28 06:07:48.53,-688.632,2819.935,2407.251
2017-05-28 06:07:53.52,-688.511,2819.727,2408.991
2017-05-28 06:07:58.51,-691.876,2820.157,2406.548
2017-05-28 06:08:03.50,-691.569,2819.072,2405.518
2017-05-28 06:08:08.49,-690.147,2818.434,2404.305
2017-05-28 06:08:13.48,-687.149,2819.750,2405.290
2017-05-28 06:08:18.47,-689.866,2818.424,2405.652
2017-05-28 06:08:23.46,-692.005,2818.075,2405.457
2017-05-28 06:08:28.46,-690.874,2818.294,2406.334
2017-05-28 06:08:33.45,-690.744,2818.051,2405.735
2017-05-28 06:08:38.44,-691.742,2817.855,2408.223
2017-05-28 06:08:43.43,-692.029,2817.326,2408.472
2017-05-28 06:08:48.42,-692.848,2818.245,2405.819
2017-05-28 06:08:53.41,-692.901,2820.957,2408.718
2017-05-28 06:08:58.40,-695.401,2818.141,2407.364
2017-05-28 06:09:03.39,-694.578,2816.924,2407.239
2017-05-28 06:09:08.39,-694.753,2818.218,2404.465
2017-05-28 06:09:13.38,-695.242,2817.898,2406.658
2017-05-28 06:09:18.37,-695.919,2820.044,2404.616
2017-05-28 06:09:23.36,-699.774,2819.595,2406.872
2017-05-28 06:09:28.35,-698.359,2819.144,2406.240
2017-05-28 06:09:33.34,-696.089,2816.225,2407.299
2017-05-28 06:09:38.33,-698.641,2818.526,2408.274
2017-05-28 06:09:43.32,-697.819,2815.918,2405.860
2017-05-28 06:09:48.31,-696.176,2812.438,2407.455
2017-05-28 06:09:53.30,-699.658,2816.503,2407.026
2017-05-28 06:09:58.30,-701.972,2814.716,2404.997
2017-05-28 06:10:03.29,-700.448,2816.682,2405.963
2017-05-28 06:10:08.28,-700.448,2815.728,2406.083
2017-05-28 06:10:13.27,-702.495,2817.714,2407.976
2017-05-28 06:10:18.26,-702.414,2818.357,2408.200
2017-05-28 06:10:23.25,-704.360,2815.714,2409.279
2017-05-28 06:10:28.24,-705.448,2816.018,2409.420
2017-05-28 06:10:33.23,-704.134,2816.978,2407.004
2017-05-28 06:10:38.22,-700.078,2818.213,2409.942
2017-05-28 06:10:43.22,-705.470,2815.505,2411.527
2017-05-28 06:10:48.21,-704.664,2815.204,2408.596
2017-05-28 06:10:53.20,-703.265,2816.527,2409.710
2017-05-28 06:10:58.19,-704.749,2815.962,2410.323
2017-05-28 06:11:03.18,-702.611,2816.445,2410.154
2017-05-28 06:11:08.17,-701.185,2815.108,2406.862
2017-05-28 06:11:13.16,-704.052,2817.568,2410.597
2017-05-28 06:11:18.15,-698.631,2818.494,2411.240
2017-05-28 06:11:23.14,-699.184,2816.862,2412.419
2017-05-28 06:11:28.14,-698.008,2815.906,2414.949
2017-05-28 06:11:33.13,-700.485,2814.932,2413.502
2017-05-28 06:11:38.12,-701.945,2817.316,2414.685
2017-05-28 06:11:43.11,-703.767,2815.799,2410.972
2017-05-28 06:11:48.10,-700.011,2819.621,2409.403
2017-05-28 06:11:53.09,-699.709,2821.010,2411.823
2017-05-28 06:11:58.08,-698.996,2817.889,2411.896
2017-05-28 06:12:03.07,-700.032,2818.010,2409.736
2017-05-28 06:12:08.07,-696.556,2818.655,2408.412
2017-05-28 06:12:13.06,-697.610,2818.026,2408.597
2017-05-28 06:12:18.05,-700.491,2817.909,2410.441
2017-05-28 06:12:23.04,-701.925,2818.228,2408.303
2017-05-28 06:12:28.03,-701.471,2816.967,2408.457
2017-05-28 06:12:33.02,-700.725,2819.045,2412.745
2017-05-28 06:12:38.01,-693.618,2821.811,2410.924
2017-05-28 06:12:43.00,-700.153,2819.842,2407.692
2017-05-28 06:12:47.99,-699.029,2817.179,2411.605
2017-05-28 06:12:52.99,-701.405,2818.687,2410.733
2017-05-28 06:12:57.98,-698.329,2819.605,2414.869
2017-05-28 06:13:02.97,-698.801,2820.155,2412.024
2017-05-28 06:13:07.96,-699.739,2819.861,2411.108
2017-05-28 06:13:12.95,-701.008,2818.111,2409.730
2017-05-28 06:13:17.94,-698.914,2816.971,2411.425
2017-05-28 06:13:22.95,-701.033,2814.765,2411.378
2017-05-28 06:13:27.94,-703.171,2818.124,2407.833
2017-05-28 06:13:32.93,-701.592,2816.893,2407.525
2017-05-28 06:13:37.92,-699.526,2818.331,2406.198
2017-05-28 06:13:42.91,-701.386,2820.378,2404.338
2017-05-28 06:13:47.90,-699.352,2818.681,2407.983
2017-05-28 06:13:52.89,-702.538,2817.882,2406.132
2017-05-28 06:13:57.89,-702.601,2816.843,2405.729
2017-05-28 06:14:02.88,-703.115,2815.682,2406.955
2017-05-28 06:14:07.87,-702.015,2813.989,2406.166
2017-05-28 06:14:12.86,-702.335,2815.527,2406.244
2017-05-28 06:14:17.85,-701.642,2814.636,2408.436
2017-05-28 06:14:22.84,-700.642,2815.003,2407.543
2017-05-28 06:14:27.83,-701.506,2813.957,2405.924
2017-05-28 06:14:32.82,-701.744,2814.459,2407.166
2017-05-28 06:14:37.81,-704.210,2814.403,2405.865
2017-05-28 06:14:42.81,-704.042,2814.206,2406.108
2017-05-28 06:14:47.80,-704.905,2814.319,2405.573
2017-05-28 06:14:52.79,-704.471,2812.847,2405.916
2017-05-28 06:14:57.78,-704.149,2814.361,2410.518
2017-05-28 06:15:02.77,-708.136,2812.905,2409.515
2017-05-28 06:15:07.76,-704.788,2815.585,2411.515
2017-05-28 06:15:12.75,-704.475,2812.885,2410.888
2017-05-28 06:15:17.74,-704.502,2812.936,2409.572
2017-05-28 06:15:22.73,-704.783,2813.285,2406.839
2017-05-28 06:15:27.73,-704.716,2813.502,2408.270
2017-05-28 06:15:32.72,-706.873,2812.049,2406.004
2017-05-28 06:15:37.71,-706.118,2812.326,2410.544
2017-05-28 06:15:42.70,-705.502,2815.315,2411.184
2017-05-28 06:15:47.69,-705.000,2812.452,2410.274
2017-05-28 06:15:52.68,-704.648,2811.464,2411.822
2017-05-28 06:15:57.67,-705.806,2812.204,2414.172
2017-05-28 06:16:02.66,-705.591,2812.605,2414.037
2017-05-28 06:16:07.65,-708.659,2812.849,2413.375
2017-05-28 06:16:12.65,-705.800,2814.080,2413.972
2017-05-28 06:16:17.64,-704.278,2811.234,2411.025
2017-05-28 06:16:22.63,-706.169,2813.559,2414.055
2017-05-28 06:16:27.62,-708.164,2813.498,2414.038
2017-05-28 06:16:32.61,-708.098,2811.260,2415.069
2017-05-28 06:16:37.60,-708.001,2812.488,2411.688
2017-05-28 06:16:42.59,-707.881,2814.852,2407.606
2017-05-28 06:16:47.58,-706.079,2815.292,2409.881
2017-05-28 06:16:52.57,-703.153,2817.987,2407.391
2017-05-28 06:16:57.57,-703.592,2817.298,2408.319
2017-05-28 06:17:02.56,-704.002,2813.658,2408.993
2017-05-28 06:17:07.55,-705.794,2812.163,2409.261
2017-05-28 06:17:12.54,-706.748,2813.306,2409.722
2017-05-28 06:17:17.53,-706.578,2811.677,2410.696
2017-05-28 06:17:22.52,-706.025,2813.244,2411.568
2017-05-28 06:17:27.51,-705.792,2815.863,2410.455
2017-05-28 06:17:32.50,-703.407,2815.052,2409.955
2017-05-28 06:17:37.50,-702.645,2813.120,2412.481
2017-05-28 06:17:42.49,-702.581,2815.282,2408.027
2017-05-28 06:17:47.48,-700.361,2815.615,2407.391
2017-05-28 06:17:52.47,-703.338,2816.523,2407.318
2017-05-28 06:17:57.46,-699.986,2815.651,2411.543
2017-05-28 06:18:02.45,-701.908,2813.059,2411.789
2017-05-28 06:18:07.44,-700.575,2814.317,2410.048
2017-05-28 06:18:12.43,-698.632,2814.904,2410.869
2017-05-28 06:18:17.42,-701.886,2815.377,2411.339
2017-05-28 06:18:22.42,-703.055,2816.132,2412.929
2017-05-28 06:18:27.41,-702.050,2815.838,2410.029
2017-05-28 06:18:32.40,-703.907,2815.537,2408.919
2017-05-28 06:18:37.39,-701.709,2813.846,2408.387
2017-05-28 06:18:42.38,-700.915,2815.724,2408.703
2017-05-28 06:18:47.37,-700.815,2817.777,2409.985
2017-05-28 06:18:52.36,-698.269,2819.156,2407.823
2017-05-28 06:18:57.35,-697.159,2817.656,2410.396
2017-05-28 06:19:02.34,-697.565,2814.984,2408.555
2017-05-28 06:19:07.34,-694.365,2817.273,2411.526
2017-05-28 06:19:12.33,-694.523,2816.796,2411.589
2017-05-28 06:19:17.32,-693.926,2817.346,2407.841
2017-05-28 06:19:22.31,-691.863,2817.414,2411.401
2017-05-28 06:19:27.30,-694.929,2817.588,2411.583
2017-05-28 06:19:32.29,-694.374,2817.520,2414.701
2017-05-28 06:19:37.28,-695.183,2818.270,2417.813
2017-05-28 06:19:42.27,-695.599,2818.292,2414.860
2017-05-28 06:19:47.28,-697.066,2816.690,2412.113
2017-05-28 06:19:52.27,-697.783,2816.742,2411.836
2017-05-28 06:19:57.26,-696.015,2817.949,2412.964
2017-05-28 06:20:02.25,-696.711,2816.919,2411.347
2017-05-28 06:20:07.25,-696.754,2816.507,2410.247
2017-05-28 06:20:12.24,-696.006,2819.104,2410.510
2017-05-28 06:20:17.23,-694.226,2817.299,2410.876
2017-05-28 06:20:22.22,-696.755,2815.891,2409.987
2017-05-28 06:20:27.21,-693.447,2816.342,2409.589
2017-05-28 06:20:32.20,-694.731,2815.320,2407.317
2017-05-28 06:20:37.19,-695.830,2817.401,2404.781
2017-05-28 06:20:42.18,-694.867,2817.548,2410.369
2017-05-28 06:20:47.17,-692.888,2818.546,2413.683
2017-05-28 06:20:52.17,-691.257,2817.374,2412.303
2017-05-28 06:20:57.16,-694.566,2817.182,2409.805
2017-05-28 06:21:02.15,-691.587,2819.421,2407.562
2017-05-28 06:21:07.14,-693.073,2816.644,2407.058
2017-05-28 06:21:12.13,-692.936,2816.025,2409.660
2017-05-28 06:21:17.12,-692.269,2816.225,2410.869
2017-05-28 06:21:22.11,-692.061,2819.018,2409.084
2017-05-28 06:21:27.10,-691.870,2818.193,2408.527
2017-05-28 06:21:32.09,-691.931,2817.951,2410.025
2017-05-28 06:21:37.09,-692.090,2819.641,2408.019
2017-05-28 06:21:42.08,-692.591,2817.938,2410.748
2017-05-28 06:21:47.07,-692.695,2817.027,2410.970
2017-05-28 06:21:52.06,-693.118,2815.323,2411.426
2017-05-28 06:21:57.05,-689.470,2816.715,2407.893
2017-05-28 06:22:02.04,-693.476,2816.441,2409.270
2017-05-28 06:22:07.03,-692.584,2817.212,2412.082
2017-05-28 06:22:12.02,-693.603,2817.705,2412.924
2017-05-28 06:22:17.02,-691.875,2816.032,2412.341
2017-05-28 06:22:22.01,-691.942,2817.251,2408.171
2017-05-28 06:22:27.00,-691.057,2817.541,2406.782
2017-05-28 06:22:31.99,-693.228,2818.342,2409.257
2017-05-28 06:22:36.98,-694.376,2817.672,2407.303
2017-05-28 06:22:41.97,-692.551,2818.771,2406.708
2017-05-28 06:22:46.96,-690.356,2819.209,2410.778
2017-05-28 06:22:51.95,-690.551,2819.549,2409.597
2017-05-28 06:22:56.94,-689.577,2818.044,2406.610
2017-05-28 06:23:01.94,-691.560,2816.442,2408.507
2017-05-28 06:23:06.93,-694.171,2817.735,2407.461
2017-05-28 06:23:11.92,-694.425,2818.782,2410.266
2017-05-28 06:23:16.91,-693.425,2817.172,2410.326
2017-05-28 06:23:21.90,-693.525,2818.406,2410.136
2017-05-28 06:23:26.89,-695.215,2818.989,2411.937
2017-05-28 06:23:31.88,-692.982,2818.961,2413.220
2017-05-28 06:23:36.87,-695.517,2818.329,2412.308
2017-05-28 06:23:41.87,-694.620,2817.124,2411.652
2017-05-28 06:23:46.86,-698.328,2818.147,2414.227
2017-05-28 06:23:51.85,-696.398,2817.052,2409.714
2017-05-28 06:23:56.85,-694.946,2818.190,2410.655
2017-05-28 06:24:01.84,-697.542,2818.399,2412.275
2017-05-28 06:24:06.84,-697.639,2817.598,2412.129
2017-05-28 06:24:11.83,-698.756,2815.944,2410.073
2017-05-28 06:24:16.82,-694.680,2815.941,2408.772
2017-05-28 06:24:21.81,-691.601,2819.555,2411.921
2017-05-28 06:24:26.80,-692.502,2817.986,2409.874
2017-05-28 06:24:31.79,-697.964,2817.129,2408.751
2017-05-28 06:24:36.78,-695.675,2818.505,2407.425
2017-05-28 06:24:41.78,-697.347,2820.094,2407.641
2017-05-28 06:24:46.77,-699.501,2818.530,2404.494
2017-05-28 06:24:51.76,-699.408,2816.828,2406.036
2017-05-28 06:24:56.75,-698.166,2817.357,2408.793
2017-05-28 06:25:01.74,-700.804,2818.636,2408.008
2017-05-28 06:25:06.73,-701.159,2817.893,2404.718
2017-05-28 06:25:11.72,-704.173,2816.896,2409.333
2017-05-28 06:25:16.71,-702.467,2816.217,2409.276
2017-05-28 06:25:21.70,-703.275,2816.571,2409.147
2017-05-28 06:25:26.70,-702.392,2816.984,2412.624
2017-05-28 06:25:31.69,-701.819,2816.775,2413.833
2017-05-28 06:25:36.68,-705.607,2816.293,2410.312
2017-05-28 06:25:41.67,-704.746,2815.243,2409.971
2017-05-28 06:25:46.66,-703.000,2815.893,2408.103
2017-05-28 06:25:51.65,-704.868,2815.109,2406.839
2017-05-28 06:25:56.64,-701.057,2814.083,2405.993
2017-05-28 06:26:01.63,-700.278,2812.673,2407.979
2017-05-28 06:26:06.62,-703.267,2813.664,2408.044
2017-05-28 06:26:11.62,-702.862,2815.350,2408.798
2017-05-28 06:26:16.61,-702.510,2815.266,2409.502
2017-05-28 06:26:21.60,-702.441,2815.025,2407.674
2017-05-28 06:26:26.59,-704.281,2814.458,2411.031
2017-05-28 06:26:31.58,-704.942,2812.882,2411.384
2017-05-28 06:26:36.57,-703.576,2814.122,2410.587
2017-05-28 06:26:41.56,-703.626,2815.958,2409.855
2017-05-28 06:26:46.55,-703.754,2815.409,2406.934
2017-05-28 06:26:51.54,-702.107,2816.447,2407.978
2017-05-28 06:26:56.54,-704.599,2816.188,2413.098
2017-05-28 06:27:01.53,-703.833,2816.250,2414.543
2017-05-28 06:27:06.52,-704.179,2815.461,2413.030
2017-05-28 06:27:11.51,-705.625,2815.005,2409.482
2017-05-28 06:27:16.50,-705.046,2815.248,2409.558
2017-05-28 06:27:21.49,-703.468,2813.815,2411.462
2017-05-28 06:27:26.48,-703.318,2813.962,2407.535
2017-05-28 06:27:31.47,-704.072,2814.466,2410.088
2017-05-28 06:27:36.46,-704.921,2813.924,2408.163
2017-05-28 06:27:41.46,-705.518,2815.123,2406.488
2017-05-28 06:27:46.45,-706.187,2816.398,2410.224
2017-05-28 06:27:51.44,-701.869,2813.174,2404.233
2017-05-28 06:27:56.43,-701.498,2813.272,2407.011
2017-05-28 06:28:01.42,-701.796,2812.212,2402.248
2017-05-28 06:28:06.41,-700.654,2812.863,2405.919
2017-05-28 06:28:11.40,-701.864,2814.377,2407.590
2017-05-28 06:28:16.39,-702.778,2813.103,2408.082
2017-05-28 06:28:21.39,-700.166,2813.271,2404.792
2017-05-28 06:28:26.38,-700.623,2814.215,2404.076
2017-05-28 06:28:31.37,-699.749,2814.990,2407.035
2017-05-28 06:28:36.36,-702.672,2813.617,2404.202
2017-05-28 06:28:41.35,-704.272,2812.983,2407.212
2017-05-28 06:28:46.34,-702.060,2813.395,2406.640
2017-05-28 06:28:51.33,-700.741,2813.358,2401.240
2017-05-28 06:28:56.32,-699.934,2813.745,2402.205
2017-05-28 06:29:01.31,-701.443,2813.631,2403.943
2017-05-28 06:29:06.31,-702.384,2815.124,2402.691
2017-05-28 06:29:11.30,-702.715,2815.048,2407.568
2017-05-28 06:29:16.29,-700.902,2817.559,2408.834
2017-05-28 06:29:21.28,-701.878,2817.959,2407.513
2017-05-28 06:29:26.27,-701.449,2815.241,2406.948
2017-05-28 06:29:31.26,-698.135,2815.216,2411.284
2017-05-28 06:29:36.25,-700.652,2816.400,2411.927
2017-05-28 06:29:41.24,-700.074,2815.816,2410.688
2017-05-28 06:29:46.23,-702.346,2812.763,2407.536
2017-05-28 06:29:51.23,-702.531,2813.305,2412.526
2017-05-28 06:29:56.22,-700.791,2813.972,2415.575
2017-05-28 06:30:01.21,-699.218,2814.422,2408.855
2017-05-28 06:30:06.22,-702.472,2811.804,2410.946
2017-05-28 06:30:11.21,-703.275,2809.795,2410.487
2017-05-28 06:30:16.20,-701.732,2810.722,2408.797
2017-05-28 06:30:21.19,-706.481,2810.659,2407.075
2017-05-28 06:30:26.18,-697.839,2812.779,2405.775
2017-05-28 06:30:31.17,-699.490,2814.368,2405.294
2017-05-28 06:30:36.16,-699.678,2813.051,2410.954
2017-05-28 06:30:41.15,-702.989,2810.576,2410.388
2017-05-28 06:30:46.15,-703.538,2810.659,2409.414
2017-05-28 06:30:51.14,-703.503,2811.968,2407.911
2017-05-28 06:30:56.13,-702.751,2812.154,2407.160
2017-05-28 06:31:01.12,-702.823,2815.715,2408.725
2017-05-28 06:31:06.11,-702.168,2813.667,2410.058
2017-05-28 06:31:11.10,-703.755,2811.812,2413.741
2017-05-28 06:31:16.09,-703.577,2812.245,2411.013
2017-05-28 06:31:21.08,-703.018,2812.846,2406.974
2017-05-28 06:31:26.07,-702.562,2815.015,2407.092
2017-05-28 06:31:31.07,-702.496,2816.253,2406.172
2017-05-28 06:31:36.06,-700.139,2817.349,2405.270
2017-05-28 06:31:41.05,-702.023,2815.014,2407.858
2017-05-28 06:31:46.04,-702.928,2815.595,2408.371
2017-05-28 06:31:51.03,-705.045,2816.949,2406.485
2017-05-28 06:31:56.02,-706.511,2815.808,2406.207
2017-05-28 06:32:01.01,-708.490,2812.109,2404.498
2017-05-28 06:32:06.00,-707.853,2814.817,2407.571
2017-05-28 06:32:10.99,-709.116,2814.376,2409.835
2017-05-28 06:32:15.99,-707.484,2814.073,2409.992
2017-05-28 06:32:20.98,-707.919,2811.586,2410.354
2017-05-28 06:32:25.97,-706.610,2812.779,2410.388
2017-05-28 06:32:30.96,-704.914,2812.810,2410.800
2017-05-28 06:32:35.95,-706.564,2814.079,2411.341
2017-05-28 06:32:40.94,-704.617,2813.867,2409.175
2017-05-28 06:32:45.93,-704.004,2812.518,2409.032
2017-05-28 06:32:50.92,-706.551,2811.858,2411.229
2017-05-28 06:32:55.91,-706.720,2812.830,2409.214
2017-05-28 06:33:00.91,-706.022,2814.081,2407.327
2017-05-28 06:33:05.90,-705.957,2814.345,2407.096
2017-05-28 06:33:10.89,-706.502,2815.856,2406.739
2017-05-28 06:33:15.88,-704.226,2813.013,2408.516
2017-05-28 06:33:20.87,-705.732,2812.426,2407.992
2017-05-28 06:33:25.86,-703.732,2815.421,2405.384
2017-05-28 06:33:30.85,-708.491,2813.031,2405.285
2017-05-28 06:33:35.84,-711.361,2811.868,2408.532
2017-05-28 06:33:40.84,-712.146,2813.289,2405.116
2017-05-28 06:33:45.83,-710.355,2811.148,2410.161
2017-05-28 06:33:50.82,-706.259,2812.944,2410.010
2017-05-28 06:33:55.81,-704.303,2812.999,2409.339
2017-05-28 06:34:00.80,-706.352,2811.602,2409.993
2017-05-28 06:34:05.79,-705.403,2810.347,2406.165
2017-05-28 06:34:10.78,-707.124,2810.278,2405.569
2017-05-28 06:34:15.77,-705.745,2811.910,2407.195
2017-05-28 06:34:20.76,-705.713,2810.967,2405.980
2017-05-28 06:34:25.76,-704.064,2810.632,2406.088
2017-05-28 06:34:30.75,-705.925,2808.316,2408.190
2017-05-28 06:34:35.74,-705.908,2809.142,2405.352
2017-05-28 06:34:40.73,-707.599,2809.803,2405.167
2017-05-28 06:34:45.72,-707.108,2808.971,2406.812
2017-05-28 06:34:50.71,-706.558,2807.889,2403.069
2017-05-28 06:34:55.70,-705.402,2808.992,2403.856
2017-05-28 06:35:00.69,-707.916,2809.546,2406.487
2017-05-28 06:35:05.68,-709.975,2810.898,2402.674
2017-05-28 06:35:10.68,-706.484,2809.966,2399.459
2017-05-28 06:35:15.67,-706.369,2808.439,2399.602
2017-05-28 06:35:20.66,-708.626,2811.715,2404.382
2017-05-28 06:35:25.65,-706.440,2811.582,2405.250
2017-05-28 06:35:30.64,-709.235,2810.798,2405.898
2017-05-28 06:35:35.63,-711.956,2811.666,2404.478
2017-05-28 06:35:40.62,-711.235,2811.949,2408.177
2017-05-28 06:35:45.61,-711.237,2810.982,2409.535
2017-05-28 06:35:50.61,-709.005,2812.002,2414.630
2017-05-28 06:35:55.60,-708.019,2811.282,2411.572
2017-05-28 06:36:00.59,-706.550,2811.828,2412.797
2017-05-28 06:36:05.58,-708.258,2812.612,2415.115
2017-05-28 06:36:10.57,-709.813,2812.162,2416.694
2017-05-28 06:36:15.56,-709.022,2811.748,2413.555
2017-05-28 06:36:20.55,-707.778,2815.401,2415.220
2017-05-28 06:36:25.54,-706.272,2815.548,2412.358
2017-05-28 06:36:30.54,-704.942,2819.072,2410.179
2017-05-28 06:36:35.53,-708.527,2814.370,2410.675
2017-05-28 06:36:40.52,-710.542,2814.515,2412.109
2017-05-28 06:36:45.51,-711.231,2812.737,2411.805
2017-05-28 06:36:50.50,-713.725,2812.772,2413.761
2017-05-28 06:36:55.49,-715.275,2810.116,2410.510
2017-05-28 06:37:00.48,-715.761,2810.471,2410.583
2017-05-28 06:37:05.47,-712.073,2811.600,2414.213
2017-05-28 06:37:10.47,-713.001,2810.321,2412.795
2017-05-28 06:37:15.46,-711.116,2810.927,2412.839
2017-05-28 06:37:20.45,-709.723,2812.549,2412.048
2017-05-28 06:37:25.44,-709.845,2812.045,2407.825
2017-05-28 06:37:30.43,-709.410,2810.059,2407.855
2017-05-28 06:37:35.42,-710.593,2812.119,2413.329
2017-05-28 06:37:40.41,-707.458,2811.975,2416.310
2017-05-28 06:37:45.40,-706.738,2812.636,2411.629
2017-05-28 06:37:50.40,-706.959,2813.674,2409.805
2017-05-28 06:37:55.39,-705.365,2812.152,2411.998
2017-05-28 06:38:00.38,-704.630,2813.335,2410.553
2017-05-28 06:38:05.37,-704.661,2812.675,2411.569
2017-05-28 06:38:10.36,-706.599,2812.072,2412.429
2017-05-28 06:38:15.35,-704.898,2811.458,2407.248
2017-05-28 06:38:20.34,-705.235,2813.479,2406.157
2017-05-28 06:38:25.34,-702.916,2813.248,2408.255
2017-05-28 06:38:30.33,-704.090,2811.786,2407.824
2017-05-28 06:38:35.32,-702.980,2813.461,2409.661
2017-05-28 06:38:40.31,-702.495,2814.073,2407.717
2017-05-28 06:38:45.30,-701.882,2814.688,2411.342
2017-05-28 06:38:50.29,-699.967,2812.876,2412.091
2017-05-28 06:38:55.28,-702.042,2813.721,2408.755
2017-05-28 06:39:00.27,-698.162,2814.173,2410.737
2017-05-28 06:39:05.27,-699.852,2813.201,2411.957
2017-05-28 06:39:10.26,-701.209,2811.121,2408.069
2017-05-28 06:39:15.25,-703.903,2812.927,2407.870
2017-05-28 06:39:20.24,-703.784,2814.009,2404.888
2017-05-28 06:39:25.23,-701.385,2813.718,2407.429
2017-05-28 06:39:30.22,-703.644,2815.645,2409.632
2017-05-28 06:39:35.21,-702.458,2814.932,2407.848
2017-05-28 06:39:40.22,-704.578,2815.647,2406.388
2017-05-28 06:39:45.21,-700.709,2815.362,2409.108
2017-05-28 06:39:50.20,-704.821,2816.164,2407.151
2017-05-28 06:39:55.19,-702.298,2813.033,2408.285
2017-05-28 06:40:00.18,-702.555,2815.760,2406.484
2017-05-28 06:40:05.17,-704.097,2813.545,2408.467
2017-05-28 06:40:10.17,-703.811,2814.962,2407.615
2017-05-28 06:40:15.16,-702.166,2814.073,2407.548
2017-05-28 06:40:20.15,-701.165,2815.733,2411.329
2017-05-28 06:40:25.14,-701.175,2815.359,2406.504
2017-05-28 06:40:30.13,-701.419,2814.560,2407.978
2017-05-28 06:40:35.12,-700.133,2817.028,2409.025
2017-05-28 06:40:40.11,-699.143,2815.963,2405.972
2017-05-28 06:40:45.10,-698.464,2816.336,2406.025
2017-05-28 06:40:50.10,-698.616,2816.548,2407.354
2017-05-28 06:40:55.09,-699.964,2817.993,2409.228
2017-05-28 06:41:00.08,-699.765,2817.406,2410.427
2017-05-28 06:41:05.07,-700.312,2818.138,2409.411
2017-05-28 06:41:10.06,-695.718,2819.735,2407.142
2017-05-28 06:41:15.05,-695.321,2820.745,2410.363
2017-05-28 06:41:20.04,-695.323,2820.498,2410.477
2017-05-28 06:41:25.04,-695.438,2818.604,2406.485
2017-05-28 06:41:30.03,-696.300,2818.737,2405.989
2017-05-28 06:41:35.02,-691.721,2820.928,2406.313
2017-05-28 06:41:40.01,-692.903,2820.628,2404.580
2017-05-28 06:41:45.00,-693.661,2819.971,2406.526
2017-05-28 06:41:49.99,-694.717,2819.214,2405.714
2017-05-28 06:41:54.98,-692.254,2821.382,2406.449
2017-05-28 06:41:59.97,-690.294,2819.502,2407.185
2017-05-28 06:42:04.96,-694.157,2819.526,2406.721
2017-05-28 06:42:09.96,-694.951,2818.981,2403.894
2017-05-28 06:42:14.95,-693.089,2820.250,2407.214
2017-05-28 06:42:19.94,-690.521,2819.128,2408.552
2017-05-28 06:42:24.93,-693.490,2820.972,2404.384
2017-05-28 06:42:29.92,-696.136,2821.910,2407.915
2017-05-28 06:42:34.91,-695.339,2820.864,2406.569
2017-05-28 06:42:39.90,-695.832,2818.788,2406.811
2017-05-28 06:42:44.89,-692.795,2821.566,2407.148
2017-05-28 06:42:49.89,-692.675,2820.721,2408.838
2017-05-28 06:42:54.88,-693.852,2818.142,2406.232
2017-05-28 06:42:59.87,-694.523,2819.358,2402.553
2017-05-28 06:43:04.86,-692.022,2817.520,2401.971
2017-05-28 06:43:09.85,-691.404,2817.753,2404.657
2017-05-28 06:43:14.84,-692.428,2818.419,2408.453
2017-05-28 06:43:19.83,-693.049,2820.034,2405.047
2017-05-28 06:43:24.82,-689.153,2819.661,2405.151
2017-05-28 06:43:29.81,-689.939,2816.934,2405.818
2017-05-28 06:43:34.81,-689.958,2816.822,2402.202
2017-05-28 06:43:39.80,-689.984,2819.772,2407.278
2017-05-28 06:43:44.79,-690.125,2819.886,2405.020
2017-05-28 06:43:49.78,-690.063,2818.478,2401.795
2017-05-28 06:43:54.77,-692.521,2820.323,2403.059
2017-05-28 06:43:59.76,-690.169,2820.305,2407.403
2017-05-28 06:44:04.75,-691.671,2819.904,2404.139
2017-05-28 06:44:09.74,-689.896,2817.948,2405.941
2017-05-28 06:44:14.74,-688.174,2819.392,2406.958
2017-05-28 06:44:19.73,-687.783,2819.044,2402.166
2017-05-28 06:44:24.72,-688.058,2821.484,2403.793
2017-05-28 06:44:29.71,-688.411,2820.493,2408.187
2017-05-28 06:44:34.70,-689.406,2823.028,2406.556
2017-05-28 06:44:39.69,-690.295,2822.081,2405.697
2017-05-28 06:44:44.68,-688.400,2821.041,2404.789
2017-05-28 06:44:49.67,-687.582,2819.385,2405.158
2017-05-28 06:44:54.67,-690.080,2818.334,2404.756
2017-05-28 06:44:59.66,-689.046,2818.239,2406.281
2017-05-28 06:45:04.65,-681.558,2821.527,2405.592
2017-05-28 06:45:09.64,-685.094,2819.599,2408.186
2017-05-28 06:45:14.63,-683.838,2820.468,2407.008
2017-05-28 06:45:19.62,-685.870,2820.609,2409.360
2017-05-28 06:45:24.61,-686.352,2822.336,2407.238
2017-05-28 06:45:29.60,-685.541,2822.415,2405.380
2017-05-28 06:45:34.60,-685.495,2822.002,2403.648
2017-05-28 06:45:39.59,-685.333,2821.955,2405.701
2017-05-28 06:45:44.58,-684.711,2820.164,2409.652
2017-05-28 06:45:49.57,-683.628,2822.230,2406.621
2017-05-28 06:45:54.56,-683.219,2822.659,2406.213
2017-05-28 06:45:59.55,-684.328,2824.958,2403.932
2017-05-28 06:46:04.54,-678.259,2826.394,2409.561
2017-05-28 06:46:09.53,-679.680,2824.771,2411.711
2017-05-28 06:46:14.53,-681.844,2824.149,2410.988
2017-05-28 06:46:19.52,-677.746,2824.401,2412.894
2017-05-28 06:46:24.51,-681.395,2824.342,2411.198
2017-05-28 06:46:29.50,-682.203,2824.998,2410.745
2017-05-28 06:46:34.49,-681.551,2823.674,2407.928
2017-05-28 06:46:39.48,-684.255,2824.821,2404.991
2017-05-28 06:46:44.47,-682.208,2825.285,2406.864
2017-05-28 06:46:49.48,-679.754,2823.934,2409.093
2017-05-28 06:46:54.45,-680.426,2823.775,2413.260
2017-05-28 06:46:59.45,-678.021,2823.696,2411.855
2017-05-28 06:47:04.44,-678.341,2822.441,2409.445
2017-05-28 06:47:09.43,-675.542,2821.235,2410.312
2017-05-28 06:47:14.42,-678.512,2822.712,2406.328
2017-05-28 06:47:19.43,-680.463,2821.662,2406.786
2017-05-28 06:47:24.42,-678.548,2821.099,2408.238
2017-05-28 06:47:29.41,-674.838,2822.783,2410.059
2017-05-28 06:47:34.38,-678.439,2822.431,2409.845
2017-05-28 06:47:39.39,-678.129,2821.186,2409.263
2017-05-28 06:47:44.38,-677.061,2819.432,2410.978
2017-05-28 06:47:49.37,-678.761,2821.200,2410.389
2017-05-28 06:47:54.36,-679.066,2821.772,2407.590
2017-05-28 06:47:59.36,-679.143,2821.789,2406.645
2017-05-28 06:48:04.35,-676.349,2822.829,2405.326
2017-05-28 06:48:09.34,-676.976,2821.360,2407.291
2017-05-28 06:48:14.33,-676.328,2821.149,2408.462
2017-05-28 06:48:19.32,-677.642,2822.415,2409.335
2017-05-28 06:48:24.31,-677.380,2820.961,2406.750
2017-05-28 06:48:29.30,-676.596,2820.986,2408.643
2017-05-28 06:48:34.29,-679.108,2824.356,2411.060
2017-05-28 06:48:39.29,-678.046,2822.428,2413.692
2017-05-28 06:48:44.28,-673.436,2824.750,2408.292
2017-05-28 06:48:49.27,-675.417,2824.753,2406.711
2017-05-28 06:48:54.26,-676.919,2826.500,2408.594
2017-05-28 06:48:59.25,-677.865,2828.230,2408.245
2017-05-28 06:49:04.24,-678.249,2828.984,2409.783
2017-05-28 06:49:09.23,-677.615,2828.071,2409.934
2017-05-28 06:49:14.22,-682.239,2826.648,2411.177
2017-05-28 06:49:19.22,-681.252,2826.886,2411.073
2017-05-28 06:49:24.21,-681.320,2826.379,2412.717
2017-05-28 06:49:29.20,-680.220,2825.895,2413.253
2017-05-28 06:49:34.19,-679.692,2824.653,2412.425
2017-05-28 06:49:39.18,-681.155,2825.417,2414.727
2017-05-28 06:49:44.17,-679.662,2824.766,2413.215
2017-05-28 06:49:49.16,-680.148,2825.604,2415.010
2017-05-28 06:49:54.15,-680.139,2825.773,2414.313
2017-05-28 06:49:59.14,-679.912,2826.568,2414.645
2017-05-28 06:50:04.14,-680.755,2825.038,2412.479
2017-05-28 06:50:09.13,-680.002,2827.095,2409.679
2017-05-28 06:50:14.12,-680.739,2824.921,2411.372
2017-05-28 06:50:19.11,-681.862,2825.313,2411.798
2017-05-28 06:50:24.10,-682.802,2826.475,2412.058
2017-05-28 06:50:29.09,-681.078,2825.179,2411.600
2017-05-28 06:50:34.08,-680.618,2825.922,2410.165
2017-05-28 06:50:39.07,-679.242,2827.287,2408.939
2017-05-28 06:50:44.06,-679.911,2824.041,2408.956
2017-05-28 06:50:49.06,-680.032,2825.909,2409.596
2017-05-28 06:50:54.05,-680.712,2825.384,2410.746
2017-05-28 06:50:59.04,-677.901,2825.407,2412.891
2017-05-28 06:51:04.03,-678.748,2827.852,2413.465
2017-05-28 06:51:09.02,-678.112,2826.581,2413.664
2017-05-28 06:51:14.01,-678.898,2824.432,2412.868
2017-05-28 06:51:19.00,-679.106,2824.347,2412.647
2017-05-28 06:51:23.99,-683.299,2824.260,2412.281
2017-05-28 06:51:28.99,-685.142,2823.549,2410.326
2017-05-28 06:51:33.98,-683.761,2825.024,2408.088
2017-05-28 06:51:38.97,-683.282,2824.851,2409.573
2017-05-28 06:51:43.96,-683.535,2825.130,2412.654
2017-05-28 06:51:48.95,-684.247,2826.063,2414.313
2017-05-28 06:51:53.94,-683.874,2825.600,2416.291
2017-05-28 06:51:58.93,-684.952,2821.990,2410.846
2017-05-28 06:52:03.94,-689.322,2819.406,2407.084
2017-05-28 06:52:08.93,-687.442,2824.026,2411.066
2017-05-28 06:52:13.92,-687.985,2824.022,2410.333
2017-05-28 06:52:18.91,-687.496,2822.980,2412.461
2017-05-28 06:52:23.90,-687.488,2822.439,2411.354
2017-05-28 06:52:28.90,-695.728,2820.217,2410.484
2017-05-28 06:52:33.89,-683.192,2823.750,2411.497
2017-05-28 06:52:38.88,-688.546,2823.635,2414.503
2017-05-28 06:52:43.87,-688.514,2823.526,2412.135
2017-05-28 06:52:48.86,-691.249,2822.751,2410.723
2017-05-28 06:52:53.85,-692.521,2824.088,2410.718
2017-05-28 06:52:58.84,-694.403,2820.839,2410.574
2017-05-28 06:53:03.83,-693.567,2821.248,2408.567
2017-05-28 06:53:08.83,-692.084,2822.213,2410.840
2017-05-28 06:53:13.80,-693.616,2821.621,2413.894
2017-05-28 06:53:18.79,-693.095,2822.336,2410.538
2017-05-28 06:53:23.78,-693.352,2821.198,2411.148
2017-05-28 06:53:28.79,-692.124,2822.433,2409.082
2017-05-28 06:53:33.78,-691.812,2822.156,2408.963
2017-05-28 06:53:38.77,-689.926,2822.623,2406.828
2017-05-28 06:53:43.76,-690.778,2822.868,2407.750
2017-05-28 06:53:48.75,-692.435,2822.088,2407.592
2017-05-28 06:53:53.75,-693.876,2819.419,2407.590
2017-05-28 06:53:58.74,-696.235,2820.366,2410.503
2017-05-28 06:54:03.73,-696.042,2820.847,2409.394
2017-05-28 06:54:08.72,-696.169,2820.095,2410.126
2017-05-28 06:54:13.71,-693.490,2818.773,2414.132
2017-05-28 06:54:18.70,-694.822,2819.581,2409.072
2017-05-28 06:54:23.69,-695.835,2822.064,2412.387
2017-05-28 06:54:28.68,-694.362,2822.762,2408.539
2017-05-28 06:54:33.67,-695.009,2822.203,2406.587
2017-05-28 06:54:38.67,-694.804,2823.059,2410.210
2017-05-28 06:54:43.66,-696.198,2821.947,2410.793
2017-05-28 06:54:48.65,-696.473,2821.708,2409.949
2017-05-28 06:54:53.64,-697.324,2823.060,2414.914
2017-05-28 06:54:58.63,-694.528,2825.425,2413.924
2017-05-28 06:55:03.62,-696.080,2822.364,2413.132
2017-05-28 06:55:08.61,-698.122,2819.244,2413.217
2017-05-28 06:55:13.61,-701.472,2816.616,2410.580
2017-05-28 06:55:18.60,-699.874,2818.100,2411.351
2017-05-28 06:55:23.59,-697.325,2817.723,2408.898
2017-05-28 06:55:28.58,-696.941,2820.905,2410.872
2017-05-28 06:55:33.57,-698.606,2819.555,2412.359
2017-05-28 06:55:38.56,-698.011,2821.218,2413.842
2017-05-28 06:55:43.55,-697.051,2821.238,2410.568
2017-05-28 06:55:48.54,-698.627,2821.536,2409.778
2017-05-28 06:55:53.53,-698.244,2819.413,2413.791
2017-05-28 06:55:58.53,-696.789,2817.386,2414.324
2017-05-28 06:56:03.52,-695.352,2819.109,2414.115
2017-05-28 06:56:08.51,-697.465,2818.722,2415.862
2017-05-28 06:56:13.50,-700.794,2821.287,2414.629
2017-05-28 06:56:18.49,-700.372,2819.685,2416.342
2017-05-28 06:56:23.48,-702.701,2816.798,2411.973
2017-05-28 06:56:28.47,-700.095,2816.539,2410.502
2017-05-28 06:56:33.46,-704.653,2819.309,2410.477
2017-05-28 06:56:38.46,-705.059,2818.015,2413.776
2017-05-28 06:56:43.45,-703.154,2817.665,2410.812
2017-05-28 06:56:48.44,-702.966,2816.603,2413.649
2017-05-28 06:56:53.43,-704.839,2818.215,2412.666
2017-05-28 06:56:58.42,-704.744,2819.260,2412.684
2017-05-28 06:57:03.41,-705.686,2819.579,2412.044
2017-05-28 06:57:08.40,-702.756,2819.507,2413.315
2017-05-28 06:57:13.39,-702.074,2818.764,2412.132
2017-05-28 06:57:18.38,-702.806,2819.188,2414.909
2017-05-28 06:57:23.38,-704.198,2816.414,2411.910
2017-05-28 06:57:28.37,-703.025,2817.272,2411.692
2017-05-28 06:57:33.36,-705.122,2813.726,2413.948
2017-05-28 06:57:38.35,-707.023,2814.457,2413.427
2017-05-28 06:57:43.34,-706.440,2814.418,2413.740
2017-05-28 06:57:48.33,-706.951,2814.145,2413.253
2017-05-28 06:57:53.32,-707.104,2814.418,2415.347
2017-05-28 06:57:58.31,-709.351,2814.129,2414.005
2017-05-28 06:58:03.30,-708.542,2814.017,2415.616
2017-05-28 06:58:08.30,-709.134,2814.745,2412.528
2017-05-28 06:58:13.29,-708.732,2815.250,2415.208
2017-05-28 06:58:18.28,-707.064,2811.967,2411.410
2017-05-28 06:58:23.27,-707.605,2811.754,2412.619
2017-05-28 06:58:28.26,-705.295,2813.992,2408.121
2017-05-28 06:58:33.27,-708.176,2814.908,2408.894
2017-05-28 06:58:38.26,-706.356,2813.851,2414.245
2017-05-28 06:58:43.25,-707.563,2813.369,2413.261
2017-05-28 06:58:48.24,-705.503,2812.822,2413.045
2017-05-28 06:58:53.23,-708.772,2814.628,2411.484
2017-05-28 06:58:58.22,-707.308,2814.296,2414.335
2017-05-28 06:59:03.22,-710.987,2812.785,2413.519
2017-05-28 06:59:08.21,-709.744,2815.798,2410.151
2017-05-28 06:59:13.20,-713.177,2812.198,2413.772
2017-05-28 06:59:18.19,-713.788,2810.572,2413.497
2017-05-28 06:59:23.18,-715.009,2811.323,2414.318
2017-05-28 06:59:28.17,-714.588,2810.961,2412.336
2017-05-28 06:59:33.16,-715.784,2808.842,2410.604
2017-05-28 06:59:38.15,-718.938,2808.639,2413.008
2017-05-28 06:59:43.14,-717.898,2808.805,2415.543
2017-05-28 06:59:48.14,-718.606,2807.708,2413.547
2017-05-28 06:59:53.13,-721.695,2807.375,2412.877
2017-05-28 06:59:58.12,-722.301,2808.372,2411.081
2017-05-28 07:00:03.11,-723.338,2807.912,2409.652
2017-05-28 07:00:08.10,-723.504,2805.490,2413.669
2017-05-28 07:00:13.09,-724.770,2804.982,2410.524
2017-05-28 07:00:18.08,-725.546,2803.294,2411.881
2017-05-28 07:00:23.07,-724.708,2801.616,2411.812
2017-05-28 07:00:28.06,-729.228,2801.447,2412.138
2017-05-28 07:00:33.06,-736.004,2800.764,2408.566
2017-05-28 07:00:38.05,-739.928,2798.944,2409.270
2017-05-28 07:00:43.04,-739.874,2797.272,2409.116
2017-05-28 07:00:48.03,-743.494,2798.371,2408.677
2017-05-28 07:00:53.02,-743.178,2798.102,2410.801
2017-05-28 07:00:58.01,-740.843,2797.796,2411.685
2017-05-28 07:01:03.00,-746.365,2794.758,2411.985
2017-05-28 07:01:08.00,-741.963,2795.416,2409.585
2017-05-28 07:01:12.99,-743.932,2795.243,2408.169
2017-05-28 07:01:17.98,-745.116,2796.956,2407.503
2017-05-28 07:01:22.97,-743.829,2796.423,2412.793
2017-05-28 07:01:27.96,-746.502,2797.047,2414.980
2017-05-28 07:01:32.95,-744.500,2795.261,2410.984
2017-05-28 07:01:37.94,-742.403,2793.947,2409.862
2017-05-28 07:01:42.93,-743.854,2795.072,2415.162
2017-05-28 07:01:47.92,-745.395,2792.715,2414.187
2017-05-28 07:01:52.92,-745.919,2790.962,2417.871
2017-05-28 07:01:57.91,-744.630,2792.432,2412.737
2017-05-28 07:02:02.90,-745.340,2793.520,2412.868
2017-05-28 07:02:07.89,-746.698,2793.128,2412.339
2017-05-28 07:02:12.88,-743.759,2792.745,2412.801
2017-05-28 07:02:17.87,-746.441,2793.068,2412.011
2017-05-28 07:02:22.86,-745.226,2794.475,2409.939
2017-05-28 07:02:27.85,-742.554,2798.023,2409.826
2017-05-28 07:02:32.84,-742.777,2796.417,2409.236
2017-05-28 07:02:37.84,-745.192,2795.133,2410.010
2017-05-28 07:02:42.83,-745.081,2794.531,2411.266
2017-05-28 07:02:47.82,-742.711,2796.694,2415.377
2017-05-28 07:02:52.81,-740.011,2800.052,2413.347
2017-05-28 07:02:57.80,-742.196,2797.073,2413.181
2017-05-28 07:03:02.79,-740.232,2797.629,2411.286
2017-05-28 07:03:07.78,-740.602,2796.000,2410.381
2017-05-28 07:03:12.77,-739.929,2798.447,2412.181
2017-05-28 07:03:17.77,-738.932,2797.017,2417.183
2017-05-28 07:03:22.76,-737.395,2797.113,2413.786
2017-05-28 07:03:27.75,-739.295,2797.035,2411.900
2017-05-28 07:03:32.74,-739.101,2796.133,2414.125
2017-05-28 07:03:37.73,-732.601,2799.708,2415.174
2017-05-28 07:03:42.72,-738.282,2799.947,2416.085
2017-05-28 07:03:47.71,-737.492,2799.667,2416.362
2017-05-28 07:03:52.70,-737.606,2799.322,2417.572
2017-05-28 07:03:57.71,-736.756,2800.859,2418.063
2017-05-28 07:04:02.69,-737.718,2799.938,2417.969
2017-05-28 07:04:07.68,-731.690,2803.891,2413.816
2017-05-28 07:04:12.67,-732.108,2803.098,2415.520
2017-05-28 07:04:17.66,-729.977,2801.662,2412.575
2017-05-28 07:04:22.67,-729.706,2803.063,2413.865
2017-05-28 07:04:27.64,-725.773,2804.430,2412.954
2017-05-28 07:04:32.65,-726.871,2801.773,2411.938
2017-05-28 07:04:37.64,-726.159,2803.975,2412.302
2017-05-28 07:04:42.63,-724.308,2804.601,2408.583
2017-05-28 07:04:47.62,-722.926,2806.109,2410.102
2017-05-28 07:04:52.61,-721.288,2805.422,2412.931
2017-05-28 07:04:57.60,-718.008,2807.705,2412.902
2017-05-28 07:05:02.60,-719.394,2808.356,2411.768
2017-05-28 07:05:07.59,-717.228,2808.085,2414.569
2017-05-28 07:05:12.58,-717.253,2810.469,2414.740
2017-05-28 07:05:17.57,-715.363,2811.648,2413.471
2017-05-28 07:05:22.56,-714.966,2812.668,2412.606
2017-05-28 07:05:27.55,-714.135,2813.480,2412.866
2017-05-28 07:05:32.54,-718.088,2811.977,2413.626
2017-05-28 07:05:37.53,-714.058,2813.207,2412.583
2017-05-28 07:05:42.53,-714.490,2811.824,2409.745
2017-05-28 07:05:47.52,-710.257,2812.418,2409.904
2017-05-28 07:05:52.51,-706.258,2813.131,2411.139
2017-05-28 07:05:57.50,-705.501,2813.511,2411.595
2017-05-28 07:06:02.49,-705.463,2812.517,2410.424
2017-05-28 07:06:07.48,-706.210,2813.699,2411.722
2017-05-28 07:06:12.47,-707.338,2813.864,2412.931
2017-05-28 07:06:17.46,-706.445,2814.048,2411.657
2017-05-28 07:06:22.45,-707.008,2814.071,2412.743
2017-05-28 07:06:27.45,-707.081,2815.481,2410.949
2017-05-28 07:06:32.44,-705.801,2814.712,2407.438
2017-05-28 07:06:37.43,-706.209,2812.085,2408.768
2017-05-28 07:06:42.42,-704.884,2813.402,2407.352
2017-05-28 07:06:47.41,-705.585,2814.860,2412.701
2017-05-28 07:06:52.40,-703.129,2814.925,2412.980
2017-05-28 07:06:57.39,-703.478,2815.091,2410.548
2017-05-28 07:07:02.38,-701.395,2814.864,2410.150
2017-05-28 07:07:07.38,-703.784,2815.316,2410.604
2017-05-28 07:07:12.37,-705.132,2816.593,2407.401
2017-05-28 07:07:17.36,-700.880,2818.801,2405.177
2017-05-28 07:07:22.35,-699.045,2817.547,2406.060
2017-05-28 07:07:27.34,-697.495,2819.938,2406.862
2017-05-28 07:07:32.33,-698.152,2820.412,2407.987
2017-05-28 07:07:37.32,-699.642,2818.348,2407.249
2017-05-28 07:07:42.31,-698.871,2820.409,2407.312
2017-05-28 07:07:47.31,-697.316,2820.209,2409.756
2017-05-28 07:07:52.30,-697.686,2819.056,2408.477
2017-05-28 07:07:57.29,-700.182,2820.531,2409.225
2017-05-28 07:08:02.28,-699.359,2823.562,2409.107
2017-05-28 07:08:07.27,-698.153,2822.902,2410.469
2017-05-28 07:08:12.26,-698.314,2823.634,2412.208
2017-05-28 07:08:17.25,-691.849,2825.281,2410.278
2017-05-28 07:08:22.24,-696.371,2822.435,2410.092
2017-05-28 07:08:27.23,-694.331,2821.526,2408.018
2017-05-28 07:08:32.23,-697.805,2822.022,2409.401
2017-05-28 07:08:37.22,-694.664,2823.022,2406.093
2017-05-28 07:08:42.21,-695.285,2821.518,2405.755
2017-05-28 07:08:47.20,-694.340,2822.649,2404.205
2017-05-28 07:08:52.19,-692.839,2821.266,2406.166
2017-05-28 07:08:57.18,-692.475,2822.661,2405.908
2017-05-28 07:09:02.17,-693.017,2822.498,2406.799
2017-05-28 07:09:07.16,-693.725,2823.618,2406.799
2017-05-28 07:09:12.16,-696.640,2820.940,2408.735
2017-05-28 07:09:17.15,-694.971,2820.657,2406.102
2017-05-28 07:09:22.14,-694.851,2820.473,2409.488
2017-05-28 07:09:27.13,-694.811,2820.329,2408.526
2017-05-28 07:09:32.12,-697.554,2820.083,2408.332
2017-05-28 07:09:37.11,-697.661,2820.582,2408.214
2017-05-28 07:09:42.10,-696.311,2820.799,2412.885
2017-05-28 07:09:47.09,-693.080,2822.494,2411.002
2017-05-28 07:09:52.08,-697.556,2819.472,2410.915
2017-05-28 07:09:57.08,-696.865,2820.944,2410.860
2017-05-28 07:10:02.07,-697.428,2821.558,2409.245
2017-05-28 07:10:07.06,-699.102,2820.111,2410.243
2017-05-28 07:10:12.07,-698.757,2821.492,2411.541
2017-05-28 07:10:17.06,-699.678,2820.495,2411.012
2017-05-28 07:10:22.05,-698.645,2821.403,2409.958
2017-05-28 07:10:27.04,-699.484,2819.464,2410.868
2017-05-28 07:10:32.03,-698.332,2819.435,2409.798
2017-05-28 07:10:37.02,-698.211,2819.181,2411.079
2017-05-28 07:10:42.01,-695.783,2819.402,2411.512
2017-05-28 07:10:47.00,-697.293,2821.181,2412.178
2017-05-28 07:10:51.99,-699.037,2819.256,2411.924
2017-05-28 07:10:56.99,-702.781,2820.520,2408.851
2017-05-28 07:11:01.98,-700.854,2819.760,2410.329
2017-05-28 07:11:06.97,-701.838,2820.266,2411.172
2017-05-28 07:11:11.96,-702.168,2818.315,2410.002
2017-05-28 07:11:16.95,-705.522,2817.165,2411.045
2017-05-28 07:11:21.94,-703.237,2817.965,2409.920
2017-05-28 07:11:26.93,-702.473,2818.660,2414.830
2017-05-28 07:11:31.92,-704.692,2818.721,2411.986
2017-05-28 07:11:36.91,-700.961,2816.932,2406.599
2017-05-28 07:11:41.91,-704.124,2818.099,2407.943
2017-05-28 07:11:46.90,-705.966,2818.241,2408.070
2017-05-28 07:11:51.89,-705.497,2818.305,2404.250
2017-05-28 07:11:56.88,-704.489,2816.473,2407.039
2017-05-28 07:12:01.87,-705.784,2817.065,2409.752
2017-05-28 07:12:06.86,-706.321,2816.074,2410.112
2017-05-28 07:12:11.85,-707.016,2816.762,2406.389
2017-05-28 07:12:16.84,-706.167,2815.408,2406.117
2017-05-28 07:12:21.84,-706.746,2814.437,2405.954
2017-05-28 07:12:26.83,-708.696,2813.174,2408.089
2017-05-28 07:12:31.82,-709.900,2812.382,2405.594
2017-05-28 07:12:36.81,-709.884,2812.770,2407.714
2017-05-28 07:12:41.80,-710.204,2813.956,2409.212
2017-05-28 07:12:46.79,-710.738,2813.625,2409.258
2017-05-28 07:12:51.78,-712.268,2813.520,2408.503
2017-05-28 07:12:56.79,-711.321,2813.842,2411.162
2017-05-28 07:13:01.78,-712.913,2814.335,2411.129
2017-05-28 07:13:06.77,-714.531,2811.940,2411.508
2017-05-28 07:13:11.76,-714.589,2813.402,2411.508
2017-05-28 07:13:16.75,-714.155,2812.502,2412.748
2017-05-28 07:13:21.75,-713.321,2810.944,2412.697
2017-05-28 07:13:26.74,-718.822,2810.207,2408.911
2017-05-28 07:13:31.73,-719.765,2808.546,2409.733
2017-05-28 07:13:36.72,-720.585,2806.949,2408.375
2017-05-28 07:13:41.71,-721.290,2806.945,2412.419
2017-05-28 07:13:46.70,-722.894,2808.948,2415.155
2017-05-28 07:13:51.69,-721.380,2809.881,2413.701
2017-05-28 07:13:56.68,-720.876,2806.526,2411.060
2017-05-28 07:14:01.67,-723.386,2807.856,2410.069
2017-05-28 07:14:06.67,-723.071,2805.865,2410.179
2017-05-28 07:14:11.66,-727.410,2805.257,2413.447
2017-05-28 07:14:16.65,-727.152,2805.725,2409.307
2017-05-28 07:14:21.64,-727.141,2805.339,2410.968
2017-05-28 07:14:26.63,-725.304,2805.563,2411.279
2017-05-28 07:14:31.62,-727.136,2805.688,2412.709
2017-05-28 07:14:36.61,-728.139,2805.448,2412.451
2017-05-28 07:14:41.60,-730.368,2806.514,2410.770
2017-05-28 07:14:46.59,-728.406,2806.930,2413.137
2017-05-28 07:14:51.59,-725.294,2805.640,2410.713
2017-05-28 07:14:56.58,-728.629,2806.611,2409.217
2017-05-28 07:15:01.57,-731.093,2805.279,2408.125
2017-05-28 07:15:06.56,-729.354,2808.609,2405.929
2017-05-28 07:15:11.55,-731.640,2806.598,2408.921
2017-05-28 07:15:16.54,-729.568,2807.877,2411.831
2017-05-28 07:15:21.53,-729.790,2808.140,2412.598
2017-05-28 07:15:26.52,-730.831,2806.811,2409.016
2017-05-28 07:15:31.52,-731.783,2804.846,2408.799
2017-05-28 07:15:36.51,-732.711,2804.172,2405.209
2017-05-28 07:15:41.50,-732.190,2804.004,2408.262
2017-05-28 07:15:46.49,-729.955,2804.627,2408.922
2017-05-28 07:15:51.48,-729.662,2803.924,2407.890
2017-05-28 07:15:56.49,-730.928,2803.115,2409.708
2017-05-28 07:16:01.48,-730.961,2802.322,2410.860
2017-05-28 07:16:06.47,-731.601,2802.008,2412.635
2017-05-28 07:16:11.46,-732.002,2802.503,2411.858
2017-05-28 07:16:16.45,-732.235,2800.783,2412.102
2017-05-28 07:16:21.44,-735.977,2802.035,2413.440
2017-05-28 07:16:26.43,-737.173,2800.772,2411.757
2017-05-28 07:16:31.43,-737.155,2801.841,2408.168
2017-05-28 07:16:36.42,-738.257,2803.582,2411.977
2017-05-28 07:16:41.41,-735.575,2801.804,2409.477
2017-05-28 07:16:46.40,-735.229,2803.552,2411.753
2017-05-28 07:16:51.39,-734.386,2801.878,2412.127
2017-05-28 07:16:56.38,-735.449,2804.022,2410.303
2017-05-28 07:17:01.37,-736.210,2803.885,2408.628
2017-05-28 07:17:06.36,-733.283,2803.828,2410.345
2017-05-28 07:17:11.35,-734.741,2802.743,2410.609
2017-05-28 07:17:16.35,-734.575,2803.760,2409.888
2017-05-28 07:17:21.34,-734.870,2803.053,2404.606
2017-05-28 07:17:26.33,-732.943,2801.742,2407.344
2017-05-28 07:17:31.32,-734.954,2802.126,2408.955
2017-05-28 07:17:36.31,-736.913,2804.582,2406.336
2017-05-28 07:17:41.30,-732.653,2804.593,2406.422
2017-05-28 07:17:46.29,-735.438,2802.889,2411.097
2017-05-28 07:17:51.28,-738.699,2801.410,2412.478
2017-05-28 07:17:56.28,-739.281,2803.607,2408.132
2017-05-28 07:18:01.27,-736.209,2804.641,2405.890
2017-05-28 07:18:06.26,-736.668,2803.184,2405.114
2017-05-28 07:18:11.25,-731.869,2802.721,2407.146
2017-05-28 07:18:16.24,-734.683,2804.048,2410.664
2017-05-28 07:18:21.23,-731.674,2802.100,2412.028
2017-05-28 07:18:26.22,-732.745,2803.964,2411.532
2017-05-28 07:18:31.21,-733.892,2801.178,2411.641
2017-05-28 07:18:36.21,-732.591,2805.148,2407.869
2017-05-28 07:18:41.20,-733.008,2802.257,2408.246
2017-05-28 07:18:46.19,-732.408,2801.754,2410.508
2017-05-28 07:18:51.18,-732.239,2804.174,2410.924
2017-05-28 07:18:56.17,-731.665,2805.702,2411.970
2017-05-28 07:19:01.16,-730.372,2802.847,2409.217
2017-05-28 07:19:06.15,-730.952,2804.941,2409.781
2017-05-28 07:19:11.14,-727.473,2805.291,2409.353
2017-05-28 07:19:16.13,-728.702,2807.089,2403.184
2017-05-28 07:19:21.13,-730.682,2806.997,2405.945
2017-05-28 07:19:26.12,-727.381,2807.841,2407.180
2017-05-28 07:19:31.12,-726.475,2804.675,2404.850
2017-05-28 07:19:36.11,-728.198,2805.486,2402.224
2017-05-28 07:19:41.11,-731.145,2805.567,2406.677
2017-05-28 07:19:46.10,-730.469,2803.624,2406.973
2017-05-28 07:19:51.09,-730.975,2803.037,2406.126
2017-05-28 07:19:56.08,-728.566,2804.803,2410.675
2017-05-28 07:20:01.07,-728.113,2804.934,2409.997
2017-05-28 07:20:06.06,-724.182,2805.164,2412.842
2017-05-28 07:20:11.05,-723.757,2803.927,2411.842
2017-05-28 07:20:16.04,-723.909,2802.712,2407.861
2017-05-28 07:20:21.04,-722.253,2804.876,2406.585
2017-05-28 07:20:26.03,-719.407,2805.096,2409.543
2017-05-28 07:20:31.02,-718.742,2808.217,2410.384
2017-05-28 07:20:36.01,-717.949,2806.236,2410.381
2017-05-28 07:20:41.00,-720.928,2808.121,2411.375
2017-05-28 07:20:45.99,-720.071,2809.730,2409.679
2017-05-28 07:20:50.98,-722.022,2807.360,2412.682
2017-05-28 07:20:55.97,-718.035,2812.319,2409.332
2017-05-28 07:21:00.97,-715.192,2810.503,2412.820
2017-05-28 07:21:05.96,-716.368,2810.866,2409.986
2017-05-28 07:21:10.95,-717.892,2811.953,2408.786
2017-05-28 07:21:15.94,-716.766,2812.250,2412.051
2017-05-28 07:21:20.93,-713.509,2812.371,2412.988
2017-05-28 07:21:25.92,-712.013,2812.007,2410.075
2017-05-28 07:21:30.91,-712.605,2812.308,2409.641
2017-05-28 07:21:35.90,-713.135,2811.169,2415.323
2017-05-28 07:21:40.89,-714.808,2810.058,2418.458
2017-05-28 07:21:45.89,-713.697,2811.374,2418.602
2017-05-28 07:21:50.88,-714.761,2812.250,2415.895
2017-05-28 07:21:55.87,-714.059,2811.659,2410.266
2017-05-28 07:22:00.86,-715.106,2811.833,2411.882
2017-05-28 07:22:05.85,-714.211,2814.075,2411.914
2017-05-28 07:22:10.84,-711.048,2815.240,2412.127
2017-05-28 07:22:15.83,-712.249,2812.442,2415.175
2017-05-28 07:22:20.82,-713.869,2812.110,2410.441
2017-05-28 07:22:25.81,-713.585,2814.062,2410.629
2017-05-28 07:22:30.81,-712.185,2812.864,2410.333
2017-05-28 07:22:35.80,-715.157,2812.993,2408.872
2017-05-28 07:22:40.79,-714.084,2814.404,2405.942
2017-05-28 07:22:45.78,-711.132,2813.072,2406.932
2017-05-28 07:22:50.77,-711.565,2811.158,2407.053
2017-05-28 07:22:55.76,-711.485,2812.702,2410.184
2017-05-28 07:23:00.75,-712.045,2811.801,2409.816
2017-05-28 07:23:05.74,-711.636,2812.365,2407.108
2017-05-28 07:23:10.74,-712.722,2815.485,2408.490
2017-05-28 07:23:15.73,-714.026,2813.932,2410.018
2017-05-28 07:23:20.72,-712.698,2813.581,2413.666
2017-05-28 07:23:25.71,-713.951,2813.056,2412.934
2017-05-28 07:23:30.70,-714.576,2811.338,2410.536
2017-05-28 07:23:35.69,-713.352,2811.827,2409.381
2017-05-28 07:23:40.68,-715.206,2812.337,2410.814
2017-05-28 07:23:45.67,-715.525,2812.105,2407.899
2017-05-28 07:23:50.67,-718.156,2810.432,2410.828
2017-05-28 07:23:55.66,-720.532,2810.838,2412.490
2017-05-28 07:24:00.66,-721.481,2809.552,2407.517
2017-05-28 07:24:05.65,-719.195,2809.028,2409.985
2017-05-28 07:24:10.65,-719.376,2808.402,2409.783
2017-05-28 07:24:15.64,-722.412,2807.185,2408.333
2017-05-28 07:24:20.63,-722.386,2806.216,2409.352
2017-05-28 07:24:25.62,-722.032,2807.532,2410.677
2017-05-28 07:24:30.61,-720.631,2807.062,2408.095
2017-05-28 07:24:35.60,-720.823,2805.913,2405.247
2017-05-28 07:24:40.59,-725.452,2804.520,2405.126
2017-05-28 07:24:45.58,-726.305,2806.092,2403.719
2017-05-28 07:24:50.57,-729.363,2805.854,2403.866
2017-05-28 07:24:55.57,-728.896,2803.841,2406.480
2017-05-28 07:25:00.56,-727.921,2804.835,2405.281
2017-05-28 07:25:05.55,-729.099,2806.055,2405.595
2017-05-28 07:25:10.54,-731.059,2803.525,2405.362
2017-05-28 07:25:15.53,-730.859,2803.463,2408.071
2017-05-28 07:25:20.52,-732.223,2801.947,2408.715
2017-05-28 07:25:25.51,-730.857,2801.395,2408.221
2017-05-28 07:25:30.50,-732.058,2802.189,2411.008
2017-05-28 07:25:35.49,-730.680,2801.547,2409.301
2017-05-28 07:25:40.49,-730.771,2800.588,2410.122
2017-05-28 07:25:45.48,-730.784,2799.505,2407.880
2017-05-28 07:25:50.47,-737.875,2799.986,2410.972
2017-05-28 07:25:55.46,-736.745,2799.435,2411.620
2017-05-28 07:26:00.45,-738.347,2800.410,2409.207
2017-05-28 07:26:05.44,-738.699,2800.187,2412.142
2017-05-28 07:26:10.43,-740.945,2800.086,2412.697
2017-05-28 07:26:15.43,-738.495,2798.978,2411.629
2017-05-28 07:26:20.42,-737.982,2800.218,2407.311
2017-05-28 07:26:25.41,-740.384,2802.086,2408.555
2017-05-28 07:26:30.40,-740.866,2801.442,2408.798
2017-05-28 07:26:35.39,-740.408,2801.045,2406.089
2017-05-28 07:26:40.38,-739.794,2799.388,2406.717
2017-05-28 07:26:45.37,-741.748,2799.318,2405.924
2017-05-28 07:26:50.36,-743.151,2797.722,2405.697
2017-05-28 07:26:55.35,-740.673,2799.145,2407.015
2017-05-28 07:27:00.35,-740.033,2799.946,2411.510
2017-05-28 07:27:05.34,-738.281,2799.740,2409.937
2017-05-28 07:27:10.33,-739.322,2797.751,2405.336
2017-05-28 07:27:15.32,-738.902,2798.170,2409.439
2017-05-28 07:27:20.31,-735.692,2798.076,2409.046
2017-05-28 07:27:25.30,-738.159,2798.685,2402.474
2017-05-28 07:27:30.29,-739.713,2796.987,2403.920
2017-05-28 07:27:35.30,-742.122,2798.160,2406.421
2017-05-28 07:27:40.29,-744.095,2797.215,2401.155
2017-05-28 07:27:45.28,-740.798,2799.655,2401.319
2017-05-28 07:27:50.27,-739.866,2799.464,2405.500
2017-05-28 07:27:55.26,-735.812,2800.734,2408.362
2017-05-28 07:28:00.25,-740.093,2799.539,2406.773
2017-05-28 07:28:05.25,-739.241,2800.794,2407.947
2017-05-28 07:28:10.24,-736.812,2801.471,2407.142
2017-05-28 07:28:15.23,-738.228,2798.041,2408.156
2017-05-28 07:28:20.22,-737.122,2797.493,2404.884
2017-05-28 07:28:25.21,-736.937,2796.535,2404.689
2017-05-28 07:28:30.20,-738.092,2797.821,2408.974
2017-05-28 07:28:35.19,-736.644,2799.109,2407.126
2017-05-28 07:28:40.19,-736.910,2796.672,2411.513
2017-05-28 07:28:45.18,-737.962,2795.192,2407.833
2017-05-28 07:28:50.17,-737.216,2797.328,2405.620
2017-05-28 07:28:55.16,-739.703,2797.453,2405.846
2017-05-28 07:29:00.15,-738.069,2799.874,2405.175
2017-05-28 07:29:05.14,-736.987,2799.744,2405.521
2017-05-28 07:29:10.13,-734.254,2799.421,2404.636
2017-05-28 07:29:15.12,-736.495,2801.263,2406.924
2017-05-28 07:29:20.11,-735.755,2802.743,2406.112
2017-05-28 07:29:25.11,-735.278,2802.095,2403.707
2017-05-28 07:29:30.10,-734.687,2800.710,2402.975
2017-05-28 07:29:35.09,-734.172,2800.924,2401.858
2017-05-28 07:29:40.08,-733.991,2801.687,2406.052
2017-05-28 07:29:45.07,-735.355,2802.171,2405.911
2017-05-28 07:29:50.06,-731.395,2804.258,2406.523
2017-05-28 07:29:55.05,-732.589,2805.949,2406.156
2017-05-28 07:30:00.04,-732.270,2804.865,2407.531
2017-05-28 07:30:05.03,-730.920,2803.150,2405.684
2017-05-28 07:30:10.03,-732.935,2802.785,2403.564
2017-05-28 07:30:15.02,-736.701,2801.155,2401.987
2017-05-28 07:30:20.01,-735.668,2800.675,2403.215
2017-05-28 07:30:25.00,-737.081,2799.081,2403.845
2017-05-28 07:30:30.01,-735.515,2798.237,2405.546
2017-05-28 07:30:35.00,-736.283,2797.738,2407.599
2017-05-28 07:30:39.99,-735.655,2798.851,2407.114
2017-05-28 07:30:44.98,-737.012,2798.045,2410.688
2017-05-28 07:30:49.97,-738.759,2799.382,2409.974
2017-05-28 07:30:54.96,-739.597,2797.225,2408.596
2017-05-28 07:30:59.95,-738.826,2798.152,2407.611
2017-05-28 07:31:04.95,-734.616,2799.641,2408.523
2017-05-28 07:31:09.94,-736.860,2798.532,2409.032
2017-05-28 07:31:14.93,-736.201,2799.792,2408.443
2017-05-28 07:31:19.92,-738.519,2799.717,2407.137
2017-05-28 07:31:24.91,-739.826,2797.742,2404.077
2017-05-28 07:31:29.90,-739.663,2800.222,2405.815
2017-05-28 07:31:34.89,-741.952,2798.530,2402.414
2017-05-28 07:31:39.88,-741.408,2796.233,2402.765
2017-05-28 07:31:44.87,-743.756,2795.702,2408.803
2017-05-28 07:31:49.87,-745.032,2794.714,2412.369
2017-05-28 07:31:54.86,-746.190,2794.065,2412.449
2017-05-28 07:31:59.85,-746.966,2794.641,2407.576
2017-05-28 07:32:04.84,-742.922,2795.895,2407.967
2017-05-28 07:32:09.83,-746.723,2794.318,2405.308
2017-05-28 07:32:14.82,-748.532,2793.382,2404.369
2017-05-28 07:32:19.81,-751.499,2793.657,2406.045
2017-05-28 07:32:24.80,-750.142,2791.644,2407.191
2017-05-28 07:32:29.81,-749.391,2792.332,2404.282
2017-05-28 07:32:34.80,-756.062,2791.802,2405.066
2017-05-28 07:32:39.79,-755.361,2792.322,2408.465
2017-05-28 07:32:44.78,-753.862,2789.986,2408.064
2017-05-28 07:32:49.78,-753.621,2789.041,2408.729
2017-05-28 07:32:54.77,-752.658,2791.674,2410.151
2017-05-28 07:32:59.76,-754.062,2791.612,2406.361
2017-05-28 07:33:04.75,-754.732,2791.194,2406.786
2017-05-28 07:33:09.74,-757.354,2789.500,2409.189
2017-05-28 07:33:14.73,-760.985,2787.202,2410.425
2017-05-28 07:33:19.72,-760.507,2785.815,2411.307
2017-05-28 07:33:24.71,-759.969,2786.705,2411.722
2017-05-28 07:33:29.71,-762.462,2783.544,2410.840
2017-05-28 07:33:34.70,-765.454,2784.426,2413.103
2017-05-28 07:33:39.69,-764.346,2782.627,2411.131
2017-05-28 07:33:44.68,-764.846,2783.355,2411.303
2017-05-28 07:33:49.67,-764.758,2781.793,2407.214
2017-05-28 07:33:54.66,-766.254,2779.351,2407.607
2017-05-28 07:33:59.65,-768.279,2780.152,2407.982
2017-05-28 07:34:04.64,-767.601,2780.575,2408.115
2017-05-28 07:34:09.63,-770.756,2781.332,2409.101
2017-05-28 07:34:14.63,-771.869,2778.162,2409.131
2017-05-28 07:34:19.62,-770.554,2780.186,2411.411
2017-05-28 07:34:24.61,-774.623,2777.439,2409.847
2017-05-28 07:34:29.60,-774.698,2780.355,2408.429
2017-05-28 07:34:34.59,-776.245,2778.730,2406.497
2017-05-28 07:34:39.58,-777.145,2776.589,2408.181
2017-05-28 07:34:44.57,-778.261,2777.050,2406.793
2017-05-28 07:34:49.56,-777.759,2777.405,2407.130
2017-05-28 07:34:54.55,-778.167,2775.695,2409.088
2017-05-28 07:34:59.55,-783.504,2775.591,2410.130
2017-05-28 07:35:04.54,-786.868,2773.108,2412.038
2017-05-28 07:35:09.53,-786.021,2773.375,2410.214
2017-05-28 07:35:14.52,-784.159,2773.078,2414.429
2017-05-28 07:35:19.51,-785.315,2771.099,2410.788
2017-05-28 07:35:24.50,-786.385,2772.367,2411.317
2017-05-28 07:35:29.51,-785.069,2772.885,2410.955
2017-05-28 07:35:34.50,-787.698,2771.055,2412.224
2017-05-28 07:35:39.49,-785.495,2771.785,2409.843
2017-05-28 07:35:44.48,-784.422,2772.277,2408.848
2017-05-28 07:35:49.47,-785.458,2772.031,2408.154
2017-05-28 07:35:54.47,-789.189,2771.818,2411.129
2017-05-28 07:35:59.46,-791.245,2770.975,2410.279
2017-05-28 07:36:04.45,-788.374,2771.831,2410.489
2017-05-28 07:36:09.44,-790.342,2769.075,2410.194
2017-05-28 07:36:14.43,-791.890,2769.007,2410.937
2017-05-28 07:36:19.42,-795.357,2768.776,2415.978
2017-05-28 07:36:24.41,-793.907,2770.626,2412.770
2017-05-28 07:36:29.40,-795.620,2768.999,2412.350
2017-05-28 07:36:34.39,-798.572,2766.622,2413.911
2017-05-28 07:36:39.39,-797.533,2768.151,2410.496
2017-05-28 07:36:44.38,-798.136,2767.278,2412.109
2017-05-28 07:36:49.37,-799.680,2767.002,2414.345
2017-05-28 07:36:54.36,-800.976,2764.870,2410.278
2017-05-28 07:36:59.35,-802.972,2764.206,2412.756
2017-05-28 07:37:04.34,-803.066,2763.484,2410.244
2017-05-28 07:37:09.33,-803.862,2762.532,2413.724
2017-05-28 07:37:14.32,-801.825,2761.237,2415.927
2017-05-28 07:37:19.31,-802.846,2763.039,2415.369
2017-05-28 07:37:24.31,-803.637,2761.542,2412.614
2017-05-28 07:37:29.30,-804.745,2759.911,2410.435
2017-05-28 07:37:34.29,-807.176,2759.150,2411.256
2017-05-28 07:37:39.28,-807.122,2758.656,2412.176
2017-05-28 07:37:44.27,-808.678,2757.883,2414.151
2017-05-28 07:37:49.26,-808.050,2756.273,2413.347
2017-05-28 07:37:54.25,-810.330,2753.201,2414.241
2017-05-28 07:37:59.24,-808.685,2756.235,2412.540
2017-05-28 07:38:04.25,-809.741,2760.062,2415.472
2017-05-28 07:38:09.24,-813.453,2758.975,2415.034
2017-05-28 07:38:14.23,-814.599,2759.779,2415.543
2017-05-28 07:38:19.23,-815.888,2755.800,2415.163
2017-05-28 07:38:24.22,-815.245,2755.502,2414.382
2017-05-28 07:38:29.21,-817.517,2755.541,2417.179
2017-05-28 07:38:34.20,-817.786,2752.721,2420.805
2017-05-28 07:38:39.19,-812.124,2755.581,2412.941
2017-05-28 07:38:44.18,-815.799,2751.298,2411.679
2017-05-28 07:38:49.17,-818.073,2754.786,2413.810
2017-05-28 07:38:54.16,-817.376,2755.576,2414.004
2017-05-28 07:38:59.15,-818.132,2756.976,2416.549
2017-05-28 07:39:04.15,-820.049,2755.008,2413.714
2017-05-28 07:39:09.14,-817.321,2753.936,2414.676
2017-05-28 07:39:14.13,-818.254,2754.568,2413.503
2017-05-28 07:39:19.12,-819.491,2754.445,2413.830
2017-05-28 07:39:24.11,-819.115,2756.140,2414.714
2017-05-28 07:39:29.10,-817.086,2754.175,2414.111
2017-05-28 07:39:34.09,-817.622,2757.256,2415.066
2017-05-28 07:39:39.08,-816.179,2758.325,2410.059
2017-05-28 07:39:44.07,-812.073,2756.159,2414.289
2017-05-28 07:39:49.07,-812.168,2758.964,2415.716
2017-05-28 07:39:54.06,-808.782,2761.329,2416.134
2017-05-28 07:39:59.05,-808.208,2761.096,2415.793
2017-05-28 07:40:04.06,-805.994,2763.454,2412.349
2017-05-28 07:40:09.05,-801.624,2764.571,2410.669
2017-05-28 07:40:14.04,-804.781,2762.505,2408.782
2017-05-28 07:40:19.03,-802.246,2763.924,2408.124
2017-05-28 07:40:24.02,-800.383,2766.260,2412.628
2017-05-28 07:40:29.01,-799.795,2767.639,2413.515
2017-05-28 07:40:34.00,-796.809,2771.503,2418.313
2017-05-28 07:40:38.99,-797.928,2770.210,2415.642
2017-05-28 07:40:43.99,-794.976,2770.885,2413.839
2017-05-28 07:40:48.98,-795.752,2771.116,2414.740
2017-05-28 07:40:53.97,-793.362,2774.582,2414.222
2017-05-28 07:40:58.96,-791.068,2776.555,2413.318
2017-05-28 07:41:03.95,-791.120,2773.752,2413.704
2017-05-28 07:41:08.94,-787.474,2774.838,2414.622
2017-05-28 07:41:13.93,-786.210,2773.963,2413.585
2017-05-28 07:41:18.92,-780.889,2776.125,2415.750
2017-05-28 07:41:23.91,-778.735,2776.332,2419.588
2017-05-28 07:41:28.91,-780.281,2775.643,2419.177
2017-05-28 07:41:33.90,-779.933,2776.972,2416.938
2017-05-28 07:41:38.89,-776.601,2779.668,2415.145
2017-05-28 07:41:43.88,-777.475,2779.531,2416.385
2017-05-28 07:41:48.87,-774.818,2781.940,2414.968
2017-05-28 07:41:53.86,-773.965,2781.687,2415.117
2017-05-28 07:41:58.85,-770.321,2782.999,2415.448
2017-05-28 07:42:03.84,-768.993,2783.837,2415.293
2017-05-28 07:42:08.83,-770.608,2784.219,2411.248
2017-05-28 07:42:13.83,-767.068,2785.822,2416.250
2017-05-28 07:42:18.82,-764.352,2787.929,2415.965
2017-05-28 07:42:23.81,-762.907,2787.947,2414.977
2017-05-28 07:42:28.80,-763.829,2785.156,2412.551
2017-05-28 07:42:33.79,-763.371,2786.018,2413.341
2017-05-28 07:42:38.78,-764.599,2786.278,2413.773
2017-05-28 07:42:43.79,-765.015,2786.948,2413.273
2017-05-28 07:42:48.78,-758.682,2789.723,2412.561
2017-05-28 07:42:53.77,-759.736,2790.332,2412.826
2017-05-28 07:42:58.76,-759.474,2790.835,2409.465
2017-05-28 07:43:03.75,-758.468,2794.653,2410.368
2017-05-28 07:43:08.75,-760.126,2792.320,2411.534
2017-05-28 07:43:13.74,-759.151,2792.760,2412.416
2017-05-28 07:43:18.73,-760.374,2790.114,2415.509
2017-05-28 07:43:23.72,-756.057,2792.603,2415.201
2017-05-28 07:43:28.71,-754.997,2791.076,2413.571
2017-05-28 07:43:33.70,-755.945,2791.694,2413.237
2017-05-28 07:43:38.69,-758.431,2791.184,2411.498
2017-05-28 07:43:43.68,-755.963,2791.284,2411.311
2017-05-28 07:43:48.67,-757.645,2793.429,2412.292
2017-05-28 07:43:53.67,-756.427,2793.521,2413.152
2017-05-28 07:43:58.66,-759.949,2795.215,2413.065
2017-05-28 07:44:03.65,-755.507,2792.964,2415.569
2017-05-28 07:44:08.64,-755.335,2794.707,2414.007
2017-05-28 07:44:13.63,-755.095,2795.396,2407.982
2017-05-28 07:44:18.62,-754.085,2794.539,2409.898
2017-05-28 07:44:23.61,-752.799,2794.688,2413.090
2017-05-28 07:44:28.60,-751.003,2796.777,2413.053
2017-05-28 07:44:33.59,-751.992,2793.535,2408.932
2017-05-28 07:44:38.59,-749.732,2795.618,2410.382
2017-05-28 07:44:43.58,-747.605,2799.232,2413.500
2017-05-28 07:44:48.57,-748.239,2795.572,2410.621
2017-05-28 07:44:53.56,-749.410,2796.126,2412.129
2017-05-28 07:44:58.55,-750.752,2797.468,2410.284
2017-05-28 07:45:03.54,-747.234,2797.576,2408.429
2017-05-28 07:45:08.53,-746.704,2798.674,2408.826
2017-05-28 07:45:13.52,-747.830,2799.902,2412.454
2017-05-28 07:45:18.53,-747.596,2800.801,2412.662
2017-05-28 07:45:23.52,-747.361,2800.196,2411.393
2017-05-28 07:45:28.51,-741.518,2802.572,2409.602
2017-05-28 07:45:33.50,-740.780,2801.012,2411.843
2017-05-28 07:45:38.50,-742.494,2801.280,2408.779
2017-05-28 07:45:43.49,-742.456,2803.229,2407.864
2017-05-28 07:45:48.48,-739.192,2801.651,2406.941
2017-05-28 07:45:53.47,-740.151,2801.288,2409.307
2017-05-28 07:45:58.46,-741.678,2799.928,2410.165
2017-05-28 07:46:03.45,-739.705,2799.785,2405.753
2017-05-28 07:46:08.44,-739.876,2800.201,2406.003
2017-05-28 07:46:13.43,-740.701,2802.496,2402.882
2017-05-28 07:46:18.43,-737.054,2801.949,2403.729
2017-05-28 07:46:23.42,-738.428,2802.179,2406.003
2017-05-28 07:46:28.41,-737.956,2801.992,2407.152
2017-05-28 07:46:33.40,-732.020,2800.982,2407.028
2017-05-28 07:46:38.39,-733.716,2800.568,2404.441
2017-05-28 07:46:43.38,-733.939,2802.247,2407.262
2017-05-28 07:46:48.37,-733.780,2801.693,2409.996
2017-05-28 07:46:53.36,-734.512,2804.061,2412.089
2017-05-28 07:46:58.35,-733.676,2802.508,2413.017
2017-05-28 07:47:03.35,-731.898,2803.324,2409.260
2017-05-28 07:47:08.34,-733.198,2803.341,2409.624
2017-05-28 07:47:13.33,-731.492,2804.801,2408.767
2017-05-28 07:47:18.32,-729.485,2803.665,2407.008
2017-05-28 07:47:23.31,-733.049,2801.902,2406.904
2017-05-28 07:47:28.30,-733.435,2801.392,2406.221
2017-05-28 07:47:33.29,-732.592,2803.496,2407.480
2017-05-28 07:47:38.28,-727.008,2805.521,2407.804
2017-05-28 07:47:43.27,-728.330,2805.716,2408.799
2017-05-28 07:47:48.27,-729.492,2803.286,2404.724
2017-05-28 07:47:53.26,-725.107,2805.371,2406.471
2017-05-28 07:47:58.25,-725.085,2801.802,2408.943
2017-05-28 07:48:03.24,-728.591,2801.775,2409.215
2017-05-28 07:48:08.25,-725.361,2801.078,2409.487
2017-05-28 07:48:13.24,-727.005,2801.375,2411.477
2017-05-28 07:48:18.23,-725.581,2803.328,2410.003
2017-05-28 07:48:23.22,-727.883,2803.078,2407.980
2017-05-28 07:48:28.21,-728.384,2803.154,2407.968
2017-05-28 07:48:33.20,-727.151,2802.679,2409.222
2017-05-28 07:48:38.19,-726.308,2803.187,2410.833
2017-05-28 07:48:43.19,-728.546,2803.843,2411.419
2017-05-28 07:48:48.18,-724.234,2803.652,2407.571
2017-05-28 07:48:53.17,-724.853,2805.148,2407.142
2017-05-28 07:48:58.16,-727.011,2804.759,2408.159
2017-05-28 07:49:03.15,-729.126,2803.862,2406.851
2017-05-28 07:49:08.14,-726.564,2803.300,2409.658
2017-05-28 07:49:13.13,-725.078,2805.337,2412.947
2017-05-28 07:49:18.12,-727.122,2806.201,2410.819
2017-05-28 07:49:23.11,-729.920,2802.879,2405.779
2017-05-28 07:49:28.11,-731.647,2804.090,2402.805
2017-05-28 07:49:33.10,-731.341,2802.383,2405.296
2017-05-28 07:49:38.09,-732.939,2802.673,2402.645
2017-05-28 07:49:43.08,-731.555,2801.789,2403.298
2017-05-28 07:49:48.07,-733.284,2801.401,2409.064
2017-05-28 07:49:53.06,-734.332,2798.755,2405.586
2017-05-28 07:49:58.05,-730.846,2800.813,2408.028
2017-05-28 07:50:03.04,-730.615,2802.479,2407.947
2017-05-28 07:50:08.03,-730.394,2803.102,2407.531
2017-05-28 07:50:13.03,-725.931,2805.925,2406.712
2017-05-28 07:50:18.02,-731.218,2805.395,2407.269
2017-05-28 07:50:23.01,-733.559,2802.740,2401.536
2017-05-28 07:50:28.00,-734.675,2801.598,2403.103
2017-05-28 07:50:32.99,-736.981,2799.607,2401.957
2017-05-28 07:50:37.98,-735.416,2801.044,2402.834
2017-05-28 07:50:42.97,-735.550,2800.982,2406.173
2017-05-28 07:50:47.97,-734.120,2801.799,2406.199
2017-05-28 07:50:52.96,-735.565,2802.370,2404.495
2017-05-28 07:50:57.96,-736.578,2801.472,2404.892
2017-05-28 07:51:02.95,-737.569,2801.395,2406.085
2017-05-28 07:51:07.95,-738.205,2801.478,2405.427
2017-05-28 07:51:12.94,-739.446,2799.964,2406.336
2017-05-28 07:51:17.93,-739.609,2800.301,2405.788
2017-05-28 07:51:22.92,-743.113,2797.896,2407.942
2017-05-28 07:51:27.91,-742.695,2796.837,2405.122
2017-05-28 07:51:32.90,-742.091,2797.402,2408.048
2017-05-28 07:51:37.89,-738.386,2798.354,2408.228
2017-05-28 07:51:42.88,-739.471,2795.867,2409.449
2017-05-28 07:51:47.87,-741.631,2796.562,2406.889
2017-05-28 07:51:52.87,-740.942,2797.964,2405.548
2017-05-28 07:51:57.86,-743.607,2799.851,2407.876
2017-05-28 07:52:02.85,-742.794,2799.650,2405.587
2017-05-28 07:52:07.84,-746.177,2798.016,2405.371
2017-05-28 07:52:12.83,-745.725,2799.265,2404.013
2017-05-28 07:52:17.82,-745.293,2798.300,2404.912
2017-05-28 07:52:22.81,-749.927,2796.336,2409.555
2017-05-28 07:52:27.80,-745.476,2799.534,2403.525
2017-05-28 07:52:32.79,-746.992,2798.955,2402.549
2017-05-28 07:52:37.79,-745.819,2800.129,2406.650
2017-05-28 07:52:42.78,-748.437,2797.980,2407.533
2017-05-28 07:52:47.77,-749.120,2797.644,2408.668
2017-05-28 07:52:52.76,-748.460,2797.031,2412.643
2017-05-28 07:52:57.75,-747.292,2794.480,2412.692
2017-05-28 07:53:02.74,-749.552,2796.038,2414.345
2017-05-28 07:53:07.73,-751.174,2794.805,2413.849
2017-05-28 07:53:12.73,-751.441,2795.720,2409.651
2017-05-28 07:53:17.72,-754.345,2795.282,2409.989
2017-05-28 07:53:22.71,-756.410,2792.728,2406.718
2017-05-28 07:53:27.70,-758.534,2792.914,2404.888
2017-05-28 07:53:32.69,-757.486,2792.703,2407.510
2017-05-28 07:53:37.68,-760.392,2790.508,2404.412
2017-05-28 07:53:42.67,-758.619,2789.990,2406.786
2017-05-28 07:53:47.66,-761.089,2789.308,2405.960
2017-05-28 07:53:52.65,-759.518,2792.539,2408.316
2017-05-28 07:53:57.65,-764.578,2789.812,2407.285
2017-05-28 07:54:02.64,-766.796,2788.735,2407.467
2017-05-28 07:54:07.63,-765.547,2789.394,2410.587
2017-05-28 07:54:12.62,-766.615,2788.330,2410.111
2017-05-28 07:54:17.61,-766.834,2787.937,2409.465
2017-05-28 07:54:22.60,-769.276,2786.127,2408.463
2017-05-28 07:54:27.59,-768.589,2785.975,2409.243
2017-05-28 07:54:32.58,-768.083,2786.876,2408.604
2017-05-28 07:54:37.57,-770.116,2785.134,2407.640
2017-05-28 07:54:42.57,-769.440,2786.096,2405.422
2017-05-28 07:54:47.56,-769.848,2786.005,2403.582
2017-05-28 07:54:52.55,-774.792,2783.725,2404.560
2017-05-28 07:54:57.56,-774.814,2783.729,2403.503
2017-05-28 07:55:02.55,-773.146,2783.472,2407.241
2017-05-28 07:55:07.54,-771.156,2783.611,2407.727
2017-05-28 07:55:12.53,-772.878,2783.161,2403.704
2017-05-28 07:55:17.52,-772.367,2781.539,2405.764
2017-05-28 07:55:22.51,-775.400,2780.011,2406.845
2017-05-28 07:55:27.50,-777.628,2777.678,2408.347
2017-05-28 07:55:32.49,-775.735,2780.740,2409.682
2017-05-28 07:55:37.49,-776.877,2777.408,2410.669
2017-05-28 07:55:42.48,-778.988,2777.759,2408.085
2017-05-28 07:55:47.47,-781.092,2778.286,2409.465
2017-05-28 07:55:52.46,-781.670,2779.326,2410.102
2017-05-28 07:55:57.45,-782.036,2776.214,2409.083
2017-05-28 07:56:02.44,-782.206,2774.838,2410.016
2017-05-28 07:56:07.43,-786.106,2774.814,2410.497
2017-05-28 07:56:12.42,-784.174,2775.902,2408.336
2017-05-28 07:56:17.41,-784.836,2776.043,2411.131
2017-05-28 07:56:22.41,-785.582,2776.058,2413.343
2017-05-28 07:56:27.40,-784.371,2775.750,2415.102
2017-05-28 07:56:32.39,-786.761,2775.014,2412.987
2017-05-28 07:56:37.38,-788.819,2774.315,2413.648
2017-05-28 07:56:42.37,-789.873,2770.225,2415.333
2017-05-28 07:56:47.36,-792.539,2770.799,2413.539
2017-05-28 07:56:52.35,-789.774,2773.242,2412.740
2017-05-28 07:56:57.34,-790.698,2773.328,2412.306
2017-05-28 07:57:02.33,-791.572,2771.088,2414.154
2017-05-28 07:57:07.33,-793.343,2767.823,2412.750
2017-05-28 07:57:12.32,-794.758,2768.064,2412.353
2017-05-28 07:57:17.31,-794.429,2768.322,2415.833
2017-05-28 07:57:22.30,-795.566,2769.378,2415.184
2017-05-28 07:57:27.29,-795.555,2769.947,2413.220
2017-05-28 07:57:32.28,-799.732,2767.401,2414.521
2017-05-28 07:57:37.27,-799.824,2768.454,2415.225
2017-05-28 07:57:42.26,-798.463,2768.883,2413.575
2017-05-28 07:57:47.26,-798.100,2768.189,2414.796
2017-05-28 07:57:52.25,-800.725,2766.571,2415.657
2017-05-28 07:57:57.25,-799.691,2765.488,2417.059
2017-05-28 07:58:02.25,-798.056,2764.247,2420.369
2017-05-28 07:58:07.24,-804.759,2764.130,2417.270
2017-05-28 07:58:12.23,-802.702,2764.499,2419.666
2017-05-28 07:58:17.22,-804.442,2763.312,2418.811
2017-05-28 07:58:22.21,-804.422,2763.517,2416.885
2017-05-28 07:58:27.20,-804.689,2763.427,2415.258
2017-05-28 07:58:32.19,-804.488,2761.361,2419.250
2017-05-28 07:58:37.18,-805.872,2764.468,2415.283
2017-05-28 07:58:42.17,-806.082,2761.982,2417.366
2017-05-28 07:58:47.17,-808.721,2761.326,2417.236
2017-05-28 07:58:52.16,-810.549,2759.733,2415.601
2017-05-28 07:58:57.15,-809.283,2759.846,2416.068
2017-05-28 07:59:02.14,-811.902,2758.026,2414.536
2017-05-28 07:59:07.13,-814.314,2755.851,2412.328
2017-05-28 07:59:12.12,-816.754,2754.049,2410.678
2017-05-28 07:59:17.11,-814.148,2756.933,2413.568
2017-05-28 07:59:22.10,-814.382,2757.188,2415.711
2017-05-28 07:59:27.09,-817.017,2755.230,2413.678
2017-05-28 07:59:32.09,-815.629,2753.876,2413.237
2017-05-28 07:59:37.08,-816.288,2756.469,2413.099
2017-05-28 07:59:42.07,-818.642,2754.708,2412.537
2017-05-28 07:59:47.06,-817.403,2754.300,2415.995
2017-05-28 07:59:52.05,-821.403,2753.265,2416.231
2017-05-28 07:59:57.04,-822.461,2750.699,2422.925
2017-05-28 08:00:02.03,-822.496,2752.045,2418.778
2017-05-28 08:00:07.04,-824.401,2751.711,2419.921
2017-05-28 08:00:12.03,-822.293,2751.059,2419.112
2017-05-28 08:00:17.02,-822.758,2751.669,2419.184
2017-05-28 08:00:22.01,-824.484,2750.123,2416.185
2017-05-28 08:00:27.01,-824.918,2748.177,2415.779
2017-05-28 08:00:32.00,-825.345,2748.559,2416.392
2017-05-28 08:00:36.99,-825.552,2748.044,2416.647
2017-05-28 08:00:41.98,-825.994,2748.809,2413.654
2017-05-28 08:00:46.97,-830.664,2745.584,2416.885
2017-05-28 08:00:51.96,-828.878,2743.793,2416.782
2017-05-28 08:00:56.95,-826.898,2743.108,2417.958
2017-05-28 08:01:01.94,-828.386,2741.503,2420.187
2017-05-28 08:01:06.93,-829.936,2742.185,2420.726
2017-05-28 08:01:11.93,-831.478,2741.101,2420.354
2017-05-28 08:01:16.92,-830.951,2739.729,2419.650
2017-05-28 08:01:21.91,-832.114,2738.216,2419.745
2017-05-28 08:01:26.90,-833.752,2736.887,2419.221
2017-05-28 08:01:31.89,-838.516,2734.102,2420.846
2017-05-28 08:01:36.88,-842.384,2732.381,2420.174
2017-05-28 08:01:41.87,-838.842,2738.493,2418.357
2017-05-28 08:01:46.86,-838.795,2737.176,2416.242
2017-05-28 08:01:51.85,-838.713,2737.291,2417.813
2017-05-28 08:01:56.85,-840.038,2735.518,2418.207
2017-05-28 08:02:01.84,-839.416,2734.947,2417.123
2017-05-28 08:02:06.83,-842.018,2731.812,2421.480
2017-05-28 08:02:11.82,-843.436,2729.942,2421.750
2017-05-28 08:02:16.81,-844.886,2729.373,2424.187
2017-05-28 08:02:21.80,-845.817,2730.871,2419.721
2017-05-28 08:02:26.79,-845.232,2731.732,2423.455
2017-05-28 08:02:31.78,-844.986,2733.073,2421.917
2017-05-28 08:02:36.78,-844.624,2731.918,2422.503
2017-05-28 08:02:41.77,-846.739,2730.240,2421.770
2017-05-28 08:02:46.76,-846.451,2728.698,2421.957
2017-05-28 08:02:51.75,-847.676,2728.351,2422.712
2017-05-28 08:02:56.74,-847.040,2726.790,2424.946
2017-05-28 08:03:01.75,-848.845,2725.186,2422.395
2017-05-28 08:03:06.74,-852.635,2724.510,2420.421
2017-05-28 08:03:11.71,-852.525,2725.606,2423.066
2017-05-28 08:03:16.72,-852.705,2722.619,2420.872
2017-05-28 08:03:21.71,-852.925,2720.441,2418.540
2017-05-28 08:03:26.70,-855.221,2719.996,2420.325
2017-05-28 08:03:31.69,-853.179,2721.552,2419.686
2017-05-28 08:03:36.69,-853.353,2719.972,2418.056
2017-05-28 08:03:41.68,-857.632,2718.650,2419.576
2017-05-28 08:03:46.67,-859.891,2716.332,2418.369
2017-05-28 08:03:51.66,-859.285,2717.189,2420.359
2017-05-28 08:03:56.65,-859.164,2716.593,2417.673
2017-05-28 08:04:01.64,-861.001,2716.116,2418.539
2017-05-28 08:04:06.63,-862.626,2717.101,2415.001
2017-05-28 08:04:11.62,-861.045,2715.489,2413.846
2017-05-28 08:04:16.61,-862.462,2714.704,2415.841
2017-05-28 08:04:21.61,-865.349,2713.835,2414.805
2017-05-28 08:04:26.60,-869.872,2710.844,2418.202
2017-05-28 08:04:31.59,-868.972,2712.564,2418.592
2017-05-28 08:04:36.58,-871.502,2711.414,2418.835
2017-05-28 08:04:41.57,-868.370,2712.105,2420.005
2017-05-28 08:04:46.56,-869.307,2709.512,2417.477
2017-05-28 08:04:51.55,-869.071,2708.170,2420.276
2017-05-28 08:04:56.54,-872.065,2707.951,2419.265
2017-05-28 08:05:01.54,-870.539,2707.932,2424.321
2017-05-28 08:05:06.53,-871.494,2707.399,2419.644
2017-05-28 08:05:11.52,-871.311,2708.272,2416.118
2017-05-28 08:05:16.51,-874.459,2710.043,2418.032
2017-05-28 08:05:21.50,-874.449,2706.634,2415.050
2017-05-28 08:05:26.49,-874.658,2704.329,2413.969
2017-05-28 08:05:31.50,-878.084,2701.573,2416.085
2017-05-28 08:05:36.49,-879.104,2701.362,2420.492
2017-05-28 08:05:41.48,-878.948,2704.484,2416.302
2017-05-28 08:05:46.47,-879.931,2701.977,2417.540
2017-05-28 08:05:51.46,-878.376,2706.196,2411.611
2017-05-28 08:05:56.45,-880.746,2704.616,2414.518
2017-05-28 08:06:01.45,-881.004,2703.583,2417.325
2017-05-28 08:06:06.44,-881.029,2701.239,2419.298
2017-05-28 08:06:11.43,-881.469,2703.750,2417.842
2017-05-28 08:06:16.42,-882.822,2700.622,2419.572
2017-05-28 08:06:21.41,-881.438,2701.174,2419.237
2017-05-28 08:06:26.40,-884.502,2703.023,2418.604
2017-05-28 08:06:31.39,-883.578,2703.342,2419.196
2017-05-28 08:06:36.38,-883.523,2702.327,2419.053
2017-05-28 08:06:41.37,-884.132,2701.664,2419.431
2017-05-28 08:06:46.37,-881.673,2704.490,2416.878
2017-05-28 08:06:51.36,-887.696,2698.458,2415.568
2017-05-28 08:06:56.35,-885.211,2700.541,2420.655
2017-05-28 08:07:01.34,-883.839,2700.199,2416.836
2017-05-28 08:07:06.33,-886.588,2701.227,2415.967
2017-05-28 08:07:11.32,-887.101,2701.038,2418.944
2017-05-28 08:07:16.31,-886.858,2699.974,2415.492
2017-05-28 08:07:21.30,-884.506,2703.640,2416.184
2017-05-28 08:07:26.29,-885.038,2704.593,2418.051
2017-05-28 08:07:31.29,-881.486,2704.838,2413.650
2017-05-28 08:07:36.28,-880.472,2706.641,2411.253
2017-05-28 08:07:41.27,-880.519,2707.234,2412.604
2017-05-28 08:07:46.26,-881.644,2708.167,2412.883
2017-05-28 08:07:51.27,-883.550,2703.724,2413.475
2017-05-28 08:07:56.26,-880.346,2709.219,2413.792
2017-05-28 08:08:01.23,-879.624,2706.201,2411.980
2017-05-28 08:08:06.22,-877.772,2709.421,2413.847
2017-05-28 08:08:11.23,-880.563,2707.686,2412.230
2017-05-28 08:08:16.22,-879.661,2710.408,2415.525
2017-05-28 08:08:21.21,-878.524,2711.673,2415.345
2017-05-28 08:08:26.21,-872.729,2714.670,2415.674
2017-05-28 08:08:31.20,-871.500,2711.096,2415.091
2017-05-28 08:08:36.19,-871.915,2712.971,2413.208
2017-05-28 08:08:41.18,-869.744,2713.411,2415.569
2017-05-28 08:08:46.17,-875.862,2711.386,2417.157
2017-05-28 08:08:51.16,-873.939,2713.857,2416.819
2017-05-28 08:08:56.15,-873.658,2714.075,2415.935
2017-05-28 08:09:01.14,-871.081,2714.924,2417.858
2017-05-28 08:09:06.13,-867.702,2715.815,2414.581
2017-05-28 08:09:11.13,-869.050,2716.970,2416.106
2017-05-28 08:09:16.12,-870.623,2715.487,2418.039
2017-05-28 08:09:21.11,-867.482,2713.035,2416.134
2017-05-28 08:09:26.10,-868.853,2714.038,2412.379
2017-05-28 08:09:31.09,-869.749,2716.540,2411.872
2017-05-28 08:09:36.08,-872.062,2714.403,2412.142
2017-05-28 08:09:41.07,-867.206,2719.362,2410.621
2017-05-28 08:09:46.06,-867.785,2717.822,2412.746
2017-05-28 08:09:51.06,-869.278,2716.611,2416.772
2017-05-28 08:09:56.05,-867.168,2715.134,2416.939
2017-05-28 08:10:01.04,-865.105,2717.998,2419.060
2017-05-28 08:10:06.03,-863.715,2723.550,2417.399
2017-05-28 08:10:11.02,-864.281,2721.084,2418.950
2017-05-28 08:10:16.01,-861.099,2725.112,2416.447
2017-05-28 08:10:21.02,-861.790,2723.158,2418.734
2017-05-28 08:10:26.01,-864.314,2719.332,2417.240
2017-05-28 08:10:31.00,-863.068,2719.634,2413.095
2017-05-28 08:10:35.99,-862.648,2720.866,2416.309
2017-05-28 08:10:40.98,-862.036,2724.483,2414.422
2017-05-28 08:10:45.97,-861.469,2721.520,2417.220
2017-05-28 08:10:50.97,-862.305,2724.661,2415.036
2017-05-28 08:10:55.96,-861.826,2723.417,2413.706
2017-05-28 08:11:00.95,-862.982,2723.053,2412.069
2017-05-28 08:11:05.94,-862.975,2722.247,2410.763
2017-05-28 08:11:10.93,-865.918,2722.129,2410.051
2017-05-28 08:11:15.92,-863.368,2722.275,2414.793
2017-05-28 08:11:20.91,-863.128,2721.255,2416.760
2017-05-28 08:11:25.90,-861.963,2720.766,2415.294
2017-05-28 08:11:30.89,-863.588,2722.833,2417.808
2017-05-28 08:11:35.89,-860.360,2722.322,2414.218
2017-05-28 08:11:40.88,-863.017,2721.255,2412.852
2017-05-28 08:11:45.87,-868.264,2721.532,2416.332
2017-05-28 08:11:50.86,-863.955,2723.564,2416.874
2017-05-28 08:11:55.85,-865.314,2723.767,2416.787
2017-05-28 08:12:00.84,-861.166,2724.961,2413.975
2017-05-28 08:12:05.83,-861.365,2724.375,2416.503
2017-05-28 08:12:10.82,-859.326,2725.785,2414.828
2017-05-28 08:12:15.82,-860.549,2725.558,2414.649
2017-05-28 08:12:20.82,-859.739,2722.565,2415.089
2017-05-28 08:12:25.81,-864.533,2720.505,2415.358
2017-05-28 08:12:30.80,-861.995,2720.853,2414.198
2017-05-28 08:12:35.80,-859.552,2721.606,2414.164
2017-05-28 08:12:40.79,-860.115,2723.058,2416.174
2017-05-28 08:12:45.78,-858.671,2724.865,2419.446
2017-05-28 08:12:50.77,-860.586,2720.549,2417.126
2017-05-28 08:12:55.76,-864.475,2717.079,2418.493
2017-05-28 08:13:00.75,-864.523,2717.507,2419.676
2017-05-28 08:13:05.74,-865.061,2716.346,2418.325
2017-05-28 08:13:10.73,-863.771,2715.498,2420.960
2017-05-28 08:13:15.73,-864.864,2717.263,2420.115
2017-05-28 08:13:20.72,-867.115,2719.402,2417.205
2017-05-28 08:13:25.71,-863.204,2720.695,2415.818
2017-05-28 08:13:30.70,-867.715,2718.635,2416.201
2017-05-28 08:13:35.69,-868.555,2715.976,2415.972
2017-05-28 08:13:40.68,-863.746,2717.882,2418.365
2017-05-28 08:13:45.67,-867.219,2715.569,2419.776
2017-05-28 08:13:50.66,-866.597,2717.707,2419.146
2017-05-28 08:13:55.65,-865.704,2714.683,2421.352
2017-05-28 08:14:00.65,-861.166,2718.161,2421.278
2017-05-28 08:14:05.64,-859.808,2719.411,2421.321
2017-05-28 08:14:10.63,-860.706,2718.980,2419.965
2017-05-28 08:14:15.62,-865.788,2714.849,2423.976
2017-05-28 08:14:20.61,-865.838,2716.095,2424.538
2017-05-28 08:14:25.62,-863.072,2720.011,2418.682
2017-05-28 08:14:30.61,-861.496,2718.802,2419.233
2017-05-28 08:14:35.60,-861.811,2720.350,2422.466
2017-05-28 08:14:40.59,-859.356,2721.318,2418.505
2017-05-28 08:14:45.58,-859.945,2720.356,2416.851
2017-05-28 08:14:50.57,-858.576,2723.949,2420.659
2017-05-28 08:14:55.56,-859.328,2722.932,2417.971
2017-05-28 08:15:00.56,-857.228,2724.457,2417.644
2017-05-28 08:15:05.55,-851.558,2726.174,2415.425
2017-05-28 08:15:10.54,-851.434,2725.813,2420.739
2017-05-28 08:15:15.53,-850.635,2724.546,2420.551
2017-05-28 08:15:20.52,-852.405,2722.285,2416.809
2017-05-28 08:15:25.51,-856.636,2719.925,2416.906
2017-05-28 08:15:30.50,-858.072,2721.467,2416.941
2017-05-28 08:15:35.49,-852.926,2723.961,2416.858
2017-05-28 08:15:40.49,-850.143,2725.835,2414.826
2017-05-28 08:15:45.48,-848.712,2727.259,2417.693
2017-05-28 08:15:50.47,-850.985,2726.146,2415.706
2017-05-28 08:15:55.46,-850.466,2728.155,2413.789
2017-05-28 08:16:00.45,-849.512,2728.521,2418.101
2017-05-28 08:16:05.44,-852.039,2728.375,2416.273
2017-05-28 08:16:10.43,-849.959,2727.815,2416.471
2017-05-28 08:16:15.42,-851.419,2727.018,2418.005
2017-05-28 08:16:20.41,-848.955,2730.240,2410.669
2017-05-28 08:16:25.41,-845.805,2732.918,2413.361
2017-05-28 08:16:30.40,-843.849,2731.318,2411.592
2017-05-28 08:16:35.39,-846.980,2731.086,2414.063
2017-05-28 08:16:40.38,-847.522,2732.032,2415.179
2017-05-28 08:16:45.37,-846.810,2731.944,2414.348
2017-05-28 08:16:50.36,-847.248,2731.191,2415.324
2017-05-28 08:16:55.35,-846.363,2730.985,2417.058
2017-05-28 08:17:00.36,-844.736,2730.573,2415.872
2017-05-28 08:17:05.35,-844.968,2729.926,2415.403
2017-05-28 08:17:10.34,-847.192,2732.918,2417.358
2017-05-28 08:17:15.33,-847.634,2729.479,2413.644
2017-05-28 08:17:20.32,-843.302,2735.296,2414.562
2017-05-28 08:17:25.32,-840.140,2736.750,2417.116
2017-05-28 08:17:30.31,-842.380,2733.995,2419.657
2017-05-28 08:17:35.30,-841.846,2734.945,2418.518
2017-05-28 08:17:40.29,-840.452,2733.808,2416.322
2017-05-28 08:17:45.28,-841.351,2732.395,2420.662
2017-05-28 08:17:50.27,-842.695,2729.785,2420.687
2017-05-28 08:17:55.26,-841.298,2731.134,2417.737
2017-05-28 08:18:00.25,-843.237,2730.605,2417.128
2017-05-28 08:18:05.25,-838.385,2735.276,2415.434
2017-05-28 08:18:10.24,-837.661,2734.365,2415.119
2017-05-28 08:18:15.23,-836.865,2736.158,2416.065
2017-05-28 08:18:20.22,-835.072,2737.659,2416.819
2017-05-28 08:18:25.21,-835.439,2736.849,2414.821
2017-05-28 08:18:30.20,-836.229,2735.431,2416.022
2017-05-28 08:18:35.19,-835.725,2738.284,2413.683
2017-05-28 08:18:40.18,-835.134,2738.384,2411.791
2017-05-28 08:18:45.18,-834.754,2741.282,2412.164
2017-05-28 08:18:50.17,-835.434,2742.205,2414.066
2017-05-28 08:18:55.16,-836.376,2737.883,2413.076
2017-05-28 08:19:00.15,-837.971,2737.412,2410.862
2017-05-28 08:19:05.14,-835.984,2737.856,2413.286
2017-05-28 08:19:10.13,-838.019,2736.191,2414.369
2017-05-28 08:19:15.12,-837.356,2736.983,2416.549
2017-05-28 08:19:20.11,-840.054,2735.804,2416.554
2017-05-28 08:19:25.10,-839.171,2736.586,2412.651
2017-05-28 08:19:30.10,-838.139,2737.099,2415.100
2017-05-28 08:19:35.09,-838.922,2738.891,2411.747
2017-05-28 08:19:40.08,-837.032,2737.391,2411.250
2017-05-28 08:19:45.07,-837.655,2736.015,2412.191
2017-05-28 08:19:50.06,-837.688,2739.092,2411.447
2017-05-28 08:19:55.05,-836.497,2738.191,2409.258
2017-05-28 08:20:00.04,-839.554,2734.923,2412.662
2017-05-28 08:20:05.03,-839.330,2736.727,2412.377
2017-05-28 08:20:10.03,-841.239,2733.618,2413.165
2017-05-28 08:20:15.02,-839.567,2731.283,2412.179
2017-05-28 08:20:20.01,-839.741,2729.403,2412.023
2017-05-28 08:20:25.01,-837.488,2731.889,2415.313
2017-05-28 08:20:30.01,-838.322,2733.052,2415.275
2017-05-28 08:20:35.00,-839.781,2732.286,2415.346
2017-05-28 08:20:39.99,-841.032,2731.139,2416.724
2017-05-28 08:20:44.98,-844.209,2727.974,2417.052
2017-05-28 08:20:49.97,-843.766,2731.492,2413.781
2017-05-28 08:20:54.96,-843.600,2731.410,2414.825
2017-05-28 08:20:59.95,-845.719,2731.987,2415.327
2017-05-28 08:21:04.94,-843.781,2731.710,2414.528
2017-05-28 08:21:09.94,-846.375,2731.726,2414.614
2017-05-28 08:21:14.93,-845.956,2729.543,2411.915
2017-05-28 08:21:19.92,-846.748,2731.226,2413.303
2017-05-28 08:21:24.91,-846.694,2730.170,2412.912
2017-05-28 08:21:29.90,-844.140,2731.862,2417.206
2017-05-28 08:21:34.89,-844.943,2731.661,2418.000
2017-05-28 08:21:39.88,-846.111,2729.887,2414.998
2017-05-28 08:21:44.87,-844.911,2729.384,2418.340
2017-05-28 08:21:49.86,-847.910,2730.371,2417.562
2017-05-28 08:21:54.86,-847.585,2731.995,2411.593
2017-05-28 08:21:59.85,-845.709,2730.689,2411.830
2017-05-28 08:22:04.84,-847.656,2730.856,2414.437
2017-05-28 08:22:09.83,-848.113,2729.866,2415.437
2017-05-28 08:22:14.82,-848.329,2730.341,2416.969
2017-05-28 08:22:19.81,-845.316,2732.275,2415.263
2017-05-28 08:22:24.80,-844.763,2731.191,2413.810
2017-05-28 08:22:29.80,-845.391,2731.529,2412.141
2017-05-28 08:22:34.79,-843.576,2733.053,2416.026
2017-05-28 08:22:39.78,-842.828,2733.001,2419.874
2017-05-28 08:22:44.77,-843.829,2733.237,2415.248
2017-05-28 08:22:49.76,-840.665,2739.641,2415.753
2017-05-28 08:22:54.75,-841.382,2737.769,2416.368
2017-05-28 08:22:59.74,-842.362,2737.849,2416.440
2017-05-28 08:23:04.73,-842.755,2735.965,2411.298
2017-05-28 08:23:09.72,-844.140,2735.304,2411.148
2017-05-28 08:23:14.72,-845.200,2734.323,2413.760
2017-05-28 08:23:19.71,-841.454,2736.308,2412.266
2017-05-28 08:23:24.70,-839.212,2737.792,2411.052
2017-05-28 08:23:29.69,-838.747,2738.943,2411.517
2017-05-28 08:23:34.68,-840.695,2737.054,2413.795
2017-05-28 08:23:39.67,-843.103,2735.890,2415.849
2017-05-28 08:23:44.66,-843.773,2736.518,2415.970
2017-05-28 08:23:49.65,-842.212,2736.975,2412.613
2017-05-28 08:23:54.65,-841.064,2738.862,2411.035
2017-05-28 08:23:59.64,-839.486,2737.602,2413.707
2017-05-28 08:24:04.63,-840.617,2738.151,2411.082
2017-05-28 08:24:09.62,-838.932,2736.736,2412.347
2017-05-28 08:24:14.61,-835.031,2735.714,2411.806
2017-05-28 08:24:19.60,-836.675,2737.621,2412.985
2017-05-28 08:24:24.59,-837.391,2738.513,2411.414
2017-05-28 08:24:29.58,-839.646,2737.866,2413.382
2017-05-28 08:24:34.57,-839.645,2736.362,2412.137
2017-05-28 08:24:39.57,-839.861,2736.869,2414.921
2017-05-28 08:24:44.56,-839.087,2737.950,2411.140
2017-05-28 08:24:49.55,-837.648,2736.830,2411.139
2017-05-28 08:24:54.54,-837.608,2739.674,2416.651
2017-05-28 08:24:59.53,-835.669,2739.541,2415.902
2017-05-28 08:25:04.52,-835.208,2743.131,2417.288
2017-05-28 08:25:09.51,-836.169,2741.353,2415.827
2017-05-28 08:25:14.50,-839.782,2739.854,2414.572
2017-05-28 08:25:19.50,-841.955,2736.407,2417.370
2017-05-28 08:25:24.49,-838.985,2739.375,2416.693
2017-05-28 08:25:29.48,-836.596,2742.458,2414.500
2017-05-28 08:25:34.47,-837.132,2740.486,2418.951
2017-05-28 08:25:39.46,-837.017,2741.617,2418.624
2017-05-28 08:25:44.45,-837.370,2742.598,2417.878
2017-05-28 08:25:49.46,-834.338,2741.629,2415.801
2017-05-28 08:25:54.43,-834.601,2741.357,2414.158
2017-05-28 08:25:59.42,-836.516,2739.859,2416.091
2017-05-28 08:26:04.42,-834.007,2742.200,2418.688
2017-05-28 08:26:09.42,-835.259,2742.812,2418.729
2017-05-28 08:26:14.41,-837.002,2742.017,2418.379
2017-05-28 08:26:19.41,-835.988,2740.902,2417.105
2017-05-28 08:26:24.40,-836.764,2739.374,2416.875
2017-05-28 08:26:29.39,-837.269,2739.593,2419.999
2017-05-28 08:26:34.38,-838.216,2739.185,2417.745
2017-05-28 08:26:39.37,-838.438,2739.032,2419.992
2017-05-28 08:26:44.36,-837.772,2738.488,2419.919
2017-05-28 08:26:49.35,-835.762,2739.681,2419.947
2017-05-28 08:26:54.34,-834.245,2739.454,2422.919
2017-05-28 08:26:59.33,-835.385,2737.142,2424.939
2017-05-28 08:27:04.33,-833.318,2739.252,2418.487
2017-05-28 08:27:09.32,-835.554,2740.166,2419.484
2017-05-28 08:27:14.31,-836.755,2740.009,2419.757
2017-05-28 08:27:19.30,-833.703,2739.543,2416.692
2017-05-28 08:27:24.29,-832.828,2739.381,2419.519
2017-05-28 08:27:29.28,-833.278,2738.876,2420.560
2017-05-28 08:27:34.27,-836.154,2734.508,2420.872
2017-05-28 08:27:39.26,-835.093,2737.313,2423.749
2017-05-28 08:27:44.26,-837.815,2736.442,2420.851
2017-05-28 08:27:49.25,-837.994,2737.065,2422.915
2017-05-28 08:27:54.24,-838.334,2736.176,2422.803
2017-05-28 08:27:59.23,-836.261,2736.862,2418.429
2017-05-28 08:28:04.22,-838.987,2736.296,2417.931
2017-05-28 08:28:09.21,-838.332,2735.888,2417.840
2017-05-28 08:28:14.22,-838.226,2736.793,2417.027
2017-05-28 08:28:19.21,-838.384,2736.988,2414.233
2017-05-28 08:28:24.20,-840.068,2734.888,2416.071
2017-05-28 08:28:29.19,-838.859,2737.008,2414.331
2017-05-28 08:28:34.18,-837.883,2738.033,2413.811
2017-05-28 08:28:39.17,-837.015,2738.802,2417.085
2017-05-28 08:28:44.17,-838.126,2737.068,2417.254
2017-05-28 08:28:49.16,-839.762,2735.391,2415.522
2017-05-28 08:28:54.15,-839.594,2737.156,2418.982
2017-05-28 08:28:59.14,-835.831,2739.418,2418.240
2017-05-28 08:29:04.13,-839.991,2735.669,2416.662
2017-05-28 08:29:09.12,-840.657,2734.260,2419.091
2017-05-28 08:29:14.11,-842.964,2734.563,2421.942
2017-05-28 08:29:19.10,-841.074,2733.872,2417.045
2017-05-28 08:29:24.10,-835.597,2733.575,2419.440
2017-05-28 08:29:29.09,-835.431,2733.067,2417.283
2017-05-28 08:29:34.08,-836.709,2735.482,2416.974
2017-05-28 08:29:39.07,-838.199,2732.977,2418.601
2017-05-28 08:29:44.06,-842.100,2731.696,2416.058
2017-05-28 08:29:49.05,-843.192,2733.184,2413.116
2017-05-28 08:29:54.04,-842.716,2734.067,2414.944
2017-05-28 08:29:59.03,-842.067,2736.087,2416.032
2017-05-28 08:30:04.02,-841.536,2734.519,2413.134
2017-05-28 08:30:09.02,-843.091,2733.458,2415.480
2017-05-28 08:30:14.01,-841.345,2734.448,2414.661
2017-05-28 08:30:19.01,-841.703,2733.442,2415.253
2017-05-28 08:30:24.01,-838.582,2735.968,2410.046
2017-05-28 08:30:29.00,-839.981,2735.434,2411.546
2017-05-28 08:30:33.99,-841.009,2734.726,2407.460
2017-05-28 08:30:38.98,-841.084,2734.513,2410.945
2017-05-28 08:30:43.97,-842.188,2733.973,2409.410
2017-05-28 08:30:48.96,-843.159,2736.929,2409.714
2017-05-28 08:30:53.95,-844.419,2736.020,2408.619
2017-05-28 08:30:58.94,-840.636,2735.685,2410.813
2017-05-28 08:31:03.93,-840.591,2734.648,2411.548
2017-05-28 08:31:08.93,-842.338,2736.400,2410.033
2017-05-28 08:31:13.92,-842.426,2733.229,2411.332
2017-05-28 08:31:18.91,-841.545,2733.191,2411.602
2017-05-28 08:31:23.90,-840.387,2733.158,2411.944
2017-05-28 08:31:28.89,-843.409,2733.400,2408.745
2017-05-28 08:31:33.88,-843.957,2733.292,2410.463
2017-05-28 08:31:38.87,-843.195,2734.758,2413.381
2017-05-28 08:31:43.86,-845.269,2731.403,2413.234
2017-05-28 08:31:48.86,-842.968,2732.552,2412.032
2017-05-28 08:31:53.85,-840.181,2733.458,2411.277
2017-05-28 08:31:58.84,-841.976,2730.698,2411.952
2017-05-28 08:32:03.83,-838.771,2735.324,2408.776
2017-05-28 08:32:08.84,-841.364,2733.483,2411.559
2017-05-28 08:32:13.83,-840.801,2734.564,2407.045
2017-05-28 08:32:18.82,-843.261,2733.301,2405.822
2017-05-28 08:32:23.81,-843.996,2733.598,2407.893
2017-05-28 08:32:28.80,-840.365,2735.715,2410.577
2017-05-28 08:32:33.79,-840.913,2736.263,2413.016
2017-05-28 08:32:38.78,-841.554,2736.686,2412.495
2017-05-28 08:32:43.77,-842.831,2734.015,2406.984
2017-05-28 08:32:48.77,-842.039,2735.520,2408.629
2017-05-28 08:32:53.76,-840.850,2736.580,2412.016
2017-05-28 08:32:58.75,-840.231,2733.989,2416.691
2017-05-28 08:33:03.74,-844.113,2731.788,2413.075
2017-05-28 08:33:08.73,-841.769,2733.524,2414.630
2017-05-28 08:33:13.72,-841.827,2732.688,2414.640
2017-05-28 08:33:18.71,-840.716,2734.128,2413.866
2017-05-28 08:33:23.70,-839.720,2732.803,2411.918
2017-05-28 08:33:28.70,-841.804,2734.863,2412.868
2017-05-28 08:33:33.69,-840.667,2734.731,2413.360
2017-05-28 08:33:38.68,-842.554,2736.101,2409.992
2017-05-28 08:33:43.67,-843.831,2736.685,2410.997
2017-05-28 08:33:48.68,-842.524,2737.239,2409.480
2017-05-28 08:33:53.67,-840.884,2735.665,2412.104
2017-05-28 08:33:58.66,-841.448,2734.550,2411.549
2017-05-28 08:34:03.65,-840.472,2735.425,2414.527
2017-05-28 08:34:08.64,-842.054,2735.422,2414.915
2017-05-28 08:34:13.63,-842.559,2734.487,2412.718
2017-05-28 08:34:18.62,-840.352,2734.897,2412.301
2017-05-28 08:34:23.61,-841.744,2733.128,2412.778
2017-05-28 08:34:28.61,-840.914,2732.732,2415.608
2017-05-28 08:34:33.60,-842.198,2732.825,2416.758
2017-05-28 08:34:38.59,-846.742,2729.275,2417.033
2017-05-28 08:34:43.58,-849.079,2728.984,2415.619
2017-05-28 08:34:48.57,-844.892,2729.519,2412.699
2017-05-28 08:34:53.56,-847.989,2730.064,2411.749
2017-05-28 08:34:58.55,-848.379,2729.502,2414.097
2017-05-28 08:35:03.54,-850.340,2727.680,2416.015
2017-05-28 08:35:08.54,-849.059,2728.493,2416.405
2017-05-28 08:35:13.53,-851.279,2728.525,2417.415
2017-05-28 08:35:18.52,-853.641,2725.494,2418.098
2017-05-28 08:35:23.51,-852.653,2725.171,2414.321
2017-05-28 08:35:28.50,-852.652,2726.184,2415.766
2017-05-28 08:35:33.49,-850.445,2726.724,2414.728
2017-05-28 08:35:38.50,-850.680,2724.732,2414.961
2017-05-28 08:35:43.49,-853.712,2725.750,2415.927
2017-05-28 08:35:48.48,-853.900,2723.919,2414.350
2017-05-28 08:35:53.47,-854.885,2724.370,2418.085
2017-05-28 08:35:58.46,-851.664,2725.304,2419.947
2017-05-28 08:36:03.45,-851.598,2726.546,2417.084
2017-05-28 08:36:08.44,-853.056,2723.436,2418.495
2017-05-28 08:36:13.44,-852.989,2724.816,2412.475
2017-05-28 08:36:18.43,-851.699,2725.689,2414.965
2017-05-28 08:36:23.42,-854.255,2726.105,2414.396
2017-05-28 08:36:28.41,-850.682,2727.091,2415.523
2017-05-28 08:36:33.40,-851.639,2726.427,2414.052
2017-05-28 08:36:38.39,-850.878,2727.595,2409.541
2017-05-28 08:36:43.38,-855.717,2723.387,2414.683
2017-05-28 08:36:48.37,-854.729,2726.635,2413.955
2017-05-28 08:36:53.37,-850.434,2728.860,2413.179
2017-05-28 08:36:58.36,-850.822,2729.566,2409.646
2017-05-28 08:37:03.35,-851.334,2729.043,2406.985
2017-05-28 08:37:08.34,-849.485,2729.734,2406.972
2017-05-28 08:37:13.33,-848.038,2731.894,2410.069
2017-05-28 08:37:18.32,-849.434,2730.582,2411.239
2017-05-28 08:37:23.31,-849.200,2731.362,2408.033
2017-05-28 08:37:28.30,-848.925,2730.953,2408.530
2017-05-28 08:37:33.30,-847.718,2729.967,2415.358
2017-05-28 08:37:38.30,-848.364,2727.768,2414.065
2017-05-28 08:37:43.29,-850.310,2727.358,2413.263
2017-05-28 08:37:48.28,-847.035,2726.401,2414.706
2017-05-28 08:37:53.28,-851.437,2726.729,2413.142
2017-05-28 08:37:58.27,-853.694,2727.749,2412.375
2017-05-28 08:38:03.26,-853.122,2728.261,2415.844
2017-05-28 08:38:08.25,-850.164,2728.935,2418.998
2017-05-28 08:38:13.24,-850.491,2734.010,2421.131
2017-05-28 08:38:18.23,-851.059,2731.654,2415.106
2017-05-28 08:38:23.22,-849.936,2731.588,2413.921
2017-05-28 08:38:28.21,-849.487,2731.489,2414.589
2017-05-28 08:38:33.20,-848.934,2729.939,2414.126
2017-05-28 08:38:38.20,-850.904,2728.794,2415.712
2017-05-28 08:38:43.19,-848.935,2731.245,2418.272
2017-05-28 08:38:48.18,-850.485,2729.624,2418.113
2017-05-28 08:38:53.17,-848.932,2729.771,2416.710
2017-05-28 08:38:58.16,-851.562,2728.668,2415.649
2017-05-28 08:39:03.15,-850.679,2727.290,2420.020
2017-05-28 08:39:08.14,-851.629,2726.891,2420.998
2017-05-28 08:39:13.13,-853.919,2728.168,2418.079
2017-05-28 08:39:18.13,-855.955,2727.400,2421.003
2017-05-28 08:39:23.12,-855.616,2726.345,2415.832
2017-05-28 08:39:28.11,-854.135,2726.351,2416.811
2017-05-28 08:39:33.10,-857.045,2727.228,2412.778
2017-05-28 08:39:38.09,-858.128,2726.848,2416.855
2017-05-28 08:39:43.08,-858.548,2727.677,2416.721
2017-05-28 08:39:48.09,-859.426,2726.398,2420.880
2017-05-28 08:39:53.06,-858.031,2725.961,2418.340
2017-05-28 08:39:58.07,-857.857,2726.881,2417.411
2017-05-28 08:40:03.06,-857.276,2726.758,2414.117
2017-05-28 08:40:08.05,-858.620,2728.043,2419.254
2017-05-28 08:40:13.04,-856.834,2726.073,2417.294
2017-05-28 08:40:18.04,-860.736,2723.360,2416.603
2017-05-28 08:40:23.03,-861.725,2724.289,2417.775
2017-05-28 08:40:28.02,-860.016,2725.613,2417.610
2017-05-28 08:40:33.01,-857.919,2724.912,2413.920
2017-05-28 08:40:38.00,-855.625,2725.929,2414.818
2017-05-28 08:40:42.99,-857.638,2725.411,2413.001
2017-05-28 08:40:47.98,-855.745,2723.118,2417.444
2017-05-28 08:40:52.97,-858.184,2726.063,2415.813
2017-05-28 08:40:57.96,-857.838,2723.174,2416.220
2017-05-28 08:41:02.96,-860.177,2721.296,2416.522
2017-05-28 08:41:07.95,-861.552,2721.956,2415.814
2017-05-28 08:41:12.94,-859.448,2724.323,2412.322
2017-05-28 08:41:17.93,-861.881,2726.163,2412.482
2017-05-28 08:41:22.92,-860.998,2724.214,2415.780
2017-05-28 08:41:27.91,-858.071,2724.141,2415.438
2017-05-28 08:41:32.90,-860.584,2724.799,2415.369
2017-05-28 08:41:37.90,-860.002,2725.010,2412.565
2017-05-28 08:41:42.89,-858.195,2721.519,2412.379
2017-05-28 08:41:47.88,-858.450,2723.250,2413.895
2017-05-28 08:41:52.87,-860.796,2723.859,2414.105
2017-05-28 08:41:57.86,-859.570,2725.680,2415.770
2017-05-28 08:42:02.85,-858.624,2725.486,2415.658
2017-05-28 08:42:07.84,-861.148,2724.691,2413.242
2017-05-28 08:42:12.83,-858.991,2727.557,2411.490
2017-05-28 08:42:17.82,-858.081,2728.181,2415.152
2017-05-28 08:42:22.82,-859.471,2725.168,2415.373
2017-05-28 08:42:27.81,-858.369,2725.719,2415.840
2017-05-28 08:42:32.80,-857.962,2725.336,2417.589
2017-05-28 08:42:37.79,-860.173,2724.475,2411.579
2017-05-28 08:42:42.78,-857.385,2726.166,2408.076
2017-05-28 08:42:47.77,-859.958,2727.252,2410.305
2017-05-28 08:42:52.76,-862.470,2726.601,2412.379
2017-05-28 08:42:57.75,-861.546,2724.648,2414.051
2017-05-28 08:43:02.74,-860.476,2725.589,2418.032
2017-05-28 08:43:07.75,-863.969,2721.132,2415.612
2017-05-28 08:43:12.74,-859.283,2724.102,2416.101
2017-05-28 08:43:17.73,-861.108,2722.257,2414.198
2017-05-28 08:43:22.72,-861.154,2722.618,2413.626
2017-05-28 08:43:27.72,-860.405,2722.215,2415.062
2017-05-28 08:43:32.71,-862.476,2722.920,2412.906
2017-05-28 08:43:37.70,-863.702,2723.013,2413.959
2017-05-28 08:43:42.69,-860.547,2723.429,2413.217
2017-05-28 08:43:47.68,-863.195,2723.251,2411.737
2017-05-28 08:43:52.67,-861.972,2723.478,2408.996
2017-05-28 08:43:57.66,-861.776,2721.211,2408.612
2017-05-28 08:44:02.66,-862.674,2721.361,2411.421
2017-05-28 08:44:07.65,-862.536,2723.608,2411.206
2017-05-28 08:44:12.64,-865.124,2724.362,2410.576
2017-05-28 08:44:17.63,-860.676,2725.956,2412.661
2017-05-28 08:44:22.62,-860.906,2728.165,2413.889
2017-05-28 08:44:27.61,-863.142,2727.563,2417.314
2017-05-28 08:44:32.60,-860.622,2727.411,2417.821
2017-05-28 08:44:37.59,-856.089,2727.842,2417.948
2017-05-28 08:44:42.58,-854.232,2730.006,2416.710
2017-05-28 08:44:47.58,-854.608,2732.888,2415.835
2017-05-28 08:44:52.57,-854.761,2730.062,2416.825
2017-05-28 08:44:57.56,-856.690,2728.477,2413.316
2017-05-28 08:45:02.55,-860.465,2728.512,2413.445
2017-05-28 08:45:07.54,-856.589,2729.881,2414.863
2017-05-28 08:45:12.53,-856.882,2728.101,2415.955
2017-05-28 08:45:17.54,-856.098,2731.251,2417.095
2017-05-28 08:45:22.53,-855.028,2727.776,2419.536
2017-05-28 08:45:27.52,-850.374,2730.273,2419.145
2017-05-28 08:45:32.51,-850.595,2728.926,2417.431
2017-05-28 08:45:37.50,-853.288,2731.171,2416.968
2017-05-28 08:45:42.49,-851.742,2731.406,2415.842
2017-05-28 08:45:47.48,-850.854,2731.967,2415.546
2017-05-28 08:45:52.48,-850.892,2728.746,2416.636
2017-05-28 08:45:57.47,-851.369,2728.369,2412.690
2017-05-28 08:46:02.46,-851.119,2730.105,2413.831
2017-05-28 08:46:07.45,-852.095,2729.568,2416.345
2017-05-28 08:46:12.44,-850.602,2728.675,2412.375
2017-05-28 08:46:17.43,-851.933,2729.682,2410.197
2017-05-28 08:46:22.42,-851.608,2731.966,2412.715
2017-05-28 08:46:27.42,-853.330,2731.011,2416.285
2017-05-28 08:46:32.41,-852.246,2733.560,2410.617
2017-05-28 08:46:37.40,-851.279,2732.985,2413.421
2017-05-28 08:46:42.39,-850.425,2732.225,2416.578
2017-05-28 08:46:47.38,-850.732,2731.409,2415.234
2017-05-28 08:46:52.37,-845.491,2734.378,2413.733
2017-05-28 08:46:57.36,-847.622,2733.822,2410.981
2017-05-28 08:47:02.35,-849.899,2735.482,2411.857
2017-05-28 08:47:07.36,-848.871,2734.466,2415.757
2017-05-28 08:47:12.35,-849.300,2733.457,2417.652
2017-05-28 08:47:17.34,-852.354,2731.850,2415.827
2017-05-28 08:47:22.33,-853.842,2731.434,2414.941
2017-05-28 08:47:27.32,-850.878,2732.994,2414.025
2017-05-28 08:47:32.32,-847.153,2734.886,2413.013
2017-05-28 08:47:37.31,-847.341,2734.450,2414.653
2017-05-28 08:47:42.30,-854.024,2731.698,2412.156
2017-05-28 08:47:47.29,-855.921,2729.073,2412.602
2017-05-28 08:47:52.28,-851.931,2730.935,2411.876
2017-05-28 08:47:57.27,-853.991,2732.619,2413.178
2017-05-28 08:48:02.26,-856.996,2728.708,2415.817
2017-05-28 08:48:07.25,-850.620,2729.646,2420.495
2017-05-28 08:48:12.25,-848.813,2733.621,2421.448
2017-05-28 08:48:17.24,-848.451,2735.056,2416.783
2017-05-28 08:48:22.23,-854.683,2732.479,2415.773
2017-05-28 08:48:27.22,-852.184,2732.508,2413.385
2017-05-28 08:48:32.21,-852.034,2732.063,2417.332
2017-05-28 08:48:37.20,-854.579,2728.899,2419.943
2017-05-28 08:48:42.19,-852.220,2733.181,2420.122
2017-05-28 08:48:47.18,-849.473,2733.061,2418.315
2017-05-28 08:48:52.18,-849.671,2735.073,2417.323
2017-05-28 08:48:57.17,-848.331,2732.645,2416.591
2017-05-28 08:49:02.16,-851.796,2731.419,2412.811
2017-05-28 08:49:07.15,-854.204,2731.119,2415.095
2017-05-28 08:49:12.14,-852.523,2732.255,2415.572
2017-05-28 08:49:17.13,-853.528,2732.576,2418.022
2017-05-28 08:49:22.12,-850.008,2733.048,2416.558
2017-05-28 08:49:27.11,-851.604,2729.434,2416.724
2017-05-28 08:49:32.12,-849.058,2733.921,2418.952
2017-05-28 08:49:37.10,-850.746,2733.535,2420.931
2017-05-28 08:49:42.10,-850.324,2731.602,2415.945
2017-05-28 08:49:47.09,-850.938,2731.513,2415.515
2017-05-28 08:49:52.08,-853.003,2729.142,2418.656
2017-05-28 08:49:57.08,-851.705,2730.542,2419.265
2017-05-28 08:50:02.07,-852.549,2731.285,2415.672
2017-05-28 08:50:07.06,-851.638,2730.514,2413.242
2017-05-28 08:50:12.05,-850.569,2731.671,2415.370
2017-05-28 08:50:17.04,-850.088,2732.884,2416.016
2017-05-28 08:50:22.03,-849.466,2731.991,2416.132
2017-05-28 08:50:27.02,-850.388,2729.413,2413.594
2017-05-28 08:50:32.01,-849.190,2728.552,2412.642
2017-05-28 08:50:37.01,-848.117,2731.237,2411.188
2017-05-28 08:50:42.00,-848.212,2728.699,2411.713
2017-05-28 08:50:46.99,-848.222,2729.916,2415.407
2017-05-28 08:50:51.98,-850.096,2730.945,2415.042
2017-05-28 08:50:56.97,-850.697,2729.522,2415.915
2017-05-28 08:51:01.96,-847.930,2727.969,2417.045
2017-05-28 08:51:06.95,-848.078,2728.434,2417.289
2017-05-28 08:51:11.94,-849.819,2730.547,2413.078
2017-05-28 08:51:16.94,-845.947,2731.558,2412.232
2017-05-28 08:51:21.93,-846.185,2732.862,2413.935
2017-05-28 08:51:26.92,-845.240,2733.366,2417.326
2017-05-28 08:51:31.91,-845.961,2732.752,2414.861
2017-05-28 08:51:36.90,-847.076,2734.813,2420.578
2017-05-28 08:51:41.89,-848.733,2733.227,2414.422
2017-05-28 08:51:46.88,-847.276,2735.174,2417.791
2017-05-28 08:51:51.87,-849.048,2733.793,2416.055
2017-05-28 08:51:56.88,-849.096,2736.354,2418.002
2017-05-28 08:52:01.87,-844.854,2736.091,2415.041
2017-05-28 08:52:06.86,-843.929,2737.450,2410.079
2017-05-28 08:52:11.85,-842.996,2739.000,2409.981
2017-05-28 08:52:16.84,-845.311,2735.664,2413.358
2017-05-28 08:52:21.84,-847.769,2734.955,2411.808
2017-05-28 08:52:26.83,-847.714,2736.425,2412.704
2017-05-28 08:52:31.82,-847.236,2736.431,2410.961
2017-05-28 08:52:36.81,-843.876,2737.403,2411.917
2017-05-28 08:52:41.80,-842.086,2739.242,2413.646
2017-05-28 08:52:46.79,-842.710,2739.789,2409.294
2017-05-28 08:52:51.78,-846.750,2735.449,2412.005
2017-05-28 08:52:56.77,-849.026,2731.356,2413.438
2017-05-28 08:53:01.77,-847.675,2733.880,2409.357
2017-05-28 08:53:06.76,-844.276,2734.846,2413.579
2017-05-28 08:53:11.75,-835.071,2740.754,2411.809
2017-05-28 08:53:16.74,-830.602,2745.192,2410.811
2017-05-28 08:53:21.73,-833.362,2742.349,2412.124
2017-05-28 08:53:26.72,-839.249,2736.876,2407.538
2017-05-28 08:53:31.71,-841.242,2736.112,2406.766
2017-05-28 08:53:36.70,-840.608,2738.295,2412.450
2017-05-28 08:53:41.69,-840.721,2739.828,2412.957
2017-05-28 08:53:46.69,-838.298,2740.084,2411.007
2017-05-28 08:53:51.68,-832.746,2743.690,2414.215
2017-05-28 08:53:56.67,-833.632,2744.638,2411.468
2017-05-28 08:54:01.66,-836.428,2744.335,2412.181
2017-05-28 08:54:06.65,-838.295,2741.929,2407.010
2017-05-28 08:54:11.64,-837.455,2742.658,2405.536
2017-05-28 08:54:16.63,-834.469,2743.533,2409.283
2017-05-28 08:54:21.62,-834.943,2744.351,2409.833
2017-05-28 08:54:26.61,-835.437,2743.144,2412.471
2017-05-28 08:54:31.61,-833.682,2739.975,2411.987
2017-05-28 08:54:36.61,-835.731,2742.644,2411.894
2017-05-28 08:54:41.60,-831.996,2740.255,2413.997
2017-05-28 08:54:46.59,-831.984,2742.255,2413.384
2017-05-28 08:54:51.59,-834.086,2745.159,2409.345
2017-05-28 08:54:56.58,-829.559,2743.525,2409.634
2017-05-28 08:55:01.57,-826.042,2746.593,2409.025
2017-05-28 08:55:06.56,-829.769,2746.827,2410.067
2017-05-28 08:55:11.55,-831.169,2747.520,2411.294
2017-05-28 08:55:16.54,-829.757,2750.371,2407.183
2017-05-28 08:55:21.53,-823.355,2750.134,2408.111
2017-05-28 08:55:26.52,-825.705,2750.160,2407.779
2017-05-28 08:55:31.52,-828.936,2749.148,2409.969
2017-05-28 08:55:36.51,-829.789,2749.133,2409.737
2017-05-28 08:55:41.50,-825.457,2752.058,2409.372
2017-05-28 08:55:46.49,-825.444,2751.206,2410.781
2017-05-28 08:55:51.48,-825.898,2750.579,2410.750
2017-05-28 08:55:56.47,-824.436,2753.116,2414.012
2017-05-28 08:56:01.46,-819.012,2757.553,2413.555
2017-05-28 08:56:06.45,-818.551,2759.217,2411.352
2017-05-28 08:56:11.44,-818.590,2757.868,2410.739
2017-05-28 08:56:16.44,-812.142,2761.376,2407.705
2017-05-28 08:56:21.43,-814.036,2761.488,2407.928
2017-05-28 08:56:26.42,-817.948,2761.158,2410.179
2017-05-28 08:56:31.41,-815.476,2758.397,2409.286
2017-05-28 08:56:36.40,-814.686,2762.469,2410.799
2017-05-28 08:56:41.39,-807.024,2766.088,2412.190
2017-05-28 08:56:46.38,-802.418,2769.232,2411.495
2017-05-28 08:56:51.37,-802.975,2770.412,2412.109
2017-05-28 08:56:56.36,-803.854,2771.740,2410.295
2017-05-28 08:57:01.36,-804.506,2770.896,2414.376
2017-05-28 08:57:06.35,-797.896,2774.071,2417.152
2017-05-28 08:57:11.34,-791.102,2777.598,2417.825
2017-05-28 08:57:16.33,-782.891,2781.435,2415.445
2017-05-28 08:57:21.32,-783.109,2781.813,2416.426
2017-05-28 08:57:26.31,-781.037,2782.042,2411.085
2017-05-28 08:57:31.32,-780.146,2782.282,2412.861
2017-05-28 08:57:36.31,-778.903,2783.013,2413.505
2017-05-28 08:57:41.30,-773.450,2787.215,2413.635
2017-05-28 08:57:46.28,-766.464,2788.956,2415.042
2017-05-28 08:57:51.28,-760.952,2793.131,2411.992
2017-05-28 08:57:56.27,-760.469,2793.778,2415.668
2017-05-28 08:58:01.27,-766.251,2789.885,2413.253
2017-05-28 08:58:06.26,-767.104,2791.523,2413.496
2017-05-28 08:58:11.25,-768.681,2789.843,2413.718
2017-05-28 08:58:16.24,-763.478,2792.167,2413.663
2017-05-28 08:58:21.23,-764.972,2790.558,2410.445
2017-05-28 08:58:26.22,-763.122,2791.334,2412.187
2017-05-28 08:58:31.21,-759.079,2792.805,2411.984
2017-05-28 08:58:36.20,-758.018,2792.978,2410.418
2017-05-28 08:58:41.19,-758.141,2793.201,2406.122
2017-05-28 08:58:46.19,-757.565,2795.427,2408.815
2017-05-28 08:58:51.18,-757.178,2798.800,2411.447
2017-05-28 08:58:56.17,-755.278,2799.560,2413.577
2017-05-28 08:59:01.16,-753.342,2800.577,2416.050
2017-05-28 08:59:06.15,-749.888,2801.916,2414.508
2017-05-28 08:59:11.14,-749.034,2801.982,2414.619
2017-05-28 08:59:16.13,-750.216,2799.918,2416.027
2017-05-28 08:59:21.12,-749.932,2799.386,2415.022
2017-05-28 08:59:26.11,-745.022,2799.846,2414.528
2017-05-28 08:59:31.11,-742.636,2800.423,2412.118
2017-05-28 08:59:36.10,-741.874,2802.885,2415.338
2017-05-28 08:59:41.09,-741.994,2804.476,2413.184
2017-05-28 08:59:46.08,-741.364,2803.679,2412.242
2017-05-28 08:59:51.07,-741.929,2803.497,2413.745
2017-05-28 08:59:56.06,-737.835,2803.020,2413.670
2017-05-28 09:00:01.05,-739.269,2801.606,2413.397
2017-05-28 09:00:06.06,-741.359,2799.473,2413.441
2017-05-28 09:00:11.05,-741.896,2800.766,2413.062
2017-05-28 09:00:16.04,-741.632,2803.360,2409.421
2017-05-28 09:00:21.03,-741.368,2804.687,2411.048
2017-05-28 09:00:26.02,-737.725,2803.739,2412.760
2017-05-28 09:00:31.02,-736.638,2803.424,2411.177
2017-05-28 09:00:36.01,-735.869,2806.882,2411.531
2017-05-28 09:00:41.00,-733.766,2809.049,2410.142
2017-05-28 09:00:45.99,-733.037,2808.198,2410.411
2017-05-28 09:00:50.98,-731.970,2808.675,2413.311
2017-05-28 09:00:55.97,-730.340,2809.396,2415.221
2017-05-28 09:01:00.96,-725.584,2810.826,2410.811
2017-05-28 09:01:05.95,-722.304,2812.614,2412.964
2017-05-28 09:01:10.94,-726.171,2811.451,2412.270
2017-05-28 09:01:15.94,-725.989,2810.565,2411.243
2017-05-28 09:01:20.93,-722.513,2813.517,2409.538
2017-05-28 09:01:25.92,-719.488,2813.791,2412.072
2017-05-28 09:01:30.91,-717.978,2812.934,2408.449
2017-05-28 09:01:35.90,-720.456,2810.526,2408.447
2017-05-28 09:01:40.89,-720.772,2811.555,2411.288
2017-05-28 09:01:45.88,-721.569,2808.872,2412.099
2017-05-28 09:01:50.87,-721.518,2808.469,2410.103
2017-05-28 09:01:55.88,-719.086,2809.775,2408.582
2017-05-28 09:02:00.87,-719.061,2811.664,2410.877
2017-05-28 09:02:05.86,-719.111,2812.200,2413.493
2017-05-28 09:02:10.85,-716.709,2811.913,2411.299
2017-05-28 09:02:15.85,-723.519,2810.305,2412.781
2017-05-28 09:02:20.84,-724.999,2808.439,2411.675
2017-05-28 09:02:25.83,-724.169,2808.315,2409.126
2017-05-28 09:02:30.82,-725.484,2809.785,2407.258
2017-05-28 09:02:35.81,-726.358,2810.542,2412.013
2017-05-28 09:02:40.80,-727.930,2810.134,2411.072
2017-05-28 09:02:45.79,-728.954,2808.707,2414.148
2017-05-28 09:02:50.78,-727.574,2809.354,2413.008
2017-05-28 09:02:55.78,-731.536,2807.683,2415.764
2017-05-28 09:03:00.77,-733.754,2808.291,2415.893
2017-05-28 09:03:05.76,-735.222,2807.500,2412.851
2017-05-28 09:03:10.75,-737.714,2805.354,2417.725
2017-05-28 09:03:15.74,-742.336,2805.032,2416.777
2017-05-28 09:03:20.73,-744.124,2801.355,2418.305
2017-05-28 09:03:25.72,-746.396,2799.449,2414.846
2017-05-28 09:03:30.71,-750.334,2799.486,2415.993
2017-05-28 09:03:35.70,-752.895,2798.499,2416.073
2017-05-28 09:03:40.70,-754.829,2797.565,2418.155
2017-05-28 09:03:45.69,-758.204,2793.842,2416.236
2017-05-28 09:03:50.68,-759.967,2791.805,2419.924
2017-05-28 09:03:55.67,-759.524,2792.676,2415.126
2017-05-28 09:04:00.66,-758.791,2793.217,2415.309
2017-05-28 09:04:05.65,-763.325,2793.096,2417.272
2017-05-28 09:04:10.66,-763.201,2792.023,2419.503
2017-05-28 09:04:15.65,-765.259,2788.664,2414.934
2017-05-28 09:04:20.64,-767.419,2789.399,2415.786
2017-05-28 09:04:25.63,-771.549,2784.755,2414.812
2017-05-28 09:04:30.62,-776.573,2782.394,2416.631
2017-05-28 09:04:35.61,-777.366,2779.586,2413.575
2017-05-28 09:04:40.61,-781.501,2777.260,2413.438
2017-05-28 09:04:45.60,-783.285,2776.622,2414.390
2017-05-28 09:04:50.59,-780.573,2774.438,2411.778
2017-05-28 09:04:55.58,-790.433,2769.902,2412.851
2017-05-28 09:05:00.57,-793.716,2768.228,2408.462
2017-05-28 09:05:05.56,-796.164,2766.778,2412.329
2017-05-28 09:05:10.55,-799.434,2764.206,2413.702
2017-05-28 09:05:15.54,-801.515,2764.795,2412.102
2017-05-28 09:05:20.53,-806.691,2763.879,2408.877
2017-05-28 09:05:25.53,-807.656,2758.567,2411.178
2017-05-28 09:05:30.52,-809.792,2755.726,2407.083
2017-05-28 09:05:35.51,-814.310,2754.522,2410.043
2017-05-28 09:05:40.50,-819.034,2756.368,2409.016
2017-05-28 09:05:45.49,-820.342,2755.099,2407.104
2017-05-28 09:05:50.48,-823.578,2756.393,2409.728
2017-05-28 09:05:55.47,-827.425,2753.554,2414.148
2017-05-28 09:06:00.46,-828.984,2751.499,2409.661
2017-05-28 09:06:05.45,-828.857,2748.089,2410.298
2017-05-28 09:06:10.45,-833.915,2744.956,2411.462
2017-05-28 09:06:15.45,-835.162,2743.398,2410.099
2017-05-28 09:06:20.44,-837.230,2740.541,2411.584
2017-05-28 09:06:25.44,-836.626,2739.506,2414.287
2017-05-28 09:06:30.43,-840.796,2738.201,2411.172
2017-05-28 09:06:35.42,-842.620,2736.845,2414.728
2017-05-28 09:06:40.41,-842.564,2737.946,2415.645
2017-05-28 09:06:45.40,-843.176,2736.692,2413.744
2017-05-28 09:06:50.39,-845.751,2732.694,2411.302
2017-05-28 09:06:55.38,-846.722,2737.472,2410.919
2017-05-28 09:07:00.37,-846.065,2737.291,2413.486
2017-05-28 09:07:05.36,-844.803,2734.985,2411.341
2017-05-28 09:07:10.36,-845.604,2734.247,2410.412
2017-05-28 09:07:15.35,-846.954,2731.505,2409.922
2017-05-28 09:07:20.34,-844.253,2730.766,2412.470
2017-05-28 09:07:25.33,-848.324,2731.938,2412.026
2017-05-28 09:07:30.32,-847.644,2731.758,2410.629
2017-05-28 09:07:35.31,-849.265,2729.655,2413.905
2017-05-28 09:07:40.30,-852.471,2728.438,2414.850
2017-05-28 09:07:45.29,-854.096,2728.611,2412.195
2017-05-28 09:07:50.29,-854.822,2725.798,2411.502
2017-05-28 09:07:55.28,-856.368,2725.927,2411.766
2017-05-28 09:08:00.27,-855.821,2724.647,2411.954
2017-05-28 09:08:05.26,-858.467,2725.408,2410.545
2017-05-28 09:08:10.27,-858.916,2723.905,2413.395
2017-05-28 09:08:15.26,-857.681,2725.267,2412.455
2017-05-28 09:08:20.25,-856.795,2725.906,2412.882
2017-05-28 09:08:25.24,-856.006,2725.024,2411.379
2017-05-28 09:08:30.23,-859.313,2723.779,2412.963
2017-05-28 09:08:35.22,-857.721,2723.222,2413.020
2017-05-28 09:08:40.21,-859.882,2724.354,2410.217
2017-05-28 09:08:45.20,-854.824,2723.011,2415.693
2017-05-28 09:08:50.20,-854.889,2724.214,2416.822
2017-05-28 09:08:55.19,-858.234,2726.727,2413.609
2017-05-28 09:09:00.18,-860.854,2724.605,2411.414
2017-05-28 09:09:05.17,-859.629,2723.614,2410.447
2017-05-28 09:09:10.16,-860.635,2723.754,2412.323
2017-05-28 09:09:15.15,-859.551,2724.925,2412.924
2017-05-28 09:09:20.14,-857.498,2726.102,2411.685
2017-05-28 09:09:25.13,-856.131,2724.953,2412.457
2017-05-28 09:09:30.12,-853.657,2727.187,2410.573
2017-05-28 09:09:35.12,-851.163,2727.679,2410.138
2017-05-28 09:09:40.11,-851.722,2726.523,2408.551
2017-05-28 09:09:45.10,-849.751,2727.349,2410.365
2017-05-28 09:09:50.09,-851.541,2727.380,2409.138
2017-05-28 09:09:55.08,-847.364,2728.859,2407.456
2017-05-28 09:10:00.07,-846.188,2729.993,2406.900
2017-05-28 09:10:05.06,-844.399,2730.204,2410.119
2017-05-28 09:10:10.07,-840.308,2733.916,2408.248
2017-05-28 09:10:15.04,-839.571,2735.260,2407.009
2017-05-28 09:10:20.04,-838.133,2735.505,2409.225
2017-05-28 09:10:25.04,-838.841,2738.143,2411.291
2017-05-28 09:10:30.03,-838.009,2737.419,2412.450
2017-05-28 09:10:35.03,-836.986,2740.161,2411.710
2017-05-28 09:10:40.02,-832.387,2742.682,2412.074
2017-05-28 09:10:45.01,-832.328,2744.654,2413.964
2017-05-28 09:10:50.00,-825.691,2747.081,2411.682
2017-05-28 09:10:54.99,-826.465,2745.778,2413.628
2017-05-28 09:10:59.98,-822.051,2746.025,2413.041
2017-05-28 09:11:04.97,-820.464,2747.911,2411.216
2017-05-28 09:11:09.96,-820.562,2749.886,2409.945
2017-05-28 09:11:14.96,-816.201,2752.966,2411.512
2017-05-28 09:11:19.95,-815.586,2754.444,2413.060
2017-05-28 09:11:24.94,-815.457,2756.487,2412.708
2017-05-28 09:11:29.93,-816.376,2755.757,2414.058
2017-05-28 09:11:34.92,-812.362,2756.920,2412.211
2017-05-28 09:11:39.91,-815.075,2756.016,2412.200
2017-05-28 09:11:44.90,-813.439,2757.629,2414.225
2017-05-28 09:11:49.89,-809.903,2759.838,2412.250
2017-05-28 09:11:54.88,-809.812,2759.934,2411.423
2017-05-28 09:11:59.88,-807.782,2763.983,2411.632
2017-05-28 09:12:04.87,-802.306,2766.162,2413.345
2017-05-28 09:12:09.86,-799.251,2765.821,2414.136
2017-05-28 09:12:14.85,-801.348,2766.030,2412.189
2017-05-28 09:12:19.86,-801.000,2766.847,2412.609
2017-05-28 09:12:24.85,-796.256,2769.185,2413.312
2017-05-28 09:12:29.84,-792.776,2774.273,2410.878
2017-05-28 09:12:34.83,-794.189,2772.800,2412.036
2017-05-28 09:12:39.82,-790.656,2771.427,2413.393
2017-05-28 09:12:44.81,-790.689,2774.766,2413.811
2017-05-28 09:12:49.80,-790.336,2773.864,2416.635
2017-05-28 09:12:54.79,-786.680,2776.152,2415.318
2017-05-28 09:12:59.79,-786.606,2776.449,2407.702
2017-05-28 09:13:04.78,-784.421,2778.868,2411.072
2017-05-28 09:13:09.77,-784.443,2781.033,2406.856
2017-05-28 09:13:14.76,-780.441,2780.185,2407.235
2017-05-28 09:13:19.75,-778.181,2781.927,2407.415
2017-05-28 09:13:24.74,-780.035,2778.696,2407.866
2017-05-28 09:13:29.73,-779.024,2780.297,2409.221
2017-05-28 09:13:34.72,-777.716,2782.988,2410.325
2017-05-28 09:13:39.71,-773.476,2786.055,2408.714
2017-05-28 09:13:44.71,-773.388,2785.468,2414.663
2017-05-28 09:13:49.70,-772.354,2785.559,2409.375
2017-05-28 09:13:54.69,-772.096,2784.946,2410.278
2017-05-28 09:13:59.68,-769.406,2785.996,2413.637
2017-05-28 09:14:04.67,-768.962,2787.122,2412.805
2017-05-28 09:14:09.66,-766.361,2786.328,2410.914
2017-05-28 09:14:14.65,-760.786,2788.520,2412.296
2017-05-28 09:14:19.64,-760.294,2790.010,2416.138
2017-05-28 09:14:24.64,-758.118,2789.225,2412.632
2017-05-28 09:14:29.63,-759.317,2789.232,2409.089
2017-05-28 09:14:34.62,-760.045,2790.032,2409.246
2017-05-28 09:14:39.61,-760.828,2791.447,2414.611
2017-05-28 09:14:44.60,-760.508,2790.457,2411.497
2017-05-28 09:14:49.59,-759.260,2792.014,2414.547
2017-05-28 09:14:54.58,-759.699,2792.205,2417.963
2017-05-28 09:14:59.57,-755.048,2791.275,2414.681
2017-05-28 09:15:04.56,-757.040,2790.982,2412.961
2017-05-28 09:15:09.57,-755.213,2791.639,2413.164
2017-05-28 09:15:14.56,-758.809,2792.435,2413.142
2017-05-28 09:15:19.55,-754.782,2794.490,2413.292
2017-05-28 09:15:24.55,-755.423,2792.442,2412.941
2017-05-28 09:15:29.54,-760.389,2791.214,2416.319
2017-05-28 09:15:34.53,-759.954,2792.168,2413.200
2017-05-28 09:15:39.52,-756.041,2792.803,2408.224
2017-05-28 09:15:44.51,-757.381,2792.589,2413.983
2017-05-28 09:15:49.50,-757.367,2793.762,2411.744
2017-05-28 09:15:54.49,-757.089,2793.672,2408.238
2017-05-28 09:15:59.48,-755.181,2794.896,2409.326
2017-05-28 09:16:04.47,-756.778,2793.772,2410.735
2017-05-28 09:16:09.47,-755.106,2795.592,2409.728
2017-05-28 09:16:14.46,-755.222,2796.364,2409.415
2017-05-28 09:16:19.45,-756.641,2794.239,2411.813
2017-05-28 09:16:24.44,-751.802,2795.880,2412.389
2017-05-28 09:16:29.43,-754.607,2792.980,2411.439
2017-05-28 09:16:34.42,-754.223,2793.802,2409.522
2017-05-28 09:16:39.41,-751.496,2795.598,2408.595
2017-05-28 09:16:44.40,-747.394,2795.205,2409.946
2017-05-28 09:16:49.39,-747.976,2794.189,2412.505
2017-05-28 09:16:54.39,-749.945,2794.958,2411.543
2017-05-28 09:16:59.38,-751.557,2794.912,2413.103
2017-05-28 09:17:04.37,-751.928,2795.433,2416.427
2017-05-28 09:17:09.36,-754.106,2792.322,2412.135
2017-05-28 09:17:14.35,-752.686,2794.551,2414.047
2017-05-28 09:17:19.34,-754.871,2794.253,2409.786
2017-05-28 09:17:24.33,-753.870,2794.740,2407.600
2017-05-28 09:17:29.32,-752.032,2795.215,2409.119
2017-05-28 09:17:34.32,-754.170,2793.642,2407.439
2017-05-28 09:17:39.31,-753.558,2793.520,2409.245
2017-05-28 09:17:44.30,-751.840,2794.542,2406.189
2017-05-28 09:17:49.31,-750.652,2796.266,2404.966
2017-05-28 09:17:54.30,-752.252,2795.671,2403.799
2017-05-28 09:17:59.29,-751.655,2793.966,2408.478
2017-05-28 09:18:04.28,-753.650,2796.181,2409.864
2017-05-28 09:18:09.27,-754.685,2791.612,2408.987
2017-05-28 09:18:14.26,-756.656,2791.615,2408.091
2017-05-28 09:18:19.25,-750.828,2797.126,2410.339
2017-05-28 09:18:24.24,-752.862,2794.159,2409.428
2017-05-28 09:18:29.23,-753.602,2793.232,2409.454
2017-05-28 09:18:34.23,-753.917,2795.151,2407.005
2017-05-28 09:18:39.22,-754.421,2795.828,2407.827
2017-05-28 09:18:44.21,-753.002,2794.568,2410.785
2017-05-28 09:18:49.20,-754.330,2794.788,2410.251
2017-05-28 09:18:54.19,-753.281,2794.472,2408.688
2017-05-28 09:18:59.18,-755.376,2793.108,2409.091
2017-05-28 09:19:04.17,-755.325,2794.915,2411.727
2017-05-28 09:19:09.16,-752.861,2795.709,2411.170
2017-05-28 09:19:14.15,-753.894,2794.609,2413.206
2017-05-28 09:19:19.15,-752.796,2798.711,2416.002
2017-05-28 09:19:24.14,-755.269,2795.770,2411.118
2017-05-28 09:19:29.13,-751.609,2795.007,2410.322
2017-05-28 09:19:34.12,-752.048,2796.204,2409.661
2017-05-28 09:19:39.11,-754.629,2794.082,2410.795
2017-05-28 09:19:44.10,-751.716,2792.442,2407.758
2017-05-28 09:19:49.09,-753.116,2792.598,2405.448
2017-05-28 09:19:54.08,-751.517,2792.771,2408.067
2017-05-28 09:19:59.09,-749.049,2793.583,2408.708
2017-05-28 09:20:04.08,-757.567,2786.419,2411.286
2017-05-28 09:20:09.07,-751.353,2792.067,2413.502
2017-05-28 09:20:14.06,-752.979,2790.228,2410.337
2017-05-28 09:20:19.06,-754.864,2787.672,2410.355
2017-05-28 09:20:24.05,-754.036,2790.791,2409.808
2017-05-28 09:20:29.04,-754.989,2789.718,2410.977
2017-05-28 09:20:34.03,-756.488,2790.862,2414.221
2017-05-28 09:20:39.02,-755.706,2790.976,2412.007
2017-05-28 09:20:44.01,-754.285,2790.907,2413.279
2017-05-28 09:20:49.00,-756.241,2791.777,2412.414
2017-05-28 09:20:53.99,-758.033,2793.755,2413.580
2017-05-28 09:20:58.99,-758.155,2792.306,2416.332
2017-05-28 09:21:03.98,-759.263,2792.338,2415.789
2017-05-28 09:21:08.97,-756.914,2789.561,2415.044
2017-05-28 09:21:13.96,-759.063,2790.645,2412.982
2017-05-28 09:21:18.95,-758.082,2792.833,2414.067
2017-05-28 09:21:23.94,-758.199,2788.394,2415.041
2017-05-28 09:21:28.93,-757.394,2790.070,2415.312
2017-05-28 09:21:33.92,-758.515,2790.185,2416.204
2017-05-28 09:21:38.91,-754.294,2792.705,2413.911
2017-05-28 09:21:43.91,-755.129,2792.419,2415.646
2017-05-28 09:21:48.90,-752.081,2795.655,2413.951
2017-05-28 09:21:53.89,-749.454,2798.295,2413.175
2017-05-28 09:21:58.88,-747.528,2798.241,2414.019
2017-05-28 09:22:03.87,-750.520,2797.214,2412.799
2017-05-28 09:22:08.86,-752.548,2794.016,2415.090
2017-05-28 09:22:13.85,-753.920,2794.000,2412.743
2017-05-28 09:22:18.84,-757.433,2793.955,2415.427
2017-05-28 09:22:23.84,-758.701,2792.889,2416.428
2017-05-28 09:22:28.84,-757.228,2795.455,2413.974
2017-05-28 09:22:33.83,-756.966,2793.866,2412.518
2017-05-28 09:22:38.82,-754.013,2793.266,2411.434
2017-05-28 09:22:43.82,-753.698,2791.980,2411.425
2017-05-28 09:22:48.81,-754.054,2791.836,2415.808
2017-05-28 09:22:53.80,-751.416,2793.784,2414.452
2017-05-28 09:22:58.79,-754.051,2794.772,2416.510
2017-05-28 09:23:03.78,-751.411,2794.406,2414.805
2017-05-28 09:23:08.77,-750.769,2794.675,2414.428
2017-05-28 09:23:13.76,-754.883,2796.065,2416.410
2017-05-28 09:23:18.75,-757.120,2795.960,2417.202
2017-05-28 09:23:23.75,-756.641,2796.372,2414.042
2017-05-28 09:23:28.74,-755.297,2796.227,2413.657
2017-05-28 09:23:33.73,-756.268,2797.238,2414.728
2017-05-28 09:23:38.72,-757.744,2796.514,2415.412
2017-05-28 09:23:43.71,-756.441,2792.764,2418.587
2017-05-28 09:23:48.70,-756.436,2795.766,2411.639
2017-05-28 09:23:53.69,-756.727,2794.340,2411.099
2017-05-28 09:23:58.68,-755.729,2794.801,2413.434
2017-05-28 09:24:03.67,-757.441,2794.727,2413.318
2017-05-28 09:24:08.67,-758.942,2795.427,2409.468
2017-05-28 09:24:13.66,-757.646,2794.944,2410.945
2017-05-28 09:24:18.65,-757.285,2794.811,2412.701
2017-05-28 09:24:23.64,-757.075,2794.651,2411.763
2017-05-28 09:24:28.63,-753.586,2797.485,2411.419
2017-05-28 09:24:33.62,-756.911,2795.366,2410.704
2017-05-28 09:24:38.61,-759.055,2794.769,2414.360
2017-05-28 09:24:43.60,-757.341,2793.302,2410.540
2017-05-28 09:24:48.60,-758.344,2794.111,2411.604
2017-05-28 09:24:53.59,-755.588,2795.709,2407.652
2017-05-28 09:24:58.59,-754.994,2795.836,2407.359
2017-05-28 09:25:03.58,-754.244,2795.352,2408.667
2017-05-28 09:25:08.58,-752.634,2795.768,2403.227
2017-05-28 09:25:13.57,-753.615,2796.989,2404.519
2017-05-28 09:25:18.56,-756.595,2796.894,2403.195
2017-05-28 09:25:23.55,-756.738,2795.518,2407.446
2017-05-28 09:25:28.54,-756.079,2796.406,2410.171
2017-05-28 09:25:33.53,-757.494,2796.681,2413.534
2017-05-28 09:25:38.52,-758.629,2796.084,2412.088
2017-05-28 09:25:43.51,-758.711,2795.619,2412.827
2017-05-28 09:25:48.50,-756.688,2794.828,2411.618
2017-05-28 09:25:53.50,-759.982,2794.414,2409.633
2017-05-28 09:25:58.49,-762.418,2793.709,2412.270
2017-05-28 09:26:03.48,-761.502,2794.266,2413.116
2017-05-28 09:26:08.47,-759.939,2793.004,2412.552
2017-05-28 09:26:13.46,-759.952,2793.230,2413.122
2017-05-28 09:26:18.45,-764.961,2791.181,2413.192
2017-05-28 09:26:23.44,-758.966,2794.995,2413.946
2017-05-28 09:26:28.43,-763.936,2792.329,2413.429
2017-05-28 09:26:33.43,-759.551,2793.435,2414.107
2017-05-28 09:26:38.42,-761.848,2793.548,2409.250
2017-05-28 09:26:43.41,-760.097,2794.509,2407.715
2017-05-28 09:26:48.40,-761.001,2791.782,2408.012
2017-05-28 09:26:53.39,-762.930,2792.399,2410.366
2017-05-28 09:26:58.38,-761.816,2791.981,2410.981
2017-05-28 09:27:03.37,-760.593,2794.166,2411.146
2017-05-28 09:27:08.36,-763.139,2792.599,2409.769
2017-05-28 09:27:13.35,-762.223,2793.043,2412.001
2017-05-28 09:27:18.35,-760.506,2792.975,2414.852
2017-05-28 09:27:23.34,-760.653,2792.206,2414.681
2017-05-28 09:27:28.33,-763.093,2793.239,2411.529
2017-05-28 09:27:33.32,-764.159,2792.520,2407.576
2017-05-28 09:27:38.31,-755.249,2795.381,2411.782
2017-05-28 09:27:43.30,-760.215,2792.095,2412.012
2017-05-28 09:27:48.29,-760.350,2791.231,2407.565
2017-05-28 09:27:53.28,-764.231,2790.474,2404.884
2017-05-28 09:27:58.27,-761.589,2792.111,2408.721
2017-05-28 09:28:03.27,-761.674,2792.198,2406.513
2017-05-28 09:28:08.27,-761.618,2793.378,2406.758
2017-05-28 09:28:13.26,-760.599,2789.943,2404.583
2017-05-28 09:28:18.26,-759.094,2791.983,2403.157
2017-05-28 09:28:23.25,-759.582,2791.174,2407.465
2017-05-28 09:28:28.24,-761.059,2791.762,2409.760
2017-05-28 09:28:33.23,-762.149,2790.664,2411.599
2017-05-28 09:28:38.22,-762.852,2789.690,2413.701
2017-05-28 09:28:43.21,-762.037,2791.687,2412.919
2017-05-28 09:28:48.20,-764.076,2790.523,2411.944
2017-05-28 09:28:53.19,-765.128,2789.600,2411.476
2017-05-28 09:28:58.18,-764.077,2790.144,2413.811
2017-05-28 09:29:03.18,-764.754,2789.557,2412.588
2017-05-28 09:29:08.17,-763.642,2790.172,2411.742
2017-05-28 09:29:13.16,-763.418,2790.902,2412.708
2017-05-28 09:29:18.15,-764.919,2789.236,2412.495
2017-05-28 09:29:23.14,-763.356,2789.460,2413.485
2017-05-28 09:29:28.13,-767.286,2786.065,2412.848
2017-05-28 09:29:33.12,-767.870,2787.679,2409.031
2017-05-28 09:29:38.11,-769.059,2786.195,2412.341
2017-05-28 09:29:43.10,-765.255,2788.452,2411.602
2017-05-28 09:29:48.10,-765.560,2788.742,2409.703
2017-05-28 09:29:53.09,-766.280,2788.722,2408.848
2017-05-28 09:29:58.08,-766.467,2786.099,2407.942
2017-05-28 09:30:03.07,-766.834,2788.806,2405.637
2017-05-28 09:30:08.06,-766.396,2790.202,2406.547
2017-05-28 09:30:13.05,-767.351,2789.437,2405.381
2017-05-28 09:30:18.04,-769.294,2788.058,2405.515
2017-05-28 09:30:23.03,-768.533,2788.588,2408.672
2017-05-28 09:30:28.02,-768.715,2787.004,2409.184
2017-05-28 09:30:33.02,-768.984,2786.141,2405.168
2017-05-28 09:30:38.01,-773.234,2786.061,2405.606
2017-05-28 09:30:43.00,-773.214,2786.176,2405.211
2017-05-28 09:30:47.99,-770.971,2784.978,2406.187
2017-05-28 09:30:52.98,-770.371,2785.595,2408.256
2017-05-28 09:30:57.97,-769.549,2785.489,2409.362
2017-05-28 09:31:02.96,-775.604,2782.811,2404.665
2017-05-28 09:31:07.95,-779.602,2781.727,2406.007
2017-05-28 09:31:12.94,-775.994,2783.150,2406.816
2017-05-28 09:31:17.94,-774.759,2783.591,2407.036
2017-05-28 09:31:22.94,-774.921,2780.772,2404.250
2017-05-28 09:31:27.93,-776.087,2782.212,2407.288
2017-05-28 09:31:32.92,-775.519,2782.558,2408.815
2017-05-28 09:31:37.92,-777.412,2781.383,2408.019
2017-05-28 09:31:42.91,-777.156,2782.876,2405.789
2017-05-28 09:31:47.90,-778.264,2780.848,2407.604
2017-05-28 09:31:52.89,-781.256,2778.636,2404.719
2017-05-28 09:31:57.88,-782.991,2779.659,2407.518
2017-05-28 09:32:02.87,-781.752,2782.154,2407.493
2017-05-28 09:32:07.86,-785.101,2781.068,2408.600
2017-05-28 09:32:12.85,-787.302,2780.137,2410.075
2017-05-28 09:32:17.84,-784.674,2779.386,2412.185
2017-05-28 09:32:22.84,-783.976,2780.778,2413.979
2017-05-28 09:32:27.83,-785.494,2779.319,2410.303
2017-05-28 09:32:32.82,-786.108,2777.332,2412.831
2017-05-28 09:32:37.81,-787.737,2777.266,2412.018
2017-05-28 09:32:42.80,-787.985,2777.821,2407.772
2017-05-28 09:32:47.79,-792.072,2774.401,2407.533
2017-05-28 09:32:52.78,-789.340,2774.593,2410.176
2017-05-28 09:32:57.77,-791.043,2774.613,2412.437
2017-05-28 09:33:02.76,-792.171,2775.321,2411.106
2017-05-28 09:33:07.76,-792.629,2774.260,2409.949
2017-05-28 09:33:12.75,-792.368,2772.260,2409.350
2017-05-28 09:33:17.74,-795.064,2770.516,2407.649
2017-05-28 09:33:22.73,-799.980,2769.878,2411.801
2017-05-28 09:33:27.72,-802.122,2767.795,2408.283
2017-05-28 09:33:32.71,-799.991,2768.835,2405.683
2017-05-28 09:33:37.70,-805.548,2764.718,2406.996
2017-05-28 09:33:42.70,-803.918,2766.783,2410.087
2017-05-28 09:33:47.69,-805.632,2764.866,2411.278
2017-05-28 09:33:52.68,-804.986,2765.103,2409.936
2017-05-28 09:33:57.68,-808.970,2762.260,2410.730
2017-05-28 09:34:02.67,-808.135,2762.808,2408.556
2017-05-28 09:34:07.67,-810.263,2763.175,2410.765
2017-05-28 09:34:12.66,-811.094,2760.262,2413.183
2017-05-28 09:34:17.65,-810.689,2759.743,2412.319
2017-05-28 09:34:22.64,-810.958,2759.901,2413.224
2017-05-28 09:34:27.63,-811.942,2758.119,2412.732
2017-05-28 09:34:32.62,-813.005,2757.608,2410.976
2017-05-28 09:34:37.61,-816.006,2753.204,2411.788
2017-05-28 09:34:42.60,-813.147,2753.118,2410.269
2017-05-28 09:34:47.60,-814.574,2754.723,2410.542
2017-05-28 09:34:52.59,-813.994,2752.368,2411.864
2017-05-28 09:34:57.58,-818.166,2750.821,2410.960
2017-05-28 09:35:02.57,-816.846,2751.543,2414.814
2017-05-28 09:35:07.56,-819.393,2751.075,2413.589
2017-05-28 09:35:12.55,-822.005,2749.705,2413.007
2017-05-28 09:35:17.54,-824.221,2747.430,2413.357
2017-05-28 09:35:22.53,-825.266,2746.317,2413.286
2017-05-28 09:35:27.52,-823.163,2746.413,2409.102
2017-05-28 09:35:32.52,-827.083,2747.011,2412.611
2017-05-28 09:35:37.51,-829.464,2745.302,2413.254
2017-05-28 09:35:42.50,-832.156,2743.112,2418.301
2017-05-28 09:35:47.49,-829.748,2743.174,2414.514
2017-05-28 09:35:52.48,-832.518,2741.627,2413.642
2017-05-28 09:35:57.47,-835.674,2737.946,2418.974
2017-05-28 09:36:02.46,-832.735,2739.458,2418.728
2017-05-28 09:36:07.45,-834.354,2740.836,2415.574
2017-05-28 09:36:12.45,-836.328,2739.685,2417.728
2017-05-28 09:36:17.44,-839.689,2736.168,2418.370
2017-05-28 09:36:22.43,-840.391,2733.941,2416.302
2017-05-28 09:36:27.42,-840.902,2733.985,2413.931
2017-05-28 09:36:32.41,-837.533,2736.653,2414.073
2017-05-28 09:36:37.40,-839.225,2737.243,2414.099
2017-05-28 09:36:42.39,-839.816,2736.948,2414.280
2017-05-28 09:36:47.38,-843.871,2735.264,2414.870
2017-05-28 09:36:52.37,-844.410,2735.951,2417.086
2017-05-28 09:36:57.38,-847.924,2730.245,2418.052
2017-05-28 09:37:02.37,-849.751,2729.934,2418.932
2017-05-28 09:37:07.36,-849.890,2730.937,2415.752
2017-05-28 09:37:12.35,-850.762,2728.493,2414.984
2017-05-28 09:37:17.35,-849.998,2728.815,2413.846
2017-05-28 09:37:22.34,-852.586,2723.884,2414.348
2017-05-28 09:37:27.33,-853.506,2723.370,2414.081
2017-05-28 09:37:32.32,-853.446,2725.770,2414.952
2017-05-28 09:37:37.31,-855.156,2723.589,2411.089
2017-05-28 09:37:42.30,-856.366,2725.003,2410.268
2017-05-28 09:37:47.29,-855.946,2721.305,2410.724
2017-05-28 09:37:52.28,-857.276,2722.466,2410.649
2017-05-28 09:37:57.28,-856.908,2720.882,2410.420
2017-05-28 09:38:02.27,-861.516,2715.520,2411.635
2017-05-28 09:38:07.26,-861.451,2716.624,2412.318
2017-05-28 09:38:12.25,-863.958,2716.312,2408.688
2017-05-28 09:38:17.24,-862.283,2714.625,2410.801
2017-05-28 09:38:22.23,-864.060,2711.477,2408.905
2017-05-28 09:38:27.22,-867.171,2709.809,2413.245
2017-05-28 09:38:32.21,-866.745,2709.964,2409.945
2017-05-28 09:38:37.20,-867.696,2710.865,2408.942
2017-05-28 09:38:42.20,-866.135,2707.848,2411.954
2017-05-28 09:38:47.19,-866.878,2710.815,2412.033
2017-05-28 09:38:52.18,-869.044,2709.601,2411.061
2017-05-28 09:38:57.17,-870.669,2708.798,2411.250
2017-05-28 09:39:02.16,-871.454,2708.748,2412.029
2017-05-28 09:39:07.15,-870.878,2710.559,2410.228
2017-05-28 09:39:12.14,-870.452,2710.497,2409.961
2017-05-28 09:39:17.13,-869.044,2710.781,2411.979
2017-05-28 09:39:22.12,-871.471,2708.981,2416.325
2017-05-28 09:39:27.12,-875.013,2706.396,2417.024
2017-05-28 09:39:32.12,-873.537,2706.609,2420.973
2017-05-28 09:39:37.11,-875.266,2706.325,2415.897
2017-05-28 09:39:42.11,-875.269,2705.521,2416.644
2017-05-28 09:39:47.10,-876.544,2704.714,2419.047
2017-05-28 09:39:52.09,-878.534,2703.782,2413.568
2017-05-28 09:39:57.08,-878.942,2704.886,2414.032
2017-05-28 09:40:02.07,-879.421,2705.632,2417.342
2017-05-28 09:40:07.06,-879.671,2703.697,2415.888
2017-05-28 09:40:12.05,-878.231,2702.620,2418.004
2017-05-28 09:40:17.04,-880.997,2702.589,2418.694
2017-05-28 09:40:22.03,-882.504,2700.901,2418.005
2017-05-28 09:40:27.03,-879.074,2702.939,2416.387
2017-05-28 09:40:32.02,-884.041,2697.688,2414.628
2017-05-28 09:40:37.01,-884.318,2701.712,2418.049
2017-05-28 09:40:42.00,-883.561,2702.277,2416.283
2017-05-28 09:40:46.99,-882.966,2700.343,2415.206
2017-05-28 09:40:51.98,-882.264,2698.500,2413.922
2017-05-28 09:40:56.97,-884.499,2698.783,2414.735
2017-05-28 09:41:01.96,-886.552,2697.179,2413.196
2017-05-28 09:41:06.95,-885.325,2699.025,2416.178
2017-05-28 09:41:11.95,-884.362,2694.701,2411.713
2017-05-28 09:41:16.94,-885.924,2696.865,2411.652
2017-05-28 09:41:21.93,-887.648,2695.484,2414.077
2017-05-28 09:41:26.92,-886.254,2691.920,2414.229
2017-05-28 09:41:31.91,-885.671,2696.184,2416.558
2017-05-28 09:41:36.90,-886.232,2696.259,2416.111
2017-05-28 09:41:41.89,-887.556,2697.902,2414.940
2017-05-28 09:41:46.88,-886.716,2694.571,2417.760
2017-05-28 09:41:51.88,-885.577,2696.567,2416.127
2017-05-28 09:41:56.87,-886.848,2697.411,2415.833
2017-05-28 09:42:01.86,-890.002,2695.883,2413.891
2017-05-28 09:42:06.85,-888.314,2697.008,2417.243
2017-05-28 09:42:11.86,-889.482,2693.977,2417.958
2017-05-28 09:42:16.85,-891.931,2692.640,2421.589
2017-05-28 09:42:21.84,-893.372,2692.753,2419.577
2017-05-28 09:42:26.83,-890.790,2691.179,2417.668
2017-05-28 09:42:31.82,-892.761,2693.319,2419.425
2017-05-28 09:42:36.81,-893.529,2690.315,2415.721
2017-05-28 09:42:41.80,-892.306,2690.564,2420.464
2017-05-28 09:42:46.79,-889.067,2690.292,2419.641
2017-05-28 09:42:51.79,-891.586,2688.231,2420.279
2017-05-28 09:42:56.78,-894.819,2685.394,2419.818
2017-05-28 09:43:01.77,-895.771,2687.076,2420.891
2017-05-28 09:43:06.76,-897.208,2688.959,2419.111
2017-05-28 09:43:11.75,-895.439,2685.799,2420.208
2017-05-28 09:43:16.74,-893.665,2689.895,2423.520
2017-05-28 09:43:21.73,-896.653,2688.819,2420.999
2017-05-28 09:43:26.72,-897.434,2686.582,2417.346
2017-05-28 09:43:31.71,-894.945,2685.966,2416.647
2017-05-28 09:43:36.71,-896.953,2682.679,2416.068
2017-05-28 09:43:41.70,-897.213,2684.116,2415.733
2017-05-28 09:43:46.69,-897.687,2683.301,2416.031
2017-05-28 09:43:51.68,-897.484,2683.165,2414.211
2017-05-28 09:43:56.69,-899.856,2680.535,2413.483
2017-05-28 09:44:01.68,-899.815,2681.984,2414.844
2017-05-28 09:44:06.67,-900.723,2683.517,2420.274
2017-05-28 09:44:11.66,-898.705,2681.171,2413.466
2017-05-28 09:44:16.65,-900.101,2680.877,2412.892
2017-05-28 09:44:21.64,-898.881,2683.142,2413.622
2017-05-28 09:44:26.63,-902.466,2682.549,2415.489
2017-05-28 09:44:31.62,-903.731,2682.016,2418.563
2017-05-28 09:44:36.62,-902.674,2681.492,2418.891
2017-05-28 09:44:41.61,-899.152,2681.747,2419.655
2017-05-28 09:44:46.60,-901.616,2680.543,2416.122
2017-05-28 09:44:51.59,-901.015,2680.031,2416.340
2017-05-28 09:44:56.58,-902.156,2681.316,2419.341
2017-05-28 09:45:01.57,-900.868,2682.066,2417.767
2017-05-28 09:45:06.56,-901.826,2681.743,2417.847
2017-05-28 09:45:11.55,-904.802,2679.291,2418.750
2017-05-28 09:45:16.54,-903.355,2679.053,2415.386
2017-05-28 09:45:21.54,-903.448,2680.985,2414.757
2017-05-28 09:45:26.53,-902.448,2680.180,2415.743
2017-05-28 09:45:31.52,-902.437,2682.743,2416.469
2017-05-28 09:45:36.51,-904.013,2680.990,2414.986
2017-05-28 09:45:41.50,-905.395,2677.940,2416.764
2017-05-28 09:45:46.49,-903.559,2679.279,2418.139
2017-05-28 09:45:51.48,-906.009,2679.495,2416.421
2017-05-28 09:45:56.47,-903.871,2674.354,2417.641
2017-05-28 09:46:01.46,-905.427,2675.093,2413.672
2017-05-28 09:46:06.46,-906.764,2674.743,2412.411
2017-05-28 09:46:11.45,-909.708,2674.812,2414.508
2017-05-28 09:46:16.44,-911.508,2674.371,2414.549
2017-05-28 09:46:21.43,-908.624,2675.907,2414.504
2017-05-28 09:46:26.44,-909.775,2676.140,2411.593
2017-05-28 09:46:31.43,-910.619,2675.595,2412.549
2017-05-28 09:46:36.42,-908.623,2675.658,2414.338
2017-05-28 09:46:41.41,-907.350,2675.110,2414.141
2017-05-28 09:46:46.40,-908.961,2674.366,2411.556
2017-05-28 09:46:51.39,-911.838,2672.661,2415.495
2017-05-28 09:46:56.38,-911.789,2670.861,2418.643
2017-05-28 09:47:01.38,-910.341,2672.308,2416.943
2017-05-28 09:47:06.37,-911.929,2671.637,2414.688
2017-05-28 09:47:11.36,-912.420,2671.441,2415.175
2017-05-28 09:47:16.35,-910.892,2670.411,2419.322
2017-05-28 09:47:21.34,-911.696,2669.879,2415.619
2017-05-28 09:47:26.33,-913.205,2668.551,2414.705
2017-05-28 09:47:31.32,-913.087,2667.312,2414.727
2017-05-28 09:47:36.31,-912.622,2666.491,2414.856
2017-05-28 09:47:41.30,-913.177,2668.490,2416.295
2017-05-28 09:47:46.30,-914.195,2666.258,2417.721
2017-05-28 09:47:51.29,-913.788,2667.868,2415.008
2017-05-28 09:47:56.28,-915.365,2665.745,2416.620
2017-05-28 09:48:01.27,-916.878,2663.789,2418.483
2017-05-28 09:48:06.26,-915.349,2665.088,2413.582
2017-05-28 09:48:11.25,-917.331,2664.156,2416.958
2017-05-28 09:48:16.24,-917.536,2664.197,2420.296
2017-05-28 09:48:21.23,-917.246,2666.686,2414.914
2017-05-28 09:48:26.22,-917.042,2665.770,2417.747
2017-05-28 09:48:31.22,-919.852,2665.435,2414.870
2017-05-28 09:48:36.21,-917.843,2661.999,2419.882
2017-05-28 09:48:41.20,-917.279,2661.710,2419.266
2017-05-28 09:48:46.19,-917.416,2661.298,2421.698
2017-05-28 09:48:51.18,-917.849,2662.766,2421.593
2017-05-28 09:48:56.19,-920.788,2663.409,2420.888
2017-05-28 09:49:01.18,-921.286,2662.284,2415.529
2017-05-28 09:49:06.17,-921.393,2660.238,2411.603
2017-05-28 09:49:11.16,-920.482,2663.012,2413.429
2017-05-28 09:49:16.15,-921.599,2663.499,2416.128
2017-05-28 09:49:21.14,-919.156,2666.043,2418.140
2017-05-28 09:49:26.13,-918.590,2664.851,2413.794
2017-05-28 09:49:31.13,-922.073,2664.621,2418.403
2017-05-28 09:49:36.12,-924.490,2661.659,2415.862
2017-05-28 09:49:41.11,-919.394,2665.260,2416.194
2017-05-28 09:49:46.10,-919.106,2663.764,2417.344
2017-05-28 09:49:51.09,-918.148,2664.545,2417.644
2017-05-28 09:49:56.08,-920.300,2664.999,2416.058
2017-05-28 09:50:01.07,-921.356,2663.570,2413.592
2017-05-28 09:50:06.06,-921.900,2661.476,2416.070
2017-05-28 09:50:11.05,-924.573,2658.470,2414.685
2017-05-28 09:50:16.05,-920.903,2660.287,2417.212
2017-05-28 09:50:21.04,-920.624,2660.171,2417.432
2017-05-28 09:50:26.03,-921.979,2661.974,2420.433
2017-05-28 09:50:31.02,-921.362,2662.886,2423.573
2017-05-28 09:50:36.01,-922.136,2663.023,2420.722
2017-05-28 09:50:41.00,-922.591,2662.504,2421.418
2017-05-28 09:50:45.99,-921.398,2662.164,2419.565
2017-05-28 09:50:51.00,-922.745,2660.185,2422.952
2017-05-28 09:50:55.99,-921.729,2661.136,2420.604
2017-05-28 09:51:00.98,-921.210,2658.328,2416.989
2017-05-28 09:51:05.97,-919.724,2660.644,2417.102
2017-05-28 09:51:10.97,-919.498,2659.325,2419.348
2017-05-28 09:51:15.96,-921.186,2658.311,2419.752
2017-05-28 09:51:20.95,-920.787,2657.732,2418.055
2017-05-28 09:51:25.94,-919.824,2658.309,2420.518
2017-05-28 09:51:30.93,-918.549,2658.083,2421.574
2017-05-28 09:51:35.92,-918.493,2661.677,2420.372
2017-05-28 09:51:40.91,-916.753,2662.462,2421.387
2017-05-28 09:51:45.90,-916.536,2664.312,2417.500
2017-05-28 09:51:50.89,-920.929,2660.231,2417.655
2017-05-28 09:51:55.89,-921.177,2659.728,2417.811
2017-05-28 09:52:00.88,-919.289,2663.345,2418.214
2017-05-28 09:52:05.87,-919.638,2661.951,2420.652
2017-05-28 09:52:10.86,-920.545,2663.749,2418.267
2017-05-28 09:52:15.85,-923.777,2658.042,2421.548
2017-05-28 09:52:20.84,-918.852,2660.581,2417.357
2017-05-28 09:52:25.83,-917.405,2663.350,2416.673
2017-05-28 09:52:30.82,-920.689,2662.574,2422.809
2017-05-28 09:52:35.81,-919.732,2662.490,2421.565
2017-05-28 09:52:40.81,-917.279,2665.398,2422.709
2017-05-28 09:52:45.80,-915.918,2665.582,2419.949
2017-05-28 09:52:50.79,-915.995,2668.201,2422.484
2017-05-28 09:52:55.78,-917.406,2664.768,2419.023
2017-05-28 09:53:00.77,-917.448,2665.241,2417.549
2017-05-28 09:53:05.76,-917.655,2664.502,2418.605
2017-05-28 09:53:10.75,-920.636,2663.292,2418.010
2017-05-28 09:53:15.74,-918.506,2663.013,2418.432
2017-05-28 09:53:20.73,-916.879,2663.894,2416.893
2017-05-28 09:53:25.73,-916.909,2665.767,2421.003
2017-05-28 09:53:30.72,-916.429,2668.489,2420.626
2017-05-28 09:53:35.71,-916.972,2666.278,2418.492
2017-05-28 09:53:40.72,-916.912,2667.803,2420.326
2017-05-28 09:53:45.71,-913.351,2667.394,2419.599
2017-05-28 09:53:50.70,-915.257,2665.002,2415.687
2017-05-28 09:53:55.69,-915.238,2666.706,2415.904
2017-05-28 09:54:00.68,-912.706,2667.242,2417.299
2017-05-28 09:54:05.67,-912.337,2670.681,2413.905
2017-05-28 09:54:10.66,-910.690,2672.365,2414.950
2017-05-28 09:54:15.65,-911.104,2668.582,2415.705
2017-05-28 09:54:20.64,-911.616,2668.343,2415.909
2017-05-28 09:54:25.64,-913.150,2668.586,2414.188
2017-05-28 09:54:30.63,-913.396,2667.154,2413.351
2017-05-28 09:54:35.62,-910.396,2670.586,2415.518
2017-05-28 09:54:40.61,-912.152,2668.513,2415.072
2017-05-28 09:54:45.60,-912.262,2668.799,2413.186
2017-05-28 09:54:50.59,-910.480,2669.575,2414.212
2017-05-28 09:54:55.58,-910.723,2670.008,2414.402
2017-05-28 09:55:00.57,-911.539,2672.525,2412.813
2017-05-28 09:55:05.57,-914.761,2668.745,2410.424
2017-05-28 09:55:10.56,-916.205,2669.177,2411.117
2017-05-28 09:55:15.55,-913.780,2671.082,2411.042
2017-05-28 09:55:20.54,-913.675,2669.701,2408.753
2017-05-28 09:55:25.53,-911.962,2670.029,2409.045
2017-05-28 09:55:30.52,-911.374,2671.456,2410.625
2017-05-28 09:55:35.53,-913.258,2671.714,2415.531
2017-05-28 09:55:40.52,-913.232,2670.851,2415.142
2017-05-28 09:55:45.51,-912.334,2671.538,2414.192
2017-05-28 09:55:50.50,-913.689,2671.116,2415.315
2017-05-28 09:55:55.49,-910.598,2670.709,2414.613
2017-05-28 09:56:00.48,-910.396,2670.635,2410.428
2017-05-28 09:56:05.48,-908.295,2672.178,2410.997
2017-05-28 09:56:10.47,-907.711,2673.504,2416.526
2017-05-28 09:56:15.46,-911.340,2669.698,2417.594
2017-05-28 09:56:20.45,-910.036,2669.954,2419.681
2017-05-28 09:56:25.44,-910.269,2669.692,2417.197
2017-05-28 09:56:30.43,-907.231,2670.189,2417.528
2017-05-28 09:56:35.42,-908.546,2671.013,2415.249
2017-05-28 09:56:40.41,-906.917,2671.964,2414.762
2017-05-28 09:56:45.40,-908.498,2672.887,2416.984
2017-05-28 09:56:50.40,-908.532,2673.059,2415.271
2017-05-28 09:56:55.39,-910.616,2673.517,2412.859
2017-05-28 09:57:00.38,-913.059,2673.865,2416.515
2017-05-28 09:57:05.37,-909.541,2672.027,2416.075
2017-05-28 09:57:10.36,-912.369,2671.073,2417.433
2017-05-28 09:57:15.35,-912.086,2670.234,2419.577
2017-05-28 09:57:20.36,-916.143,2669.563,2419.765
2017-05-28 09:57:25.35,-915.747,2668.188,2421.477
2017-05-28 09:57:30.34,-915.861,2666.809,2421.333
2017-05-28 09:57:35.33,-914.834,2667.719,2425.503
2017-05-28 09:57:40.32,-916.889,2668.290,2423.335
2017-05-28 09:57:45.31,-917.838,2665.071,2419.872
2017-05-28 09:57:50.31,-915.574,2667.467,2418.987
2017-05-28 09:57:55.30,-915.151,2665.177,2419.739
2017-05-28 09:58:00.29,-913.236,2665.069,2418.411
2017-05-28 09:58:05.28,-911.900,2667.040,2416.611
2017-05-28 09:58:10.27,-911.318,2667.172,2418.391
2017-05-28 09:58:15.26,-913.103,2667.227,2421.649
2017-05-28 09:58:20.25,-914.315,2667.081,2418.323
2017-05-28 09:58:25.24,-913.288,2667.935,2415.173
2017-05-28 09:58:30.24,-912.426,2666.239,2417.697
2017-05-28 09:58:35.23,-914.080,2665.312,2416.565
2017-05-28 09:58:40.23,-915.265,2664.855,2415.513
2017-05-28 09:58:45.22,-914.653,2664.948,2415.148
2017-05-28 09:58:50.22,-915.322,2665.651,2417.357
2017-05-28 09:58:55.21,-915.935,2666.443,2415.768
2017-05-28 09:59:00.20,-915.054,2664.927,2415.907
2017-05-28 09:59:05.19,-913.548,2664.862,2416.129
2017-05-28 09:59:10.18,-913.656,2662.627,2417.064
2017-05-28 09:59:15.17,-917.797,2662.072,2412.423
2017-05-28 09:59:20.16,-917.589,2661.782,2414.401
2017-05-28 09:59:25.15,-916.465,2666.221,2418.394
2017-05-28 09:59:30.15,-914.625,2665.144,2414.947
2017-05-28 09:59:35.14,-914.806,2664.732,2414.050
2017-05-28 09:59:40.13,-918.199,2662.934,2412.311
2017-05-28 09:59:45.12,-920.353,2660.776,2412.126
2017-05-28 09:59:50.11,-920.544,2662.712,2411.734
2017-05-28 09:59:55.10,-921.001,2661.468,2411.380
2017-05-28 10:00:00.09,-919.253,2663.281,2415.152
2017-05-28 10:00:05.08,-918.639,2659.819,2414.532
2017-05-28 10:00:10.07,-914.328,2660.408,2412.352
2017-05-28 10:00:15.07,-915.620,2662.777,2413.398
2017-05-28 10:00:20.06,-920.087,2662.425,2412.779
2017-05-28 10:00:25.06,-919.358,2660.505,2412.693
2017-05-28 10:00:30.05,-916.509,2660.013,2414.675
2017-05-28 10:00:35.05,-919.286,2659.649,2416.505
2017-05-28 10:00:40.04,-919.909,2662.354,2417.408
2017-05-28 10:00:45.03,-922.235,2662.768,2417.012
2017-05-28 10:00:50.02,-921.245,2664.625,2416.379
2017-05-28 10:00:55.01,-921.714,2664.042,2418.093
2017-05-28 10:01:00.00,-924.473,2663.833,2414.286
2017-05-28 10:01:04.99,-923.682,2661.979,2413.311
2017-05-28 10:01:09.98,-923.349,2661.752,2412.115
2017-05-28 10:01:14.98,-921.144,2660.864,2409.359
2017-05-28 10:01:19.97,-918.947,2664.068,2409.419
2017-05-28 10:01:24.96,-916.848,2665.106,2410.678
2017-05-28 10:01:29.95,-919.557,2662.975,2411.362
2017-05-28 10:01:34.94,-918.779,2664.704,2414.523
2017-05-28 10:01:39.93,-918.446,2664.321,2412.578
2017-05-28 10:01:44.92,-919.261,2660.824,2413.260
2017-05-28 10:01:49.92,-921.392,2659.082,2413.609
2017-05-28 10:01:54.91,-920.696,2659.768,2417.113
2017-05-28 10:01:59.90,-920.709,2660.516,2415.995
2017-05-28 10:02:04.89,-919.149,2661.628,2416.047
2017-05-28 10:02:09.88,-919.014,2660.991,2416.192
2017-05-28 10:02:14.87,-920.176,2660.265,2418.213
2017-05-28 10:02:19.88,-922.626,2660.028,2416.437
2017-05-28 10:02:24.87,-922.735,2659.657,2417.575
2017-05-28 10:02:29.86,-926.300,2656.121,2416.484
2017-05-28 10:02:34.85,-927.024,2657.331,2414.326
2017-05-28 10:02:39.84,-926.232,2658.625,2411.467
2017-05-28 10:02:44.83,-927.688,2659.439,2415.151
2017-05-28 10:02:49.82,-924.552,2657.921,2416.210
2017-05-28 10:02:54.82,-925.161,2659.957,2417.820
2017-05-28 10:02:59.81,-924.694,2659.978,2416.214
2017-05-28 10:03:04.80,-924.362,2659.997,2415.750
2017-05-28 10:03:09.79,-923.655,2659.828,2414.008
2017-05-28 10:03:14.78,-926.592,2657.153,2415.418
2017-05-28 10:03:19.77,-925.188,2658.933,2410.036
2017-05-28 10:03:24.76,-927.208,2657.547,2415.677
2017-05-28 10:03:29.75,-927.624,2656.916,2414.612
2017-05-28 10:03:34.75,-925.539,2656.646,2413.958
2017-05-28 10:03:39.74,-927.243,2657.782,2413.584
2017-05-28 10:03:44.73,-928.448,2659.812,2414.802
2017-05-28 10:03:49.72,-928.386,2660.640,2412.334
2017-05-28 10:03:54.71,-925.069,2663.009,2412.242
2017-05-28 10:03:59.70,-927.522,2661.906,2411.751
2017-05-28 10:04:04.69,-926.894,2661.332,2410.335
2017-05-28 10:04:09.70,-921.885,2658.778,2412.215
2017-05-28 10:04:14.69,-924.583,2661.392,2410.401
2017-05-28 10:04:19.68,-924.790,2659.895,2413.566
2017-05-28 10:04:24.67,-925.816,2657.500,2413.489
2017-05-28 10:04:29.67,-927.275,2656.041,2416.452
2017-05-28 10:04:34.66,-927.765,2654.801,2419.279
2017-05-28 10:04:39.65,-928.319,2656.309,2413.539
2017-05-28 10:04:44.64,-927.394,2656.781,2414.254
2017-05-28 10:04:49.63,-926.718,2658.067,2414.407
2017-05-28 10:04:54.62,-929.631,2656.150,2417.639
2017-05-28 10:04:59.61,-929.541,2656.253,2418.962
2017-05-28 10:05:04.60,-925.812,2656.679,2414.648
2017-05-28 10:05:09.59,-925.491,2655.654,2413.829
2017-05-28 10:05:14.59,-927.821,2654.745,2416.909
2017-05-28 10:05:19.58,-923.389,2657.904,2414.673
2017-05-28 10:05:24.57,-925.194,2655.596,2414.929
2017-05-28 10:05:29.56,-926.391,2654.833,2415.419
2017-05-28 10:05:34.55,-925.096,2657.276,2415.003
2017-05-28 10:05:39.56,-928.674,2654.615,2416.445
2017-05-28 10:05:44.55,-926.729,2655.267,2413.403
2017-05-28 10:05:49.54,-929.358,2656.152,2415.978
2017-05-28 10:05:54.53,-930.774,2656.614,2414.894
2017-05-28 10:05:59.52,-930.307,2657.081,2415.916
2017-05-28 10:06:04.51,-927.835,2655.925,2416.666
2017-05-28 10:06:09.51,-930.010,2654.963,2421.126
2017-05-28 10:06:14.50,-927.168,2652.767,2415.378
2017-05-28 10:06:19.49,-928.116,2651.235,2415.026
2017-05-28 10:06:24.48,-926.444,2653.457,2414.678
2017-05-28 10:06:29.47,-924.674,2654.048,2417.002
2017-05-28 10:06:34.46,-925.092,2653.775,2420.639
2017-05-28 10:06:39.45,-928.768,2654.579,2422.102
2017-05-28 10:06:44.44,-928.395,2654.423,2422.123
2017-05-28 10:06:49.43,-929.674,2654.036,2423.928
2017-05-28 10:06:54.43,-933.036,2652.042,2420.899
2017-05-28 10:06:59.42,-932.725,2653.681,2422.287
2017-05-28 10:07:04.41,-930.734,2652.329,2423.606
2017-05-28 10:07:09.40,-927.294,2655.104,2421.984
2017-05-28 10:07:14.39,-927.819,2655.053,2421.183
2017-05-28 10:07:19.38,-925.581,2654.306,2420.046
2017-05-28 10:07:24.37,-929.386,2653.532,2422.082
2017-05-28 10:07:29.36,-929.808,2654.625,2419.059
2017-05-28 10:07:34.36,-928.636,2654.255,2417.846
2017-05-28 10:07:39.35,-929.247,2651.449,2415.751
2017-05-28 10:07:44.34,-927.368,2649.655,2421.815
2017-05-28 10:07:49.35,-928.784,2648.638,2420.431
2017-05-28 10:07:54.34,-925.229,2650.698,2425.279
2017-05-28 10:07:59.33,-925.439,2651.964,2423.003
2017-05-28 10:08:04.32,-930.046,2647.531,2416.950
2017-05-28 10:08:09.31,-930.235,2650.406,2417.918
2017-05-28 10:08:14.30,-929.312,2649.338,2416.460
2017-05-28 10:08:19.29,-929.910,2649.205,2418.932
2017-05-28 10:08:24.28,-928.421,2651.925,2414.809
2017-05-28 10:08:29.27,-926.822,2652.238,2419.044
2017-05-28 10:08:34.27,-928.240,2654.490,2418.598
2017-05-28 10:08:39.26,-927.906,2653.642,2416.528
2017-05-28 10:08:44.25,-923.786,2656.803,2417.848
2017-05-28 10:08:49.24,-926.562,2656.135,2416.126
2017-05-28 10:08:54.23,-928.522,2656.199,2417.895
2017-05-28 10:08:59.22,-927.693,2655.186,2417.556
2017-05-28 10:09:04.21,-927.754,2654.908,2416.452
2017-05-28 10:09:09.20,-928.284,2653.385,2420.268
2017-05-28 10:09:14.20,-928.010,2652.404,2417.168
2017-05-28 10:09:19.19,-927.531,2654.602,2418.373
2017-05-28 10:09:24.18,-928.613,2653.994,2420.750
2017-05-28 10:09:29.17,-927.592,2654.819,2421.281
2017-05-28 10:09:34.16,-928.254,2655.072,2421.868
2017-05-28 10:09:39.15,-929.797,2654.684,2423.979
2017-05-28 10:09:44.14,-925.477,2655.404,2425.733
2017-05-28 10:09:49.13,-926.596,2655.702,2421.886
2017-05-28 10:09:54.12,-929.418,2655.616,2421.283
2017-05-28 10:09:59.12,-930.931,2655.865,2420.710
2017-05-28 10:10:04.11,-924.332,2658.329,2418.354
2017-05-28 10:10:09.10,-926.287,2657.603,2419.388
2017-05-28 10:10:14.11,-926.618,2658.632,2421.666
2017-05-28 10:10:19.10,-924.101,2661.000,2420.407
2017-05-28 10:10:24.09,-924.038,2661.020,2422.617
2017-05-28 10:10:29.08,-924.973,2658.765,2421.829
2017-05-28 10:10:34.07,-925.646,2659.718,2419.732
2017-05-28 10:10:39.06,-923.698,2659.458,2422.701
2017-05-28 10:10:44.05,-925.331,2656.333,2419.981
2017-05-28 10:10:49.04,-921.285,2660.022,2420.778
2017-05-28 10:10:54.04,-918.425,2662.031,2422.001
2017-05-28 10:10:59.03,-920.157,2662.293,2422.174
2017-05-28 10:11:04.02,-921.329,2661.318,2418.939
2017-05-28 10:11:09.01,-920.249,2664.885,2422.095
2017-05-28 10:11:14.00,-921.812,2663.477,2425.343
2017-05-28 10:11:18.99,-920.615,2664.173,2425.609
2017-05-28 10:11:23.98,-917.966,2664.846,2418.396
2017-05-28 10:11:28.97,-918.361,2662.989,2419.984
2017-05-28 10:11:33.96,-919.096,2665.707,2421.947
2017-05-28 10:11:38.96,-920.412,2661.841,2418.342
2017-05-28 10:11:43.95,-920.909,2661.912,2417.902
2017-05-28 10:11:48.94,-921.391,2660.655,2421.500
2017-05-28 10:11:53.93,-920.202,2662.311,2420.638
2017-05-28 10:11:58.94,-919.955,2660.631,2421.885
2017-05-28 10:12:03.93,-923.288,2660.474,2419.456
2017-05-28 10:12:08.92,-919.629,2663.145,2418.712
2017-05-28 10:12:13.91,-920.683,2664.439,2417.106
2017-05-28 10:12:18.90,-917.489,2665.783,2420.322
2017-05-28 10:12:23.89,-916.540,2666.248,2420.068
2017-05-28 10:12:28.88,-915.011,2663.987,2418.331
2017-05-28 10:12:33.88,-917.715,2665.296,2419.283
2017-05-28 10:12:38.87,-916.296,2666.798,2419.196
2017-05-28 10:12:43.86,-916.609,2666.075,2417.124
2017-05-28 10:12:48.85,-914.358,2666.898,2419.145
2017-05-28 10:12:53.84,-917.480,2664.941,2415.912
2017-05-28 10:12:58.83,-917.031,2665.386,2416.892
2017-05-28 10:13:03.82,-916.036,2665.435,2420.309
2017-05-28 10:13:08.81,-914.589,2666.972,2423.435
2017-05-28 10:13:13.80,-914.321,2667.049,2417.889
2017-05-28 10:13:18.80,-915.036,2668.098,2416.888
2017-05-28 10:13:23.79,-914.684,2666.974,2416.899
2017-05-28 10:13:28.79,-912.282,2667.539,2416.112
2017-05-28 10:13:33.78,-912.351,2666.894,2417.272
2017-05-28 10:13:38.78,-910.812,2671.626,2417.817
2017-05-28 10:13:43.77,-909.799,2674.209,2415.162
2017-05-28 10:13:48.76,-912.478,2672.372,2418.104
2017-05-28 10:13:53.75,-909.905,2671.179,2413.791
2017-05-28 10:13:58.74,-909.596,2675.353,2415.553
2017-05-28 10:14:03.73,-908.339,2679.935,2416.004
2017-05-28 10:14:08.72,-912.924,2674.273,2419.639
2017-05-28 10:14:13.71,-912.662,2672.584,2417.712
2017-05-28 10:14:18.71,-910.718,2674.796,2419.906
2017-05-28 10:14:23.70,-913.686,2672.043,2418.299
2017-05-28 10:14:28.69,-912.771,2675.656,2416.487
2017-05-28 10:14:33.68,-910.888,2675.106,2411.666
2017-05-28 10:14:38.67,-910.935,2675.981,2415.477
2017-05-28 10:14:43.66,-911.522,2676.609,2415.712
2017-05-28 10:14:48.65,-911.489,2673.497,2416.977
2017-05-28 10:14:53.64,-905.791,2676.535,2413.729
2017-05-28 10:14:58.65,-904.949,2677.559,2415.187
2017-05-28 10:15:03.64,-906.790,2675.421,2417.438
2017-05-28 10:15:08.63,-904.062,2680.578,2413.289
2017-05-28 10:15:13.62,-906.133,2679.820,2415.030
2017-05-28 10:15:18.62,-900.499,2679.479,2413.392
2017-05-28 10:15:23.61,-901.005,2681.041,2415.338
2017-05-28 10:15:28.60,-901.951,2681.202,2411.979
2017-05-28 10:15:33.59,-902.646,2682.739,2411.732
2017-05-28 10:15:38.58,-901.749,2682.722,2409.104
2017-05-28 10:15:43.57,-900.912,2682.884,2412.219
2017-05-28 10:15:48.56,-897.572,2684.429,2410.868
2017-05-28 10:15:53.55,-899.656,2682.758,2411.275
2017-05-28 10:15:58.54,-900.306,2680.379,2412.015
2017-05-28 10:16:03.54,-900.475,2681.717,2412.224
2017-05-28 10:16:08.53,-900.089,2685.879,2412.899
2017-05-28 10:16:13.52,-894.213,2685.602,2413.427
2017-05-28 10:16:18.51,-896.424,2687.428,2414.088
2017-05-28 10:16:23.50,-897.042,2684.819,2413.495
2017-05-28 10:16:28.49,-896.696,2686.173,2415.429
2017-05-28 10:16:33.48,-895.779,2685.054,2416.422
2017-05-28 10:16:38.47,-896.563,2683.643,2413.350
2017-05-28 10:16:43.47,-896.001,2683.145,2414.778
2017-05-28 10:16:48.46,-892.365,2685.753,2412.351
2017-05-28 10:16:53.45,-894.978,2686.136,2411.702
2017-05-28 10:16:58.44,-891.967,2687.675,2412.125
2017-05-28 10:17:03.43,-888.045,2690.808,2411.895
2017-05-28 10:17:08.42,-890.454,2690.155,2415.665
2017-05-28 10:17:13.41,-890.304,2692.091,2411.148
2017-05-28 10:17:18.40,-887.336,2692.522,2415.154
2017-05-28 10:17:23.41,-888.349,2693.743,2414.979
2017-05-28 10:17:28.40,-886.596,2691.085,2412.118
2017-05-28 10:17:33.39,-887.982,2691.312,2415.625
2017-05-28 10:17:38.38,-888.569,2693.800,2416.329
2017-05-28 10:17:43.38,-886.376,2692.632,2415.934
2017-05-28 10:17:48.37,-886.341,2691.292,2416.070
2017-05-28 10:17:53.36,-886.786,2691.451,2411.899
2017-05-28 10:17:58.35,-885.662,2693.493,2409.785
2017-05-28 10:18:03.34,-887.120,2689.542,2414.267
2017-05-28 10:18:08.33,-888.587,2692.933,2409.974
2017-05-28 10:18:13.32,-886.981,2690.745,2410.099
2017-05-28 10:18:18.31,-885.950,2692.793,2409.940
2017-05-28 10:18:23.30,-882.921,2691.780,2412.112
2017-05-28 10:18:28.30,-884.061,2691.565,2408.972
2017-05-28 10:18:33.29,-889.054,2689.721,2412.378
2017-05-28 10:18:38.28,-889.084,2692.474,2410.121
2017-05-28 10:18:43.27,-884.342,2696.303,2409.241
2017-05-28 10:18:48.26,-883.489,2696.099,2411.448
2017-05-28 10:18:53.25,-884.828,2693.892,2408.954
2017-05-28 10:18:58.24,-884.773,2695.881,2413.549
2017-05-28 10:19:03.23,-884.649,2698.494,2409.702
2017-05-28 10:19:08.23,-886.131,2695.192,2411.844
2017-05-28 10:19:13.22,-889.432,2695.017,2414.685
2017-05-28 10:19:18.21,-885.355,2696.704,2410.803
2017-05-28 10:19:23.20,-882.892,2698.192,2410.105
2017-05-28 10:19:28.19,-886.645,2696.026,2411.971
2017-05-28 10:19:33.18,-885.504,2698.053,2414.794
2017-05-28 10:19:38.17,-885.292,2699.242,2413.463
2017-05-28 10:19:43.16,-884.601,2695.916,2413.539
2017-05-28 10:19:48.16,-883.938,2695.647,2412.835
2017-05-28 10:19:53.15,-885.955,2695.819,2412.682
2017-05-28 10:19:58.14,-886.394,2696.980,2412.855
2017-05-28 10:20:03.14,-886.176,2695.654,2417.825
2017-05-28 10:20:08.14,-883.096,2697.572,2413.290
2017-05-28 10:20:13.13,-884.916,2699.707,2412.546
2017-05-28 10:20:18.12,-884.234,2698.246,2413.452
2017-05-28 10:20:23.11,-884.615,2699.208,2412.827
2017-05-28 10:20:28.10,-882.571,2697.274,2412.688
2017-05-28 10:20:33.09,-881.687,2699.630,2410.136
2017-05-28 10:20:38.08,-884.175,2697.038,2411.701
2017-05-28 10:20:43.07,-880.757,2696.164,2410.725
2017-05-28 10:20:48.06,-878.678,2695.890,2412.885
2017-05-28 10:20:53.06,-879.665,2695.683,2413.018
2017-05-28 10:20:58.05,-879.007,2695.449,2414.506
2017-05-28 10:21:03.04,-878.952,2698.345,2412.694
2017-05-28 10:21:08.03,-877.989,2699.297,2413.487
2017-05-28 10:21:13.02,-877.100,2699.666,2411.247
2017-05-28 10:21:18.01,-875.649,2701.591,2412.528
2017-05-28 10:21:23.00,-878.259,2702.232,2411.615
2017-05-28 10:21:27.99,-880.351,2699.638,2410.489
2017-05-28 10:21:32.99,-879.668,2700.500,2412.846
2017-05-28 10:21:37.98,-880.207,2699.084,2414.091
2017-05-28 10:21:42.97,-881.125,2702.319,2411.202
2017-05-28 10:21:47.96,-885.134,2700.475,2415.194
2017-05-28 10:21:52.95,-883.154,2700.619,2414.868
2017-05-28 10:21:57.94,-880.872,2702.612,2415.247
2017-05-28 10:22:02.93,-879.922,2701.201,2412.108
2017-05-28 10:22:07.92,-882.806,2698.682,2419.247
2017-05-28 10:22:12.92,-884.391,2696.322,2415.620
2017-05-28 10:22:17.91,-882.229,2698.592,2418.478
2017-05-28 10:22:22.90,-884.229,2700.638,2416.795
2017-05-28 10:22:27.89,-884.486,2699.582,2413.705
2017-05-28 10:22:32.88,-884.352,2699.497,2412.776
2017-05-28 10:22:37.87,-884.319,2700.330,2416.082
2017-05-28 10:22:42.86,-883.025,2697.339,2418.417
2017-05-28 10:22:47.85,-881.291,2694.991,2419.825
2017-05-28 10:22:52.84,-882.748,2697.025,2419.046
2017-05-28 10:22:57.84,-881.372,2698.231,2417.771
2017-05-28 10:23:02.83,-879.064,2698.687,2418.051
2017-05-28 10:23:07.82,-879.801,2699.879,2418.578
2017-05-28 10:23:12.81,-880.421,2699.631,2414.840
2017-05-28 10:23:17.80,-879.434,2699.778,2415.384
2017-05-28 10:23:22.79,-880.484,2699.441,2416.646
2017-05-28 10:23:27.78,-877.470,2703.139,2417.655
2017-05-28 10:23:32.77,-879.219,2702.315,2414.876
2017-05-28 10:23:37.77,-877.874,2702.974,2412.010
2017-05-28 10:23:42.77,-877.785,2701.301,2413.841
2017-05-28 10:23:47.76,-876.160,2703.949,2413.257
2017-05-28 10:23:52.75,-875.862,2702.728,2415.232
2017-05-28 10:23:57.75,-876.815,2701.338,2411.102
2017-05-28 10:24:02.74,-877.777,2702.873,2410.789
2017-05-28 10:24:07.73,-875.958,2703.568,2415.129
2017-05-28 10:24:12.72,-877.415,2705.027,2413.711
2017-05-28 10:24:17.71,-879.282,2702.845,2412.444
2017-05-28 10:24:22.70,-875.548,2704.525,2413.701
2017-05-28 10:24:27.69,-874.395,2705.309,2409.659
2017-05-28 10:24:32.68,-875.028,2701.865,2413.350
2017-05-28 10:24:37.68,-873.648,2702.642,2415.296
2017-05-28 10:24:42.67,-874.094,2703.588,2412.639
2017-05-28 10:24:47.66,-870.315,2706.304,2414.545
2017-05-28 10:24:52.65,-871.732,2705.247,2411.569
2017-05-28 10:24:57.64,-870.686,2703.007,2412.520
2017-05-28 10:25:02.63,-871.285,2704.186,2410.816
2017-05-28 10:25:07.62,-870.924,2706.038,2410.140
2017-05-28 10:25:12.61,-874.392,2707.324,2411.813
2017-05-28 10:25:17.60,-871.624,2704.782,2413.582
2017-05-28 10:25:22.60,-869.909,2707.211,2412.427
2017-05-28 10:25:27.59,-870.597,2708.808,2412.438
2017-05-28 10:25:32.58,-870.343,2707.972,2412.593
2017-05-28 10:25:37.57,-871.108,2709.748,2412.625
2017-05-28 10:25:42.56,-870.418,2707.674,2412.922
2017-05-28 10:25:47.55,-872.291,2708.288,2414.619
2017-05-28 10:25:52.54,-872.143,2707.007,2416.245
2017-05-28 10:25:57.53,-869.991,2710.634,2414.985
2017-05-28 10:26:02.53,-872.699,2713.002,2413.112
2017-05-28 10:26:07.52,-870.171,2712.665,2410.445
2017-05-28 10:26:12.51,-867.617,2712.902,2415.616
2017-05-28 10:26:17.50,-869.638,2712.754,2415.738
2017-05-28 10:26:22.51,-869.189,2714.169,2418.758
2017-05-28 10:26:27.50,-868.201,2716.611,2414.135
2017-05-28 10:26:32.49,-871.831,2713.360,2413.461
2017-05-28 10:26:37.48,-871.434,2715.192,2412.782
2017-05-28 10:26:42.47,-869.690,2716.301,2412.418
2017-05-28 10:26:47.46,-868.615,2717.329,2411.712
2017-05-28 10:26:52.45,-867.427,2716.523,2411.711
2017-05-28 10:26:57.44,-867.039,2715.841,2412.839
2017-05-28 10:27:02.44,-866.476,2717.116,2410.339
2017-05-28 10:27:07.43,-865.685,2718.075,2409.664
2017-05-28 10:27:12.42,-866.040,2716.988,2409.262
2017-05-28 10:27:17.41,-863.440,2719.100,2409.002
2017-05-28 10:27:22.40,-864.151,2718.464,2409.114
2017-05-28 10:27:27.39,-865.048,2717.240,2407.556
2017-05-28 10:27:32.38,-864.022,2719.512,2407.394
2017-05-28 10:27:37.37,-861.086,2721.380,2406.928
2017-05-28 10:27:42.36,-863.221,2718.828,2408.872
2017-05-28 10:27:47.36,-865.202,2719.574,2405.793
2017-05-28 10:27:52.35,-859.706,2721.378,2404.084
2017-05-28 10:27:57.34,-862.728,2718.074,2407.735
2017-05-28 10:28:02.33,-860.268,2722.063,2404.075
2017-05-28 10:28:07.32,-860.024,2723.289,2408.779
2017-05-28 10:28:12.31,-860.397,2720.329,2408.463
2017-05-28 10:28:17.30,-860.326,2723.020,2408.134
2017-05-28 10:28:22.29,-857.203,2725.779,2408.757
2017-05-28 10:28:27.30,-855.567,2723.157,2408.542
2017-05-28 10:28:32.29,-855.708,2722.579,2408.971
2017-05-28 10:28:37.28,-858.113,2724.515,2411.818
2017-05-28 10:28:42.28,-855.126,2727.520,2412.705
2017-05-28 10:28:47.27,-854.259,2727.497,2410.449
2017-05-28 10:28:52.26,-851.925,2729.941,2410.317
2017-05-28 10:28:57.25,-851.661,2729.268,2408.344
2017-05-28 10:29:02.24,-852.799,2728.770,2409.865
2017-05-28 10:29:07.23,-852.264,2729.256,2410.187
2017-05-28 10:29:12.22,-851.471,2729.174,2406.982
2017-05-28 10:29:17.21,-852.541,2728.562,2408.215
2017-05-28 10:29:22.20,-855.802,2729.265,2409.795
2017-05-28 10:29:27.20,-850.664,2731.673,2408.535
2017-05-28 10:29:32.19,-851.526,2731.051,2411.459
2017-05-28 10:29:37.18,-854.081,2729.584,2412.990
2017-05-28 10:29:42.17,-852.349,2729.974,2413.170
2017-05-28 10:29:47.16,-849.649,2731.441,2414.228
2017-05-28 10:29:52.15,-850.108,2731.631,2414.292
2017-05-28 10:29:57.14,-846.793,2734.901,2416.101
2017-05-28 10:30:02.13,-847.768,2733.437,2412.762
2017-05-28 10:30:07.12,-847.553,2732.508,2411.397
2017-05-28 10:30:12.12,-845.508,2734.694,2412.121
2017-05-28 10:30:17.11,-848.222,2735.678,2411.260
2017-05-28 10:30:22.10,-845.677,2736.837,2411.996
2017-05-28 10:30:27.09,-843.850,2739.867,2412.162
2017-05-28 10:30:32.08,-843.942,2736.520,2406.237
2017-05-28 10:30:37.07,-841.248,2736.599,2408.232
2017-05-28 10:30:42.06,-839.558,2739.130,2408.196
2017-05-28 10:30:47.05,-840.095,2739.483,2408.807
2017-05-28 10:30:52.06,-841.268,2737.407,2409.894
2017-05-28 10:30:57.05,-838.961,2739.975,2410.169
2017-05-28 10:31:02.04,-839.990,2740.506,2410.478
2017-05-28 10:31:07.04,-841.758,2740.722,2409.404
2017-05-28 10:31:12.03,-841.592,2740.587,2408.656
2017-05-28 10:31:17.02,-838.993,2742.238,2407.280
2017-05-28 10:31:22.01,-836.792,2741.853,2408.212
2017-05-28 10:31:27.00,-840.468,2738.292,2409.674
2017-05-28 10:31:31.99,-839.308,2739.332,2407.172
2017-05-28 10:31:36.98,-836.002,2742.381,2409.071
2017-05-28 10:31:41.97,-837.148,2741.415,2414.154
2017-05-28 10:31:46.96,-838.585,2740.938,2413.523
2017-05-28 10:31:51.96,-838.437,2739.543,2418.154
2017-05-28 10:31:56.95,-833.842,2739.632,2414.598
2017-05-28 10:32:01.94,-836.378,2738.574,2412.884
2017-05-28 10:32:06.93,-837.764,2738.229,2413.129
2017-05-28 10:32:11.92,-836.059,2741.724,2412.340
2017-05-28 10:32:16.91,-834.809,2744.221,2410.923
2017-05-28 10:32:21.90,-835.071,2742.730,2413.013
2017-05-28 10:32:26.89,-834.116,2745.008,2407.668
2017-05-28 10:32:31.88,-834.338,2744.199,2407.995
2017-05-28 10:32:36.88,-833.951,2744.062,2411.435
2017-05-28 10:32:41.87,-835.787,2744.482,2415.688
2017-05-28 10:32:46.86,-837.584,2743.272,2414.902
2017-05-28 10:32:51.85,-835.220,2743.512,2415.580
2017-05-28 10:32:56.84,-832.770,2744.369,2417.003
2017-05-28 10:33:01.83,-833.324,2744.230,2412.277
2017-05-28 10:33:06.82,-834.077,2745.523,2412.554
2017-05-28 10:33:11.83,-831.711,2745.419,2414.435
2017-05-28 10:33:16.82,-831.338,2745.901,2415.906
2017-05-28 10:33:21.81,-830.164,2744.703,2412.948
2017-05-28 10:33:26.80,-830.192,2746.333,2412.508
2017-05-28 10:33:31.80,-830.955,2746.120,2410.032
2017-05-28 10:33:36.79,-829.572,2747.778,2410.418
2017-05-28 10:33:41.78,-828.642,2747.679,2405.565
2017-05-28 10:33:46.77,-826.902,2747.576,2405.831
2017-05-28 10:33:51.76,-828.702,2746.271,2409.306
2017-05-28 10:33:56.75,-831.499,2744.388,2411.609
2017-05-28 10:34:01.74,-828.584,2743.991,2411.152
2017-05-28 10:34:06.73,-828.676,2742.858,2412.536
2017-05-28 10:34:11.72,-826.084,2748.349,2410.059
2017-05-28 10:34:16.72,-829.349,2747.698,2408.942
2017-05-28 10:34:21.71,-831.045,2743.944,2411.684
2017-05-28 10:34:26.70,-830.976,2746.309,2411.372
2017-05-28 10:34:31.69,-829.671,2746.985,2410.208
2017-05-28 10:34:36.68,-828.259,2746.950,2409.503
2017-05-28 10:34:41.67,-831.066,2744.775,2409.804
2017-05-28 10:34:46.66,-832.226,2745.096,2409.950
2017-05-28 10:34:51.65,-829.973,2744.194,2413.000
2017-05-28 10:34:56.64,-828.104,2747.188,2411.665
2017-05-28 10:35:01.64,-826.939,2750.325,2411.281
2017-05-28 10:35:06.63,-828.768,2750.870,2409.559
2017-05-28 10:35:11.62,-829.276,2748.029,2412.468
2017-05-28 10:35:16.61,-829.041,2748.964,2410.209
2017-05-28 10:35:21.60,-824.768,2749.174,2410.972
2017-05-28 10:35:26.59,-828.027,2751.422,2410.144
2017-05-28 10:35:31.58,-826.593,2749.881,2410.591
2017-05-28 10:35:36.59,-827.153,2747.688,2410.728
2017-05-28 10:35:41.58,-824.354,2749.750,2412.115
2017-05-28 10:35:46.57,-826.245,2752.531,2412.129
2017-05-28 10:35:51.56,-824.055,2751.704,2407.174
2017-05-28 10:35:56.56,-826.387,2748.948,2411.339
2017-05-28 10:36:01.55,-825.561,2748.729,2408.737
2017-05-28 10:36:06.54,-823.639,2748.612,2405.648
2017-05-28 10:36:11.53,-822.255,2750.346,2404.980
2017-05-28 10:36:16.52,-826.216,2750.296,2404.023
2017-05-28 10:36:21.51,-823.957,2750.366,2403.611
2017-05-28 10:36:26.50,-824.383,2750.915,2407.678
2017-05-28 10:36:31.49,-825.711,2749.600,2404.785
2017-05-28 10:36:36.48,-821.826,2754.159,2405.233
2017-05-28 10:36:41.48,-822.137,2752.926,2408.551
2017-05-28 10:36:46.47,-824.341,2752.798,2409.303
2017-05-28 10:36:51.46,-822.250,2754.507,2407.850
2017-05-28 10:36:56.45,-822.469,2752.386,2408.262
2017-05-28 10:37:01.44,-823.959,2752.419,2408.955
2017-05-28 10:37:06.43,-821.634,2751.919,2405.759
2017-05-28 10:37:11.42,-822.645,2751.000,2405.637
2017-05-28 10:37:16.41,-821.922,2751.673,2409.456
2017-05-28 10:37:21.40,-821.546,2753.885,2407.255
2017-05-28 10:37:26.40,-822.645,2750.351,2412.581
2017-05-28 10:37:31.39,-819.289,2751.065,2413.561
2017-05-28 10:37:36.38,-817.266,2751.577,2412.494
2017-05-28 10:37:41.37,-818.519,2752.465,2409.180
2017-05-28 10:37:46.36,-822.777,2752.456,2409.988
2017-05-28 10:37:51.35,-822.318,2752.355,2410.312
2017-05-28 10:37:56.34,-821.095,2753.076,2410.118
2017-05-28 10:38:01.33,-821.195,2753.061,2410.768
2017-05-28 10:38:06.32,-821.488,2755.221,2411.421
2017-05-28 10:38:11.32,-817.607,2754.449,2413.343
2017-05-28 10:38:16.31,-820.020,2753.784,2409.156
2017-05-28 10:38:21.30,-819.875,2752.513,2409.056
2017-05-28 10:38:26.29,-820.946,2754.016,2410.346
2017-05-28 10:38:31.28,-820.984,2752.253,2410.270
2017-05-28 10:38:36.29,-818.997,2755.868,2411.028
2017-05-28 10:38:41.28,-817.358,2754.184,2408.937
2017-05-28 10:38:46.27,-816.982,2752.684,2414.209
2017-05-28 10:38:51.26,-814.258,2753.854,2411.576
2017-05-28 10:38:56.25,-814.785,2753.649,2411.541
2017-05-28 10:39:01.24,-818.362,2753.088,2409.268
2017-05-28 10:39:06.24,-819.947,2754.530,2411.012
2017-05-28 10:39:11.23,-815.505,2753.786,2406.051
2017-05-28 10:39:16.22,-816.102,2752.432,2409.343
2017-05-28 10:39:21.21,-813.752,2754.143,2409.135
2017-05-28 10:39:26.20,-813.439,2754.182,2405.613
2017-05-28 10:39:31.19,-814.454,2754.505,2406.376
2017-05-28 10:39:36.18,-813.526,2754.320,2406.605
2017-05-28 10:39:41.17,-814.456,2755.423,2409.512
2017-05-28 10:39:46.16,-811.076,2757.109,2409.734
2017-05-28 10:39:51.16,-812.365,2757.435,2409.442
2017-05-28 10:39:56.15,-813.525,2755.260,2414.085
2017-05-28 10:40:01.14,-815.736,2753.482,2411.624
2017-05-28 10:40:06.13,-815.172,2756.497,2412.967
2017-05-28 10:40:11.12,-816.391,2755.394,2408.923
2017-05-28 10:40:16.11,-813.152,2754.701,2407.718
2017-05-28 10:40:21.10,-813.932,2757.685,2410.040
2017-05-28 10:40:26.09,-814.527,2756.204,2414.872
2017-05-28 10:40:31.08,-813.067,2755.818,2414.665
2017-05-28 10:40:36.08,-814.348,2756.515,2414.102
2017-05-28 10:40:41.07,-813.586,2756.189,2413.262
2017-05-28 10:40:46.06,-811.592,2758.042,2413.117
2017-05-28 10:40:51.05,-813.066,2756.865,2412.082
2017-05-28 10:40:56.04,-814.296,2757.538,2412.652
2017-05-28 10:41:01.03,-812.107,2757.742,2408.322
2017-05-28 10:41:06.02,-812.105,2757.537,2410.455
2017-05-28 10:41:11.01,-813.908,2757.368,2407.740
2017-05-28 10:41:16.01,-815.174,2757.043,2406.075
2017-05-28 10:41:21.01,-815.419,2757.238,2405.607
2017-05-28 10:41:26.00,-814.139,2758.529,2410.159
2017-05-28 10:41:31.00,-814.086,2759.038,2410.982
2017-05-28 10:41:35.99,-812.012,2760.520,2409.119
2017-05-28 10:41:40.98,-814.685,2759.578,2405.825
2017-05-28 10:41:45.97,-814.122,2760.679,2407.949
2017-05-28 10:41:50.96,-814.852,2759.041,2406.212
2017-05-28 10:41:55.95,-813.963,2760.482,2410.052
2017-05-28 10:42:00.94,-814.778,2756.351,2410.312
2017-05-28 10:42:05.93,-814.343,2755.590,2409.673
2017-05-28 10:42:10.92,-812.853,2757.202,2412.406
2017-05-28 10:42:15.92,-812.866,2756.648,2411.293
2017-05-28 10:42:20.91,-813.454,2758.263,2410.761
2017-05-28 10:42:25.90,-813.475,2757.680,2408.561
2017-05-28 10:42:30.89,-811.861,2758.504,2410.248
2017-05-28 10:42:35.88,-810.415,2760.810,2407.267
2017-05-28 10:42:40.87,-813.710,2758.647,2406.750
2017-05-28 10:42:45.86,-814.614,2759.688,2404.526
2017-05-28 10:42:50.85,-814.445,2759.937,2408.268
2017-05-28 10:42:55.84,-814.269,2758.980,2411.918
2017-05-28 10:43:00.84,-813.536,2760.154,2411.235
2017-05-28 10:43:05.83,-814.898,2758.836,2407.613
2017-05-28 10:43:10.82,-816.885,2760.779,2411.929
2017-05-28 10:43:15.81,-816.519,2760.221,2411.087
2017-05-28 10:43:20.80,-812.924,2760.690,2411.783
2017-05-28 10:43:25.79,-814.515,2761.763,2410.611
2017-05-28 10:43:30.78,-813.899,2762.017,2414.696
2017-05-28 10:43:35.77,-808.518,2761.831,2414.099
2017-05-28 10:43:40.77,-810.267,2762.609,2412.897
2017-05-28 10:43:45.76,-811.645,2761.925,2407.312
2017-05-28 10:43:50.75,-809.765,2761.477,2408.683
2017-05-28 10:43:55.74,-811.462,2762.623,2410.663
2017-05-28 10:44:00.73,-812.759,2762.096,2412.331
2017-05-28 10:44:05.72,-812.630,2763.564,2412.231
2017-05-28 10:44:10.71,-812.792,2764.385,2408.260
2017-05-28 10:44:15.70,-814.406,2760.652,2410.580
2017-05-28 10:44:20.70,-815.756,2761.209,2414.374
2017-05-28 10:44:25.69,-814.652,2760.888,2412.996
2017-05-28 10:44:30.68,-814.883,2761.366,2410.005
2017-05-28 10:44:35.68,-813.470,2759.061,2411.166
2017-05-28 10:44:40.68,-815.672,2760.101,2412.184
2017-05-28 10:44:45.67,-810.938,2762.446,2412.042
2017-05-28 10:44:50.66,-811.911,2762.445,2412.075
2017-05-28 10:44:55.65,-811.279,2761.583,2411.490
2017-05-28 10:45:00.64,-812.097,2761.862,2411.080
2017-05-28 10:45:05.63,-811.569,2762.178,2412.843
2017-05-28 10:45:10.62,-809.721,2762.649,2411.673
2017-05-28 10:45:15.61,-808.653,2763.273,2408.928
2017-05-28 10:45:20.60,-811.188,2762.702,2414.542
2017-05-28 10:45:25.60,-813.013,2758.178,2418.207
2017-05-28 10:45:30.59,-813.751,2760.577,2414.786
2017-05-28 10:45:35.58,-815.084,2762.421,2409.768
2017-05-28 10:45:40.57,-812.534,2762.199,2411.329
2017-05-28 10:45:45.56,-813.779,2760.644,2408.085
2017-05-28 10:45:50.55,-808.380,2762.700,2412.858
2017-05-28 10:45:55.54,-809.977,2763.940,2412.611
2017-05-28 10:46:00.53,-813.822,2763.899,2410.291
2017-05-28 10:46:05.53,-809.496,2765.936,2415.020
2017-05-28 10:46:10.52,-809.647,2764.531,2412.206
2017-05-28 10:46:15.51,-808.239,2765.377,2410.416
2017-05-28 10:46:20.50,-808.180,2762.420,2412.005
2017-05-28 10:46:25.49,-809.079,2763.121,2411.796
2017-05-28 10:46:30.48,-811.004,2762.536,2412.461
2017-05-28 10:46:35.47,-807.484,2761.355,2411.807
2017-05-28 10:46:40.46,-809.795,2761.247,2412.569
2017-05-28 10:46:45.46,-809.111,2762.955,2410.829
2017-05-28 10:46:50.45,-806.886,2761.760,2409.334
2017-05-28 10:46:55.44,-806.225,2763.614,2406.585
2017-05-28 10:47:00.43,-806.622,2765.053,2410.839
2017-05-28 10:47:05.42,-805.079,2764.929,2408.871
2017-05-28 10:47:10.41,-804.681,2765.056,2408.023
2017-05-28 10:47:15.40,-806.158,2764.822,2409.374
2017-05-28 10:47:20.39,-805.974,2764.238,2408.916
2017-05-28 10:47:25.38,-805.762,2762.886,2409.915
2017-05-28 10:47:30.38,-807.161,2763.162,2409.003
2017-05-28 10:47:35.38,-806.375,2762.999,2408.738
2017-05-28 10:47:40.37,-804.761,2764.642,2411.348
2017-05-28 10:47:45.36,-805.206,2764.786,2410.940
2017-05-28 10:47:50.36,-803.095,2767.082,2413.465
2017-05-28 10:47:55.35,-801.392,2768.369,2412.576
2017-05-28 10:48:00.34,-803.846,2766.974,2408.392
2017-05-28 10:48:05.33,-803.661,2769.154,2409.844
2017-05-28 10:48:10.32,-802.895,2767.870,2406.636
2017-05-28 10:48:15.31,-801.368,2769.271,2409.191
2017-05-28 10:48:20.30,-800.925,2769.237,2409.399
2017-05-28 10:48:25.29,-801.814,2769.378,2411.358
2017-05-28 10:48:30.29,-804.738,2767.326,2407.611
2017-05-28 10:48:35.28,-803.779,2769.846,2412.242
2017-05-28 10:48:40.27,-802.898,2768.181,2408.525
2017-05-28 10:48:45.26,-802.053,2766.637,2412.472
2017-05-28 10:48:50.25,-805.522,2764.529,2406.349
2017-05-28 10:48:55.24,-805.708,2765.673,2408.421
2017-05-28 10:49:00.23,-806.613,2764.611,2410.449
2017-05-28 10:49:05.22,-803.488,2766.871,2409.147
2017-05-28 10:49:10.21,-803.101,2766.041,2410.273
2017-05-28 10:49:15.21,-802.748,2765.770,2412.763
2017-05-28 10:49:20.20,-800.085,2765.807,2413.910
2017-05-28 10:49:25.19,-803.024,2765.199,2409.478
2017-05-28 10:49:30.18,-801.332,2765.612,2407.571
2017-05-28 10:49:35.17,-802.796,2765.108,2409.840
2017-05-28 10:49:40.16,-803.812,2764.403,2414.542
2017-05-28 10:49:45.15,-804.119,2765.022,2410.965
2017-05-28 10:49:50.14,-802.596,2764.812,2408.184
2017-05-28 10:49:55.14,-803.568,2764.870,2406.976
2017-05-28 10:50:00.13,-803.998,2767.865,2410.219
2017-05-28 10:50:05.12,-804.824,2769.132,2412.674
2017-05-28 10:50:10.11,-802.911,2767.854,2413.590
2017-05-28 10:50:15.10,-801.376,2766.695,2408.900
2017-05-28 10:50:20.09,-799.580,2768.872,2409.086
2017-05-28 10:50:25.08,-801.803,2767.760,2415.588
2017-05-28 10:50:30.07,-800.276,2769.346,2413.874
2017-05-28 10:50:35.06,-799.203,2767.522,2411.676
2017-05-28 10:50:40.07,-800.881,2764.604,2414.762
2017-05-28 10:50:45.06,-801.145,2765.957,2414.997
2017-05-28 10:50:50.05,-800.554,2766.207,2412.031
2017-05-28 10:50:55.05,-800.250,2767.207,2415.728
2017-05-28 10:51:00.04,-798.724,2766.735,2415.205
2017-05-28 10:51:05.03,-796.700,2771.098,2414.372
2017-05-28 10:51:10.02,-795.522,2771.109,2413.811
2017-05-28 10:51:15.01,-794.266,2770.561,2410.815
2017-05-28 10:51:20.00,-792.062,2770.457,2411.579
2017-05-28 10:51:24.99,-793.796,2768.705,2411.239
2017-05-28 10:51:29.98,-797.519,2769.151,2413.833
2017-05-28 10:51:34.97,-801.421,2769.947,2409.387
2017-05-28 10:51:39.97,-800.179,2772.349,2408.689
2017-05-28 10:51:44.96,-797.530,2773.379,2407.553
2017-05-28 10:51:49.95,-794.854,2772.734,2410.894
2017-05-28 10:51:54.94,-793.045,2774.840,2411.861
2017-05-28 10:51:59.93,-796.359,2775.608,2412.417
2017-05-28 10:52:04.92,-794.888,2771.097,2411.421
2017-05-28 10:52:09.91,-795.274,2769.708,2411.909
2017-05-28 10:52:14.90,-795.018,2770.000,2409.320
2017-05-28 10:52:19.90,-795.648,2768.716,2408.088
2017-05-28 10:52:24.89,-795.198,2770.565,2410.244
2017-05-28 10:52:29.88,-794.426,2771.783,2409.903
2017-05-28 10:52:34.87,-794.167,2770.568,2409.395
2017-05-28 10:52:39.86,-793.445,2774.240,2407.986
2017-05-28 10:52:44.85,-796.568,2774.255,2407.932
2017-05-28 10:52:49.84,-795.036,2775.232,2410.489
2017-05-28 10:52:54.85,-793.619,2773.421,2413.077
2017-05-28 10:52:59.84,-796.595,2770.918,2413.084
2017-05-28 10:53:04.83,-795.515,2772.987,2411.533
2017-05-28 10:53:09.82,-796.720,2773.858,2409.105
2017-05-28 10:53:14.81,-796.446,2775.633,2409.188
2017-05-28 10:53:19.81,-791.810,2775.396,2407.838
2017-05-28 10:53:24.80,-790.579,2774.704,2410.093
2017-05-28 10:53:29.79,-793.605,2774.036,2407.449
2017-05-28 10:53:34.78,-789.112,2777.053,2404.829
2017-05-28 10:53:39.77,-791.049,2774.757,2405.464
2017-05-28 10:53:44.76,-789.825,2776.337,2404.977
2017-05-28 10:53:49.75,-792.386,2775.566,2408.656
2017-05-28 10:53:54.74,-792.419,2774.433,2411.404
2017-05-28 10:53:59.73,-793.061,2772.808,2412.819
2017-05-28 10:54:04.73,-791.047,2774.846,2414.447
2017-05-28 10:54:09.72,-791.541,2775.851,2416.378
2017-05-28 10:54:14.71,-794.741,2775.832,2413.915
2017-05-28 10:54:19.70,-791.686,2776.641,2413.753
2017-05-28 10:54:24.69,-794.393,2775.023,2414.811
2017-05-28 10:54:29.68,-794.364,2776.476,2415.671
2017-05-28 10:54:34.67,-794.304,2776.733,2417.067
2017-05-28 10:54:39.66,-796.996,2777.632,2415.345
2017-05-28 10:54:44.66,-793.339,2779.478,2413.455
2017-05-28 10:54:49.65,-793.032,2778.588,2415.773
2017-05-28 10:54:54.64,-790.883,2777.476,2415.796
2017-05-28 10:54:59.63,-791.184,2778.871,2414.803
2017-05-28 10:55:04.62,-787.400,2780.659,2413.785
2017-05-28 10:55:09.61,-785.766,2780.900,2415.459
2017-05-28 10:55:14.60,-787.525,2780.786,2417.101
2017-05-28 10:55:19.61,-787.794,2779.039,2414.576
2017-05-28 10:55:24.60,-786.613,2781.088,2411.559
2017-05-28 10:55:29.59,-784.642,2781.115,2414.288
2017-05-28 10:55:34.58,-785.393,2779.971,2414.284
2017-05-28 10:55:39.57,-785.415,2781.872,2414.474
2017-05-28 10:55:44.57,-786.260,2781.214,2413.738
2017-05-28 10:55:49.56,-781.627,2782.538,2411.215
2017-05-28 10:55:54.55,-782.287,2782.888,2409.113
2017-05-28 10:55:59.54,-780.904,2783.249,2411.222
2017-05-28 10:56:04.53,-780.232,2782.259,2410.912
2017-05-28 10:56:09.52,-782.824,2782.796,2409.625
2017-05-28 10:56:14.51,-781.451,2782.498,2411.825
2017-05-28 10:56:19.50,-782.935,2783.745,2411.558
2017-05-28 10:56:24.49,-779.544,2781.646,2412.388
2017-05-28 10:56:29.49,-781.104,2779.782,2412.345
2017-05-28 10:56:34.48,-780.084,2783.062,2410.756
2017-05-28 10:56:39.47,-782.060,2783.218,2411.225
2017-05-28 10:56:44.46,-782.795,2783.960,2410.489
2017-05-28 10:56:49.45,-780.848,2783.717,2408.016
2017-05-28 10:56:54.44,-778.926,2786.836,2410.281
2017-05-28 10:56:59.43,-779.909,2786.090,2410.359
2017-05-28 10:57:04.42,-781.931,2783.595,2410.797
2017-05-28 10:57:09.41,-780.674,2783.369,2409.793
2017-05-28 10:57:14.41,-778.791,2784.038,2411.181
2017-05-28 10:57:19.40,-775.326,2781.609,2411.146
2017-05-28 10:57:24.39,-776.552,2782.266,2410.561
2017-05-28 10:57:29.38,-779.102,2782.604,2408.976
2017-05-28 10:57:34.39,-779.156,2783.687,2406.695
2017-05-28 10:57:39.38,-778.116,2781.976,2407.638
2017-05-28 10:57:44.37,-778.514,2784.737,2407.796
2017-05-28 10:57:49.36,-780.342,2785.020,2411.079
2017-05-28 10:57:54.35,-779.322,2786.023,2411.338
2017-05-28 10:57:59.34,-781.614,2784.033,2413.970
2017-05-28 10:58:04.33,-778.843,2786.596,2410.693
2017-05-28 10:58:09.33,-778.921,2787.051,2413.813
2017-05-28 10:58:14.32,-779.536,2787.000,2410.146
2017-05-28 10:58:19.31,-776.356,2787.944,2410.083
2017-05-28 10:58:24.30,-773.904,2788.728,2413.033
2017-05-28 10:58:29.29,-777.988,2789.073,2412.497
2017-05-28 10:58:34.28,-776.817,2789.722,2409.241
2017-05-28 10:58:39.27,-776.877,2789.520,2406.057
2017-05-28 10:58:44.26,-780.384,2787.258,2406.848
2017-05-28 10:58:49.25,-780.152,2786.470,2409.538
2017-05-28 10:58:54.25,-778.575,2786.249,2411.858
2017-05-28 10:58:59.24,-778.423,2786.014,2409.753
2017-05-28 10:59:04.23,-780.921,2788.645,2408.873
2017-05-28 10:59:09.22,-777.211,2785.000,2409.592
2017-05-28 10:59:14.21,-777.279,2784.987,2408.923
2017-05-28 10:59:19.20,-779.406,2785.000,2408.168
2017-05-28 10:59:24.19,-778.269,2784.027,2409.514
2017-05-28 10:59:29.18,-777.957,2785.908,2412.321
2017-05-28 10:59:34.17,-777.064,2784.735,2415.918
2017-05-28 10:59:39.17,-777.829,2784.398,2414.053
2017-05-28 10:59:44.16,-779.308,2783.323,2411.229
2017-05-28 10:59:49.15,-777.897,2782.994,2412.704
2017-05-28 10:59:54.14,-778.198,2784.418,2409.669
2017-05-28 10:59:59.13,-778.763,2784.766,2408.155
2017-05-28 11:00:04.12,-777.156,2783.359,2411.358
2017-05-28 11:00:09.11,-775.041,2782.472,2408.933
2017-05-28 11:00:14.10,-776.368,2780.549,2409.666
2017-05-28 11:00:19.10,-776.824,2781.839,2409.225
2017-05-28 11:00:24.09,-777.193,2783.349,2407.360
2017-05-28 11:00:29.08,-776.878,2782.996,2413.268
2017-05-28 11:00:34.07,-776.440,2785.069,2409.654
2017-05-28 11:00:39.06,-776.026,2786.067,2405.559
2017-05-28 11:00:44.05,-773.180,2784.741,2405.331
2017-05-28 11:00:49.04,-776.997,2785.045,2409.151
2017-05-28 11:00:54.03,-775.636,2786.298,2411.475
2017-05-28 11:00:59.04,-774.661,2784.356,2413.176
2017-05-28 11:01:04.03,-773.074,2784.831,2410.758
2017-05-28 11:01:09.02,-774.408,2783.009,2407.707
2017-05-28 11:01:14.01,-776.064,2781.111,2406.270
2017-05-28 11:01:19.01,-776.962,2783.906,2406.294
2017-05-28 11:01:24.00,-775.919,2784.161,2403.997
2017-05-28 11:01:28.99,-774.422,2784.755,2405.171
2017-05-28 11:01:33.98,-773.930,2784.595,2405.169
2017-05-28 11:01:38.97,-776.195,2784.178,2405.412
2017-05-28 11:01:43.96,-774.762,2784.471,2406.161
2017-05-28 11:01:48.95,-774.738,2787.800,2405.098
2017-05-28 11:01:53.94,-772.404,2786.681,2408.131
2017-05-28 11:01:58.93,-774.069,2788.101,2407.932
2017-05-28 11:02:03.93,-773.639,2787.260,2407.395
2017-05-28 11:02:08.92,-773.264,2784.602,2408.729
2017-05-28 11:02:13.91,-774.686,2783.573,2409.414
2017-05-28 11:02:18.90,-774.999,2783.944,2413.036
2017-05-28 11:02:23.89,-773.577,2784.833,2409.727
2017-05-28 11:02:28.88,-774.916,2786.291,2408.461
2017-05-28 11:02:33.87,-773.205,2786.397,2409.439
2017-05-28 11:02:38.86,-773.501,2783.198,2406.573
2017-05-28 11:02:43.85,-772.722,2785.164,2410.862
2017-05-28 11:02:48.85,-773.549,2784.401,2412.130
2017-05-28 11:02:53.84,-777.100,2786.637,2411.608
2017-05-28 11:02:58.83,-774.536,2785.415,2410.765
2017-05-28 11:03:03.82,-772.508,2784.489,2411.335
2017-05-28 11:03:08.81,-772.933,2785.080,2415.737
2017-05-28 11:03:13.80,-775.153,2784.576,2412.054
2017-05-28 11:03:18.79,-776.071,2784.424,2409.472
2017-05-28 11:03:23.79,-773.998,2787.664,2410.342
2017-05-28 11:03:28.78,-771.225,2786.478,2411.095
2017-05-28 11:03:33.77,-770.708,2788.336,2411.165
2017-05-28 11:03:38.76,-772.631,2787.084,2411.168
2017-05-28 11:03:43.75,-771.412,2787.268,2411.775
2017-05-28 11:03:48.74,-772.056,2785.091,2412.992
2017-05-28 11:03:53.75,-771.613,2785.756,2412.651
2017-05-28 11:03:58.74,-772.070,2784.826,2412.572
2017-05-28 11:04:03.73,-770.364,2786.571,2410.233
2017-05-28 11:04:08.72,-770.854,2785.841,2408.815
2017-05-28 11:04:13.71,-772.822,2783.008,2411.376
2017-05-28 11:04:18.70,-773.376,2784.943,2411.169
2017-05-28 11:04:23.69,-772.736,2786.168,2407.522
2017-05-28 11:04:28.69,-770.945,2786.176,2410.949
2017-05-28 11:04:33.68,-770.436,2787.870,2409.071
2017-05-28 11:04:38.67,-769.584,2790.335,2408.649
2017-05-28 11:04:43.66,-770.580,2790.349,2409.184
2017-05-28 11:04:48.65,-769.807,2787.851,2407.063
2017-05-28 11:04:53.64,-770.533,2786.916,2410.586
2017-05-28 11:04:58.63,-771.790,2787.257,2411.737
2017-05-28 11:05:03.62,-774.468,2785.518,2414.915
2017-05-28 11:05:08.61,-772.696,2786.199,2410.867
2017-05-28 11:05:13.61,-772.241,2784.295,2409.270
2017-05-28 11:05:18.60,-772.581,2787.200,2410.302
2017-05-28 11:05:23.59,-773.128,2788.669,2410.308
2017-05-28 11:05:28.58,-776.343,2787.192,2412.969
2017-05-28 11:05:33.57,-775.942,2785.841,2410.999
2017-05-28 11:05:38.56,-773.439,2787.680,2408.974
2017-05-28 11:05:43.55,-773.338,2784.658,2411.754
2017-05-28 11:05:48.55,-774.091,2786.979,2413.369
2017-05-28 11:05:53.54,-772.180,2787.935,2411.604
2017-05-28 11:05:58.53,-771.174,2786.899,2409.868
2017-05-28 11:06:03.52,-774.215,2786.613,2411.035
2017-05-28 11:06:08.53,-771.054,2786.752,2410.661
2017-05-28 11:06:13.52,-770.381,2786.026,2409.313
2017-05-28 11:06:18.51,-775.507,2783.127,2412.391
2017-05-28 11:06:23.50,-775.264,2786.341,2410.572
2017-05-28 11:06:28.49,-772.891,2786.854,2408.065
2017-05-28 11:06:33.48,-772.924,2785.354,2408.905
2017-05-28 11:06:38.47,-771.139,2786.805,2405.245
2017-05-28 11:06:43.46,-772.135,2784.987,2410.107
2017-05-28 11:06:48.45,-771.489,2784.731,2406.412
2017-05-28 11:06:53.45,-769.598,2786.328,2407.159
2017-05-28 11:06:58.44,-770.038,2787.023,2406.245
2017-05-28 11:07:03.43,-769.448,2785.408,2404.698
2017-05-28 11:07:08.42,-768.572,2784.214,2406.897
2017-05-28 11:07:13.41,-768.959,2785.832,2404.882
2017-05-28 11:07:18.40,-767.944,2786.666,2407.043
2017-05-28 11:07:23.39,-771.799,2783.867,2409.372
2017-05-28 11:07:28.38,-773.120,2783.066,2409.479
2017-05-28 11:07:33.37,-771.269,2785.241,2408.263
2017-05-28 11:07:38.37,-771.595,2782.694,2405.522
2017-05-28 11:07:43.36,-769.833,2783.992,2404.184
2017-05-28 11:07:48.35,-770.078,2782.953,2406.675
2017-05-28 11:07:53.34,-772.243,2785.411,2408.326
2017-05-28 11:07:58.33,-773.444,2784.881,2409.299
2017-05-28 11:08:03.32,-771.892,2786.309,2407.243
2017-05-28 11:08:08.31,-768.526,2785.698,2404.549
2017-05-28 11:08:13.31,-767.421,2786.434,2404.846
2017-05-28 11:08:18.30,-769.142,2786.901,2404.549
2017-05-28 11:08:23.29,-769.801,2788.000,2403.760
2017-05-28 11:08:28.28,-767.479,2787.306,2405.057
2017-05-28 11:08:33.27,-768.203,2789.469,2408.275
2017-05-28 11:08:38.26,-769.469,2788.782,2410.555
2017-05-28 11:08:43.25,-770.702,2785.823,2409.972
2017-05-28 11:08:48.24,-770.550,2786.665,2408.473
2017-05-28 11:08:53.23,-772.679,2786.164,2406.112
2017-05-28 11:08:58.23,-772.479,2784.268,2406.492
2017-05-28 11:09:03.22,-769.585,2787.130,2404.725
2017-05-28 11:09:08.21,-770.330,2787.490,2404.519
2017-05-28 11:09:13.20,-769.984,2785.614,2401.536
2017-05-28 11:09:18.21,-771.948,2785.670,2401.985
2017-05-28 11:09:23.20,-771.165,2785.398,2406.091
2017-05-28 11:09:28.19,-772.116,2783.712,2405.700
2017-05-28 11:09:33.18,-770.923,2783.325,2403.828
2017-05-28 11:09:38.17,-771.674,2785.258,2402.710
2017-05-28 11:09:43.16,-769.355,2786.766,2401.957
2017-05-28 11:09:48.15,-769.269,2787.049,2409.127
2017-05-28 11:09:53.14,-767.281,2785.959,2405.321
2017-05-28 11:09:58.13,-768.170,2787.013,2407.742
2017-05-28 11:10:03.13,-768.360,2785.805,2406.558
2017-05-28 11:10:08.12,-766.326,2788.116,2404.650
2017-05-28 11:10:13.11,-765.771,2785.902,2405.765
2017-05-28 11:10:18.10,-765.963,2783.299,2404.854
2017-05-28 11:10:23.09,-766.652,2782.946,2405.254
2017-05-28 11:10:28.08,-768.524,2784.680,2404.493
2017-05-28 11:10:33.07,-770.019,2783.982,2401.162
2017-05-28 11:10:38.07,-767.641,2785.719,2401.382
2017-05-28 11:10:43.06,-764.980,2787.764,2402.743
2017-05-28 11:10:48.05,-766.188,2786.327,2400.552
2017-05-28 11:10:53.04,-768.601,2787.878,2405.943
2017-05-28 11:10:58.03,-767.924,2786.938,2406.428
2017-05-28 11:11:03.02,-766.124,2786.945,2408.998
2017-05-28 11:11:08.01,-769.693,2785.951,2406.576
2017-05-28 11:11:13.00,-769.669,2787.545,2409.654
2017-05-28 11:11:17.99,-768.338,2789.248,2409.373
2017-05-28 11:11:22.99,-768.115,2789.465,2404.541
2017-05-28 11:11:27.98,-766.042,2789.750,2404.538
2017-05-28 11:11:32.97,-766.586,2786.843,2402.096
2017-05-28 11:11:37.96,-766.944,2787.899,2398.409
2017-05-28 11:11:42.95,-769.391,2787.179,2401.009
2017-05-28 11:11:47.94,-768.973,2787.695,2401.446
2017-05-28 11:11:52.93,-770.202,2789.079,2399.527
2017-05-28 11:11:57.92,-768.178,2790.381,2397.930
2017-05-28 11:12:02.92,-768.945,2790.943,2399.213
2017-05-28 11:12:07.91,-766.666,2789.381,2399.990
2017-05-28 11:12:12.90,-769.882,2789.473,2400.864
2017-05-28 11:12:17.89,-765.532,2791.219,2401.937
2017-05-28 11:12:22.88,-766.636,2789.759,2405.858
2017-05-28 11:12:27.89,-766.852,2790.493,2401.255
2017-05-28 11:12:32.88,-765.757,2790.688,2399.185
2017-05-28 11:12:37.87,-763.909,2790.967,2397.095
2017-05-28 11:12:42.86,-765.755,2790.469,2400.306
2017-05-28 11:12:47.85,-768.759,2790.886,2398.427
2017-05-28 11:12:52.84,-768.470,2788.398,2394.823
2017-05-28 11:12:57.83,-765.995,2792.593,2396.425
2017-05-28 11:13:02.83,-767.575,2789.852,2398.657
2017-05-28 11:13:07.82,-766.291,2791.444,2398.831
2017-05-28 11:13:12.81,-766.635,2791.408,2401.168
2017-05-28 11:13:17.80,-766.272,2792.785,2400.350
2017-05-28 11:13:22.79,-765.291,2793.566,2401.969
2017-05-28 11:13:27.78,-765.831,2791.821,2398.770
2017-05-28 11:13:32.77,-766.611,2789.195,2399.164
2017-05-28 11:13:37.76,-768.712,2789.513,2396.427
2017-05-28 11:13:42.75,-767.776,2788.270,2400.220
2017-05-28 11:13:47.75,-766.843,2787.781,2399.441
2017-05-28 11:13:52.74,-765.748,2787.147,2399.512
2017-05-28 11:13:57.73,-768.108,2786.996,2399.875
2017-05-28 11:14:02.72,-766.388,2788.864,2402.014
2017-05-28 11:14:07.71,-765.975,2789.049,2400.565
2017-05-28 11:14:12.70,-768.022,2791.025,2405.476
2017-05-28 11:14:17.69,-770.241,2789.153,2405.470
2017-05-28 11:14:22.68,-770.661,2790.653,2401.134
2017-05-28 11:14:27.68,-769.962,2789.662,2405.835
2017-05-28 11:14:32.67,-770.186,2789.375,2410.727
2017-05-28 11:14:37.66,-767.815,2789.108,2405.768
2017-05-28 11:14:42.65,-770.825,2787.974,2402.547
2017-05-28 11:14:47.64,-769.687,2787.457,2408.091
2017-05-28 11:14:52.63,-769.649,2789.162,2408.075
2017-05-28 11:14:57.62,-767.976,2787.291,2410.229
2017-05-28 11:15:02.61,-768.961,2789.059,2407.580
2017-05-28 11:15:07.62,-768.345,2790.441,2408.787
2017-05-28 11:15:12.61,-767.111,2792.194,2408.180
2017-05-28 11:15:17.60,-766.638,2791.778,2404.312
2017-05-28 11:15:22.59,-764.345,2790.812,2405.893
2017-05-28 11:15:27.59,-763.359,2785.644,2405.075
2017-05-28 11:15:32.58,-767.231,2785.347,2402.959
2017-05-28 11:15:37.57,-765.177,2790.542,2401.119
2017-05-28 11:15:42.56,-765.115,2790.311,2399.997
2017-05-28 11:15:47.55,-763.852,2787.871,2400.250
2017-05-28 11:15:52.54,-765.956,2788.797,2404.424
2017-05-28 11:15:57.53,-764.416,2791.243,2402.093
2017-05-28 11:16:02.52,-767.466,2790.286,2401.672
2017-05-28 11:16:07.51,-770.590,2788.553,2400.964
2017-05-28 11:16:12.51,-763.789,2792.108,2402.843
2017-05-28 11:16:17.50,-770.064,2791.062,2407.883
2017-05-28 11:16:22.49,-766.195,2789.609,2404.869
2017-05-28 11:16:27.48,-769.206,2790.113,2406.346
2017-05-28 11:16:32.47,-765.778,2792.142,2402.821
2017-05-28 11:16:37.46,-766.216,2791.106,2403.718
2017-05-28 11:16:42.45,-770.247,2788.966,2400.688
2017-05-28 11:16:47.44,-770.134,2789.995,2404.899
2017-05-28 11:16:52.44,-767.964,2791.579,2407.117
2017-05-28 11:16:57.43,-771.177,2791.561,2408.234
2017-05-28 11:17:02.42,-767.178,2791.281,2404.359
2017-05-28 11:17:07.41,-768.924,2792.551,2411.572
2017-05-28 11:17:12.40,-768.987,2791.419,2410.955
2017-05-28 11:17:17.39,-770.105,2790.070,2408.635
2017-05-28 11:17:22.38,-771.278,2788.562,2404.637
2017-05-28 11:17:27.37,-770.746,2789.373,2401.437
2017-05-28 11:17:32.36,-769.899,2788.022,2403.817
2017-05-28 11:17:37.36,-772.068,2789.044,2401.795
2017-05-28 11:17:42.35,-771.229,2789.724,2401.255
2017-05-28 11:17:47.34,-771.968,2789.167,2405.039
2017-05-28 11:17:52.35,-769.561,2789.472,2401.141
2017-05-28 11:17:57.34,-766.726,2789.523,2403.678
2017-05-28 11:18:02.33,-768.956,2786.651,2405.863
2017-05-28 11:18:07.32,-769.102,2788.243,2404.854
2017-05-28 11:18:12.31,-774.338,2787.851,2403.487
2017-05-28 11:18:17.30,-775.865,2786.531,2403.568
2017-05-28 11:18:22.29,-776.249,2787.733,2405.166
2017-05-28 11:18:27.28,-777.138,2785.768,2404.306
2017-05-28 11:18:32.27,-775.958,2789.164,2405.109
2017-05-28 11:18:37.27,-771.139,2791.304,2404.675
2017-05-28 11:18:42.26,-772.274,2789.125,2405.510
2017-05-28 11:18:47.25,-774.966,2787.030,2402.293
2017-05-28 11:18:52.24,-777.149,2789.439,2401.873
2017-05-28 11:18:57.23,-774.241,2789.438,2402.178
2017-05-28 11:19:02.22,-775.942,2790.226,2402.356
2017-05-28 11:19:07.21,-777.786,2787.297,2403.859
2017-05-28 11:19:12.20,-776.757,2787.542,2407.448
2017-05-28 11:19:17.20,-777.155,2786.257,2403.560
2017-05-28 11:19:22.19,-776.069,2785.980,2402.436
2017-05-28 11:19:27.18,-775.302,2785.649,2401.949
2017-05-28 11:19:32.17,-777.424,2786.462,2403.162
2017-05-28 11:19:37.16,-777.094,2787.746,2405.466
2017-05-28 11:19:42.15,-776.002,2788.122,2406.682
2017-05-28 11:19:47.14,-778.916,2787.467,2402.886
2017-05-28 11:19:52.13,-778.446,2786.742,2406.886
2017-05-28 11:19:57.12,-776.378,2788.312,2408.171
2017-05-28 11:20:02.12,-775.392,2786.922,2403.508
2017-05-28 11:20:07.11,-775.944,2785.858,2403.763
2017-05-28 11:20:12.10,-776.921,2784.975,2403.615
2017-05-28 11:20:17.09,-780.773,2783.414,2407.511
2017-05-28 11:20:22.08,-778.129,2782.079,2406.792
2017-05-28 11:20:27.07,-781.335,2780.075,2404.730
2017-05-28 11:20:32.06,-782.554,2782.115,2406.012
2017-05-28 11:20:37.05,-776.718,2784.876,2406.824
2017-05-28 11:20:42.04,-778.099,2784.995,2407.088
2017-05-28 11:20:47.04,-776.279,2784.868,2404.707
2017-05-28 11:20:52.03,-778.676,2782.818,2406.470
2017-05-28 11:20:57.02,-776.952,2784.533,2407.825
2017-05-28 11:21:02.01,-777.948,2786.090,2405.180
2017-05-28 11:21:07.00,-777.420,2784.276,2405.206
2017-05-28 11:21:11.99,-776.855,2783.512,2403.582
2017-05-28 11:21:16.98,-776.059,2786.634,2408.992
2017-05-28 11:21:21.98,-776.455,2786.343,2408.899
2017-05-28 11:21:26.97,-780.106,2785.530,2409.448
2017-05-28 11:21:31.97,-781.615,2783.254,2410.250
2017-05-28 11:21:36.95,-779.095,2783.810,2411.676
2017-05-28 11:21:41.94,-777.466,2782.066,2411.005
2017-05-28 11:21:46.93,-781.577,2779.961,2410.035
2017-05-28 11:21:51.92,-779.822,2781.421,2409.814
2017-05-28 11:21:56.93,-779.041,2783.235,2410.091
2017-05-28 11:22:01.90,-779.265,2782.270,2403.928
2017-05-28 11:22:06.91,-781.070,2783.218,2405.586
2017-05-28 11:22:11.90,-780.269,2784.759,2405.041
2017-05-28 11:22:16.89,-778.681,2785.068,2408.198
2017-05-28 11:22:21.88,-778.691,2784.027,2407.284
2017-05-28 11:22:26.88,-777.915,2782.023,2407.748
2017-05-28 11:22:31.87,-778.786,2783.796,2408.872
2017-05-28 11:22:36.86,-780.074,2781.585,2409.763
2017-05-28 11:22:41.85,-780.769,2781.432,2408.938
2017-05-28 11:22:46.84,-781.862,2778.359,2407.500
2017-05-28 11:22:51.83,-779.843,2780.721,2412.468
2017-05-28 11:22:56.82,-782.463,2780.533,2412.966
2017-05-28 11:23:01.81,-780.535,2780.119,2413.847
2017-05-28 11:23:06.80,-779.791,2780.765,2411.636
2017-05-28 11:23:11.80,-781.160,2780.924,2408.675
2017-05-28 11:23:16.79,-779.731,2780.749,2408.435
2017-05-28 11:23:21.78,-780.921,2780.793,2408.739
2017-05-28 11:23:26.77,-784.634,2777.645,2406.375
2017-05-28 11:23:31.76,-780.124,2780.444,2407.562
2017-05-28 11:23:36.75,-781.768,2781.912,2405.051
2017-05-28 11:23:41.74,-783.236,2780.326,2407.579
2017-05-28 11:23:46.74,-781.986,2781.691,2408.353
2017-05-28 11:23:51.73,-782.014,2781.361,2406.552
2017-05-28 11:23:56.72,-781.826,2782.876,2408.947
2017-05-28 11:24:01.71,-780.207,2782.704,2410.271
2017-05-28 11:24:06.70,-783.255,2780.766,2413.712
2017-05-28 11:24:11.69,-780.529,2779.481,2410.427
2017-05-28 11:24:16.68,-785.336,2777.023,2411.572
2017-05-28 11:24:21.67,-783.287,2778.566,2408.379
2017-05-28 11:24:26.68,-784.150,2777.621,2405.480
2017-05-28 11:24:31.67,-786.599,2777.227,2407.991
2017-05-28 11:24:36.66,-783.199,2778.308,2406.485
2017-05-28 11:24:41.65,-786.329,2778.700,2406.085
2017-05-28 11:24:46.64,-785.302,2780.371,2407.428
2017-05-28 11:24:51.64,-784.264,2780.981,2405.576
2017-05-28 11:24:56.63,-785.890,2777.793,2402.305
2017-05-28 11:25:01.62,-783.103,2778.634,2408.137
2017-05-28 11:25:06.61,-783.461,2779.384,2407.615
2017-05-28 11:25:11.60,-786.361,2776.977,2407.835
2017-05-28 11:25:16.59,-780.330,2781.499,2408.393
2017-05-28 11:25:21.58,-780.798,2781.412,2407.611
2017-05-28 11:25:26.57,-784.066,2782.035,2409.563
2017-05-28 11:25:31.57,-786.002,2782.645,2409.178
2017-05-28 11:25:36.56,-782.192,2785.080,2407.893
2017-05-28 11:25:41.55,-781.204,2785.041,2408.953
2017-05-28 11:25:46.54,-782.699,2781.945,2411.722
2017-05-28 11:25:51.53,-782.353,2782.909,2411.385
2017-05-28 11:25:56.52,-781.881,2784.439,2408.858
2017-05-28 11:26:01.51,-786.425,2783.021,2408.139
2017-05-28 11:26:06.50,-783.079,2782.394,2410.922
2017-05-28 11:26:11.50,-780.835,2783.526,2409.272
2017-05-28 11:26:16.49,-782.725,2784.196,2409.644
2017-05-28 11:26:21.48,-782.226,2782.951,2405.993
2017-05-28 11:26:26.47,-783.641,2781.138,2412.260
2017-05-28 11:26:31.46,-784.553,2780.528,2407.585
2017-05-28 11:26:36.45,-787.018,2780.907,2408.515
2017-05-28 11:26:41.44,-784.495,2782.558,2409.362
2017-05-28 11:26:46.43,-779.956,2780.224,2410.446
2017-05-28 11:26:51.42,-781.748,2780.306,2410.330
2017-05-28 11:26:56.42,-782.401,2780.679,2408.822
2017-05-28 11:27:01.41,-781.564,2781.812,2410.445
2017-05-28 11:27:06.40,-779.954,2780.669,2413.119
2017-05-28 11:27:11.39,-782.998,2781.003,2409.938
2017-05-28 11:27:16.38,-780.587,2780.681,2411.475
2017-05-28 11:27:21.37,-782.164,2781.928,2412.932
2017-05-28 11:27:26.36,-782.969,2781.777,2411.402
2017-05-28 11:27:31.35,-782.519,2780.835,2408.828
2017-05-28 11:27:36.34,-781.929,2782.557,2405.261
2017-05-28 11:27:41.34,-784.632,2778.532,2408.071
2017-05-28 11:27:46.33,-782.728,2780.313,2408.854
2017-05-28 11:27:51.32,-782.758,2780.398,2407.947
2017-05-28 11:27:56.31,-785.135,2781.065,2409.309
2017-05-28 11:28:01.30,-784.899,2781.611,2407.728
2017-05-28 11:28:06.31,-780.162,2782.062,2407.940
2017-05-28 11:28:11.30,-782.187,2781.348,2411.099
2017-05-28 11:28:16.29,-784.159,2778.931,2412.437
2017-05-28 11:28:21.28,-783.798,2780.672,2412.067
2017-05-28 11:28:26.27,-785.483,2782.806,2410.490
2017-05-28 11:28:31.26,-786.498,2782.835,2407.964
2017-05-28 11:28:36.26,-788.119,2782.121,2405.516
2017-05-28 11:28:41.25,-786.160,2782.592,2406.592
2017-05-28 11:28:46.24,-789.726,2780.653,2409.685
2017-05-28 11:28:51.23,-789.376,2780.442,2408.828
2017-05-28 11:28:56.22,-788.096,2782.486,2406.573
2017-05-28 11:29:01.21,-790.194,2782.063,2405.059
2017-05-28 11:29:06.20,-790.848,2779.162,2403.275
2017-05-28 11:29:11.19,-787.601,2782.634,2403.372
2017-05-28 11:29:16.18,-787.854,2784.451,2405.634
2017-05-28 11:29:21.18,-789.431,2780.477,2404.379
2017-05-28 11:29:26.17,-789.082,2779.397,2400.539
2017-05-28 11:29:31.16,-790.116,2780.941,2402.540
2017-05-28 11:29:36.15,-788.798,2781.542,2405.717
2017-05-28 11:29:41.14,-788.651,2781.027,2405.639
2017-05-28 11:29:46.13,-791.154,2781.145,2407.293
2017-05-28 11:29:51.12,-790.465,2780.389,2409.596
2017-05-28 11:29:56.11,-790.451,2780.249,2410.532
2017-05-28 11:30:01.10,-790.904,2782.782,2406.736
2017-05-28 11:30:06.10,-789.366,2780.974,2410.192
2017-05-28 11:30:11.09,-789.739,2780.529,2407.134
2017-05-28 11:30:16.08,-788.159,2779.801,2409.383
2017-05-28 11:30:21.07,-791.022,2779.571,2408.345
2017-05-28 11:30:26.06,-791.391,2779.062,2408.967
2017-05-28 11:30:31.05,-790.751,2778.919,2408.121
2017-05-28 11:30:36.04,-787.222,2778.485,2410.500
2017-05-28 11:30:41.03,-786.158,2779.738,2410.217
2017-05-28 11:30:46.03,-784.406,2780.003,2408.229
2017-05-28 11:30:51.02,-783.576,2779.670,2413.157
2017-05-28 11:30:56.01,-783.798,2780.279,2410.592
2017-05-28 11:31:01.00,-786.067,2778.209,2408.734
2017-05-28 11:31:05.99,-786.004,2780.005,2410.066
2017-05-28 11:31:10.98,-786.621,2780.940,2407.971
2017-05-28 11:31:15.97,-787.058,2779.227,2406.558
2017-05-28 11:31:20.98,-787.419,2780.913,2406.080
2017-05-28 11:31:25.97,-789.732,2779.574,2411.689
2017-05-28 11:31:30.96,-789.329,2782.301,2412.495
2017-05-28 11:31:35.95,-790.609,2778.442,2412.315
2017-05-28 11:31:40.94,-789.458,2777.141,2410.231
2017-05-28 11:31:45.94,-789.440,2777.866,2407.712
2017-05-28 11:31:50.93,-787.142,2777.801,2406.439
2017-05-28 11:31:55.92,-788.311,2777.938,2406.222
2017-05-28 11:32:00.91,-786.255,2779.290,2406.369
2017-05-28 11:32:05.90,-785.921,2777.707,2409.446
2017-05-28 11:32:10.89,-782.459,2777.566,2408.021
2017-05-28 11:32:15.88,-785.367,2779.215,2406.053
2017-05-28 11:32:20.87,-784.993,2778.866,2403.861
2017-05-28 11:32:25.86,-785.207,2779.872,2405.923
2017-05-28 11:32:30.86,-786.097,2780.008,2400.921
2017-05-28 11:32:35.85,-785.614,2779.605,2403.158
2017-05-28 11:32:40.84,-783.555,2778.172,2406.328
2017-05-28 11:32:45.83,-783.947,2778.169,2409.125
2017-05-28 11:32:50.82,-785.163,2779.835,2408.282
2017-05-28 11:32:55.81,-787.174,2778.075,2407.237
2017-05-28 11:33:00.80,-786.491,2777.200,2404.385
2017-05-28 11:33:05.79,-785.865,2776.316,2403.360
2017-05-28 11:33:10.79,-782.890,2778.678,2404.745
2017-05-28 11:33:15.78,-781.938,2780.679,2410.739
2017-05-28 11:33:20.77,-782.733,2782.003,2407.202
2017-05-28 11:33:25.77,-781.509,2779.643,2409.016
2017-05-28 11:33:30.77,-783.172,2780.667,2411.235
2017-05-28 11:33:35.76,-781.316,2782.199,2408.465
2017-05-28 11:33:40.75,-785.711,2780.021,2407.796
2017-05-28 11:33:45.74,-785.300,2778.321,2409.560
2017-05-28 11:33:50.73,-785.928,2779.105,2410.880
2017-05-28 11:33:55.72,-785.371,2776.962,2413.154
2017-05-28 11:34:00.71,-786.238,2776.457,2409.688
2017-05-28 11:34:05.70,-787.749,2775.326,2409.328
2017-05-28 11:34:10.70,-789.526,2773.747,2410.397
2017-05-28 11:34:15.69,-786.905,2775.592,2410.081
2017-05-28 11:34:20.68,-786.122,2775.703,2409.651
2017-05-28 11:34:25.67,-786.706,2775.744,2410.848
2017-05-28 11:34:30.66,-787.280,2776.119,2409.244
2017-05-28 11:34:35.65,-789.805,2776.573,2407.152
2017-05-28 11:34:40.64,-790.682,2776.782,2409.899
2017-05-28 11:34:45.63,-785.196,2777.589,2406.735
2017-05-28 11:34:50.62,-784.456,2776.578,2409.265
2017-05-28 11:34:55.62,-783.165,2777.704,2408.147
2017-05-28 11:35:00.61,-785.103,2777.080,2406.335
2017-05-28 11:35:05.60,-783.527,2777.795,2409.957
2017-05-28 11:35:10.59,-786.758,2777.473,2410.261
2017-05-28 11:35:15.58,-788.515,2775.247,2407.771
2017-05-28 11:35:20.57,-786.065,2776.876,2410.671
2017-05-28 11:35:25.56,-783.585,2777.944,2409.043
2017-05-28 11:35:30.55,-786.514,2778.517,2409.760
2017-05-28 11:35:35.55,-784.354,2777.321,2409.579
2017-05-28 11:35:40.54,-785.236,2778.402,2407.928
2017-05-28 11:35:45.53,-783.035,2777.508,2408.671
2017-05-28 11:35:50.52,-785.718,2777.752,2412.621
2017-05-28 11:35:55.51,-785.972,2777.880,2408.732
2017-05-28 11:36:00.52,-784.886,2777.362,2411.262
2017-05-28 11:36:05.51,-786.509,2775.273,2410.253
2017-05-28 11:36:10.50,-786.159,2776.588,2409.427
2017-05-28 11:36:15.49,-787.306,2775.262,2410.299
2017-05-28 11:36:20.48,-789.126,2774.674,2410.948
2017-05-28 11:36:25.47,-786.375,2778.193,2410.356
2017-05-28 11:36:30.46,-785.843,2776.420,2411.908
2017-05-28 11:36:35.46,-786.754,2777.017,2406.263
2017-05-28 11:36:40.45,-787.454,2775.954,2408.906
2017-05-28 11:36:45.44,-789.817,2777.605,2408.706
2017-05-28 11:36:50.43,-784.560,2776.583,2411.199
2017-05-28 11:36:55.42,-786.671,2777.294,2411.526
2017-05-28 11:37:00.41,-787.769,2774.473,2409.715
2017-05-28 11:37:05.40,-788.358,2777.029,2411.058
2017-05-28 11:37:10.39,-785.596,2777.129,2412.171
2017-05-28 11:37:15.38,-784.911,2775.448,2413.652
2017-05-28 11:37:20.38,-787.274,2774.997,2414.391
2017-05-28 11:37:25.37,-787.090,2776.644,2413.421
2017-05-28 11:37:30.36,-786.206,2776.411,2409.579
2017-05-28 11:37:35.35,-786.561,2776.702,2408.502
2017-05-28 11:37:40.34,-789.628,2778.482,2409.355
2017-05-28 11:37:45.33,-789.045,2777.835,2412.168
2017-05-28 11:37:50.32,-782.669,2779.341,2411.732
2017-05-28 11:37:55.31,-783.639,2778.732,2411.199
2017-05-28 11:38:00.30,-783.533,2777.950,2411.419
2017-05-28 11:38:05.30,-783.095,2778.768,2408.539
2017-05-28 11:38:10.29,-783.003,2777.614,2409.537
2017-05-28 11:38:15.28,-784.194,2781.842,2407.333
2017-05-28 11:38:20.27,-782.869,2782.901,2410.074
2017-05-28 11:38:25.26,-779.202,2781.556,2410.015
2017-05-28 11:38:30.25,-786.185,2777.864,2408.392
2017-05-28 11:38:35.24,-788.409,2776.546,2405.999
2017-05-28 11:38:40.24,-783.703,2778.602,2406.893
2017-05-28 11:38:45.23,-778.896,2781.833,2409.792
2017-05-28 11:38:50.22,-777.105,2781.684,2409.249
2017-05-28 11:38:55.21,-779.697,2780.428,2407.849
2017-05-28 11:39:00.20,-780.075,2779.967,2405.051
2017-05-28 11:39:05.19,-779.042,2779.432,2405.641
2017-05-28 11:39:10.18,-782.157,2778.934,2411.568
2017-05-28 11:39:15.17,-784.437,2779.015,2407.892
2017-05-28 11:39:20.16,-784.180,2778.587,2410.080
2017-05-28 11:39:25.16,-783.941,2776.536,2409.653
2017-05-28 11:39:30.15,-783.645,2777.932,2409.940
2017-05-28 11:39:35.15,-781.713,2779.051,2408.425
2017-05-28 11:39:40.14,-785.320,2781.028,2408.099
2017-05-28 11:39:45.14,-785.956,2782.921,2412.907
2017-05-28 11:39:50.13,-787.716,2781.806,2407.948
2017-05-28 11:39:55.12,-782.276,2782.155,2406.900
2017-05-28 11:40:00.11,-781.411,2781.148,2409.014
2017-05-28 11:40:05.10,-784.174,2781.280,2409.048
2017-05-28 11:40:10.09,-781.918,2780.854,2408.562
2017-05-28 11:40:15.08,-784.494,2782.257,2410.471
2017-05-28 11:40:20.07,-784.608,2783.006,2407.948
2017-05-28 11:40:25.06,-782.210,2785.138,2408.992
2017-05-28 11:40:30.06,-783.235,2782.348,2409.386
2017-05-28 11:40:35.05,-783.785,2779.962,2410.431
2017-05-28 11:40:40.04,-787.528,2780.523,2413.922
2017-05-28 11:40:45.03,-789.325,2781.204,2414.715
2017-05-28 11:40:50.02,-784.862,2782.560,2413.558
2017-05-28 11:40:55.01,-783.412,2781.874,2411.774
2017-05-28 11:41:00.00,-784.790,2780.116,2410.949
2017-05-28 11:41:04.99,-782.616,2781.308,2410.878
2017-05-28 11:41:09.99,-783.585,2778.813,2411.113
2017-05-28 11:41:14.98,-783.893,2779.132,2411.631
2017-05-28 11:41:19.97,-786.765,2780.677,2414.182
2017-05-28 11:41:24.96,-785.261,2781.109,2414.989
2017-05-28 11:41:29.95,-783.072,2782.079,2411.518
2017-05-28 11:41:34.94,-785.720,2783.321,2413.290
2017-05-28 11:41:39.93,-784.842,2784.095,2411.132
2017-05-28 11:41:44.92,-784.762,2782.880,2414.599
2017-05-28 11:41:49.92,-782.871,2782.119,2411.188
2017-05-28 11:41:54.91,-782.989,2781.933,2412.412
2017-05-28 11:41:59.90,-782.556,2779.489,2411.537
2017-05-28 11:42:04.89,-784.201,2780.627,2408.838
2017-05-28 11:42:09.88,-781.118,2780.138,2409.381
2017-05-28 11:42:14.87,-781.564,2782.061,2411.124
2017-05-28 11:42:19.86,-780.662,2781.036,2412.107
2017-05-28 11:42:24.85,-780.952,2779.497,2409.064
2017-05-28 11:42:29.84,-783.604,2782.273,2410.332
2017-05-28 11:42:34.84,-779.919,2783.913,2407.404
2017-05-28 11:42:39.84,-779.848,2782.841,2411.836
2017-05-28 11:42:44.83,-779.846,2781.660,2410.185
2017-05-28 11:42:49.82,-776.729,2783.048,2411.265
2017-05-28 11:42:54.82,-778.629,2784.795,2411.174
2017-05-28 11:42:59.81,-776.098,2785.472,2411.460
2017-05-28 11:43:04.80,-777.659,2783.865,2411.217
2017-05-28 11:43:09.79,-776.192,2783.861,2413.247
2017-05-28 11:43:14.78,-772.956,2783.747,2408.248
2017-05-28 11:43:19.77,-776.204,2785.474,2407.916
2017-05-28 11:43:24.76,-776.012,2786.820,2412.345
2017-05-28 11:43:29.75,-776.214,2785.898,2414.182
2017-05-28 11:43:34.75,-776.456,2783.704,2413.059
2017-05-28 11:43:39.74,-774.740,2783.408,2411.648
2017-05-28 11:43:44.73,-774.705,2781.922,2414.462
2017-05-28 11:43:49.72,-775.453,2785.115,2414.416
2017-05-28 11:43:54.71,-775.308,2787.826,2414.007
2017-05-28 11:43:59.70,-775.105,2785.424,2412.665
2017-05-28 11:44:04.69,-774.816,2784.217,2413.013
2017-05-28 11:44:09.68,-777.753,2783.374,2412.294
2017-05-28 11:44:14.68,-775.628,2785.705,2416.131
2017-05-28 11:44:19.67,-775.039,2785.435,2415.959
2017-05-28 11:44:24.66,-776.457,2786.401,2413.481
2017-05-28 11:44:29.65,-776.819,2786.032,2411.463
2017-05-28 11:44:34.64,-775.585,2785.894,2409.421
2017-05-28 11:44:39.63,-774.490,2787.700,2410.269
2017-05-28 11:44:44.62,-774.058,2787.037,2412.000
2017-05-28 11:44:49.61,-773.679,2786.059,2412.318
2017-05-28 11:44:54.60,-775.288,2785.439,2410.441
2017-05-28 11:44:59.60,-773.779,2789.247,2410.703
2017-05-28 11:45:04.59,-772.931,2790.625,2408.942
2017-05-28 11:45:09.58,-773.084,2788.959,2409.614
2017-05-28 11:45:14.57,-774.938,2787.185,2409.352
2017-05-28 11:45:19.56,-770.712,2789.725,2409.494
2017-05-28 11:45:24.55,-772.985,2789.260,2409.438
2017-05-28 11:45:29.54,-771.375,2789.192,2409.284
2017-05-28 11:45:34.53,-770.412,2790.201,2408.807
2017-05-28 11:45:39.52,-770.501,2792.666,2409.050
2017-05-28 11:45:44.52,-771.649,2790.951,2410.134
2017-05-28 11:45:49.51,-772.466,2789.529,2411.697
2017-05-28 11:45:54.50,-773.005,2789.671,2409.038
2017-05-28 11:45:59.49,-773.593,2786.902,2403.806
2017-05-28 11:46:04.48,-772.818,2789.502,2405.139
2017-05-28 11:46:09.47,-773.345,2788.145,2406.837
2017-05-28 11:46:14.46,-770.558,2787.742,2408.524
2017-05-28 11:46:19.47,-771.339,2786.696,2407.034
2017-05-28 11:46:24.46,-772.381,2786.354,2406.993
2017-05-28 11:46:29.45,-771.176,2788.008,2406.179
2017-05-28 11:46:34.44,-770.360,2789.461,2400.967
2017-05-28 11:46:39.43,-768.044,2790.336,2403.421
2017-05-28 11:46:44.43,-767.132,2792.173,2403.310
2017-05-28 11:46:49.42,-770.752,2790.515,2399.692
2017-05-28 11:46:54.41,-769.242,2790.985,2401.663
2017-05-28 11:46:59.40,-769.342,2790.429,2403.572
2017-05-28 11:47:04.39,-766.499,2790.817,2408.419
2017-05-28 11:47:09.38,-765.826,2790.345,2404.421
2017-05-28 11:47:14.37,-766.545,2789.342,2402.531
2017-05-28 11:47:19.36,-766.893,2791.459,2404.527
2017-05-28 11:47:24.35,-766.501,2792.643,2404.368
2017-05-28 11:47:29.35,-767.902,2793.362,2403.411
2017-05-28 11:47:34.34,-767.672,2795.209,2403.036
2017-05-28 11:47:39.33,-763.194,2794.792,2403.927
2017-05-28 11:47:44.32,-766.602,2792.175,2403.547
2017-05-28 11:47:49.31,-764.094,2794.388,2404.697
2017-05-28 11:47:54.30,-765.431,2797.511,2405.788
2017-05-28 11:47:59.29,-764.531,2796.945,2404.008
2017-05-28 11:48:04.28,-762.658,2795.731,2402.247
2017-05-28 11:48:09.28,-767.415,2793.721,2406.876
2017-05-28 11:48:14.27,-766.478,2794.077,2405.228
2017-05-28 11:48:19.26,-762.766,2795.563,2409.583
2017-05-28 11:48:24.25,-764.509,2792.818,2405.939
2017-05-28 11:48:29.24,-762.373,2792.358,2404.500
2017-05-28 11:48:34.23,-762.928,2791.911,2404.889
2017-05-28 11:48:39.22,-764.575,2792.648,2403.889
2017-05-28 11:48:44.21,-763.649,2789.954,2404.596
2017-05-28 11:48:49.20,-765.279,2791.452,2406.833
2017-05-28 11:48:54.20,-765.046,2792.713,2409.131
2017-05-28 11:48:59.19,-765.932,2792.283,2406.335
2017-05-28 11:49:04.18,-765.017,2791.892,2402.715
2017-05-28 11:49:09.17,-764.179,2794.653,2406.720
2017-05-28 11:49:14.16,-765.082,2792.055,2404.247
2017-05-28 11:49:19.15,-763.562,2791.221,2407.749
2017-05-28 11:49:24.16,-763.595,2790.774,2406.980
2017-05-28 11:49:29.15,-762.318,2790.910,2406.503
2017-05-28 11:49:34.14,-765.468,2791.347,2407.526
2017-05-28 11:49:39.13,-764.223,2793.925,2405.207
2017-05-28 11:49:44.12,-765.071,2794.906,2405.120
2017-05-28 11:49:49.11,-761.626,2793.970,2404.630
2017-05-28 11:49:54.11,-760.570,2793.959,2405.530
2017-05-28 11:49:59.10,-758.834,2795.098,2408.352
2017-05-28 11:50:04.09,-763.210,2792.313,2409.240
2017-05-28 11:50:09.08,-763.894,2793.335,2406.539
2017-05-28 11:50:14.07,-766.165,2791.656,2407.515
2017-05-28 11:50:19.06,-760.030,2795.026,2404.405
2017-05-28 11:50:24.05,-758.725,2795.801,2401.434
2017-05-28 11:50:29.04,-761.002,2796.922,2404.227
2017-05-28 11:50:34.03,-759.770,2795.187,2405.792
2017-05-28 11:50:39.03,-760.546,2795.965,2405.983
2017-05-28 11:50:44.02,-763.227,2791.940,2400.816
2017-05-28 11:50:49.01,-763.181,2793.855,2404.038
2017-05-28 11:50:54.00,-763.107,2797.121,2405.489
2017-05-28 11:50:58.99,-762.002,2794.046,2401.687
2017-05-28 11:51:03.98,-762.544,2796.002,2403.871
2017-05-28 11:51:08.97,-757.418,2797.579,2406.325
2017-05-28 11:51:13.96,-758.006,2797.954,2404.958
2017-05-28 11:51:18.96,-759.944,2798.155,2403.542
2017-05-28 11:51:23.95,-760.020,2795.108,2403.281
2017-05-28 11:51:28.94,-760.303,2794.915,2403.204
2017-05-28 11:51:33.93,-758.866,2796.782,2403.801
2017-05-28 11:51:38.92,-758.855,2795.833,2404.670
2017-05-28 11:51:43.91,-758.369,2794.010,2404.391
2017-05-28 11:51:48.90,-757.863,2793.059,2404.510
2017-05-28 11:51:53.89,-754.743,2795.748,2404.068
2017-05-28 11:51:58.89,-757.221,2797.129,2406.194
2017-05-28 11:52:03.88,-756.123,2796.532,2407.608
2017-05-28 11:52:08.87,-755.946,2796.663,2409.392
2017-05-28 11:52:13.86,-756.180,2796.808,2408.497
2017-05-28 11:52:18.85,-754.568,2796.947,2405.083
2017-05-28 11:52:23.84,-757.801,2797.224,2406.062
2017-05-28 11:52:28.83,-758.065,2796.417,2401.158
2017-05-28 11:52:33.82,-757.826,2798.447,2401.891
2017-05-28 11:52:38.83,-758.912,2798.769,2400.464
2017-05-28 11:52:43.81,-756.546,2799.418,2402.573
2017-05-28 11:52:48.81,-757.577,2796.421,2404.339
2017-05-28 11:52:53.80,-756.368,2796.912,2405.227
2017-05-28 11:52:58.79,-757.334,2796.121,2405.659
2017-05-28 11:53:03.79,-757.533,2799.000,2404.958
2017-05-28 11:53:08.78,-760.256,2797.437,2404.268
2017-05-28 11:53:13.77,-759.408,2798.121,2407.546
2017-05-28 11:53:18.76,-758.721,2798.099,2408.113
2017-05-28 11:53:23.75,-757.079,2797.026,2407.862
2017-05-28 11:53:28.74,-760.848,2797.118,2407.411
2017-05-28 11:53:33.73,-757.576,2797.871,2410.648
2017-05-28 11:53:38.72,-756.463,2798.260,2406.526
2017-05-28 11:53:43.72,-757.218,2798.376,2404.636
2017-05-28 11:53:48.71,-759.489,2796.694,2406.900
2017-05-28 11:53:53.70,-760.165,2794.523,2408.194
2017-05-28 11:53:58.69,-759.859,2794.439,2407.302
2017-05-28 11:54:03.68,-755.106,2794.876,2406.906
2017-05-28 11:54:08.67,-755.348,2794.225,2407.242
2017-05-28 11:54:13.66,-756.628,2795.979,2410.409
2017-05-28 11:54:18.65,-757.199,2797.089,2405.849
2017-05-28 11:54:23.64,-758.089,2798.357,2402.960
2017-05-28 11:54:28.64,-759.259,2798.103,2406.758
2017-05-28 11:54:33.63,-756.835,2797.055,2406.155
2017-05-28 11:54:38.62,-753.807,2797.318,2406.614
2017-05-28 11:54:43.61,-756.046,2798.147,2401.737
2017-05-28 11:54:48.60,-752.026,2797.351,2401.261
2017-05-28 11:54:53.59,-754.482,2798.221,2403.311
2017-05-28 11:54:58.58,-751.872,2800.010,2404.168
2017-05-28 11:55:03.57,-753.774,2800.907,2405.029
2017-05-28 11:55:08.57,-753.606,2800.517,2404.522
2017-05-28 11:55:13.56,-753.983,2799.216,2407.894
2017-05-28 11:55:18.55,-753.684,2798.668,2405.341
2017-05-28 11:55:23.54,-755.136,2800.467,2406.905
2017-05-28 11:55:28.53,-751.652,2799.447,2410.170
2017-05-28 11:55:33.52,-754.474,2800.032,2405.875
2017-05-28 11:55:38.51,-752.078,2799.893,2410.118
2017-05-28 11:55:43.50,-756.367,2799.174,2409.298
2017-05-28 11:55:48.51,-756.642,2798.266,2411.144
2017-05-28 11:55:53.50,-758.651,2798.166,2405.651
2017-05-28 11:55:58.49,-757.738,2798.346,2408.672
2017-05-28 11:56:03.48,-755.539,2799.882,2411.914
2017-05-28 11:56:08.48,-756.084,2797.618,2413.168
2017-05-28 11:56:13.47,-756.972,2796.962,2410.683
2017-05-28 11:56:18.46,-753.669,2798.604,2414.336
2017-05-28 11:56:23.45,-754.106,2797.434,2412.415
2017-05-28 11:56:28.44,-756.460,2797.698,2411.760
2017-05-28 11:56:33.43,-756.846,2795.451,2410.535
2017-05-28 11:56:38.42,-752.143,2798.382,2409.671
2017-05-28 11:56:43.41,-756.121,2796.253,2409.919
2017-05-28 11:56:48.40,-752.915,2799.753,2408.572
2017-05-28 11:56:53.40,-754.718,2797.618,2406.782
2017-05-28 11:56:58.39,-757.095,2797.307,2405.500
2017-05-28 11:57:03.38,-753.733,2798.986,2411.291
2017-05-28 11:57:08.37,-753.416,2798.419,2408.855
2017-05-28 11:57:13.36,-752.802,2798.618,2405.459
2017-05-28 11:57:18.35,-753.188,2800.252,2401.894
2017-05-28 11:57:23.34,-750.742,2800.330,2405.728
2017-05-28 11:57:28.33,-755.365,2798.169,2405.409
2017-05-28 11:57:33.33,-752.258,2800.248,2406.866
2017-05-28 11:57:38.32,-753.528,2801.437,2409.439
2017-05-28 11:57:43.31,-752.164,2801.062,2409.257
2017-05-28 11:57:48.30,-750.375,2799.396,2408.106
2017-05-28 11:57:53.29,-752.376,2800.380,2406.406
2017-05-28 11:57:58.28,-754.988,2798.993,2407.509
2017-05-28 11:58:03.27,-755.588,2796.882,2404.778
2017-05-28 11:58:08.26,-754.148,2798.079,2405.802
2017-05-28 11:58:13.25,-754.835,2798.548,2408.301
2017-05-28 11:58:18.25,-755.788,2799.145,2407.755
2017-05-28 11:58:23.24,-753.466,2797.129,2406.885
2017-05-28 11:58:28.23,-756.223,2795.948,2405.748
2017-05-28 11:58:33.22,-755.414,2795.898,2406.339
2017-05-28 11:58:38.21,-754.810,2798.232,2410.234
2017-05-28 11:58:43.20,-752.104,2797.437,2411.799
2017-05-28 11:58:48.19,-754.715,2798.250,2410.982
2017-05-28 11:58:53.18,-755.433,2797.018,2409.695
2017-05-28 11:58:58.17,-755.421,2800.356,2411.474
2017-05-28 11:59:03.17,-754.549,2797.336,2408.504
2017-05-28 11:59:08.16,-756.834,2795.809,2409.627
2017-05-28 11:59:13.15,-758.594,2795.812,2411.691
2017-05-28 11:59:18.16,-757.886,2795.221,2409.889
2017-05-28 11:59:23.15,-760.025,2795.533,2406.948
2017-05-28 11:59:28.14,-757.945,2793.451,2407.529
2017-05-28 11:59:33.13,-757.472,2796.273,2410.958
2017-05-28 11:59:38.12,-759.925,2794.843,2408.718
2017-05-28 11:59:43.11,-759.371,2797.040,2408.887
2017-05-28 11:59:48.10,-762.336,2797.524,2409.143
2017-05-28 11:59:53.09,-760.729,2797.279,2413.731
2017-05-28 11:59:58.08,-761.333,2795.651,2411.228
2017-05-28 12:00:03.08,-759.635,2794.339,2414.437
2017-05-28 12:00:08.07,-759.841,2793.506,2411.446
2017-05-28 12:00:13.06,-757.909,2797.097,2414.126
2017-05-28 12:00:18.05,-758.105,2798.748,2415.318
2017-05-28 12:00:23.04,-757.805,2799.957,2411.891
2017-05-28 12:00:28.03,-761.662,2794.839,2411.502
2017-05-28 12:00:33.02,-763.441,2793.602,2412.749
2017-05-28 12:00:38.01,-760.582,2796.840,2412.091
2017-05-28 12:00:43.01,-764.256,2796.981,2412.964
2017-05-28 12:00:48.00,-764.459,2796.129,2412.069
2017-05-28 12:00:52.99,-764.817,2794.565,2410.388
2017-05-28 12:00:57.98,-762.493,2795.730,2411.748
2017-05-28 12:01:02.97,-763.378,2795.237,2412.804
2017-05-28 12:01:07.96,-764.473,2792.557,2411.819
2017-05-28 12:01:12.95,-765.282,2793.924,2415.670
2017-05-28 12:01:17.94,-763.102,2795.711,2414.400
2017-05-28 12:01:22.93,-765.501,2793.834,2415.565
2017-05-28 12:01:27.93,-762.389,2792.468,2413.852
2017-05-28 12:01:32.92,-762.799,2791.685,2416.056
2017-05-28 12:01:37.91,-762.521,2793.722,2416.758
2017-05-28 12:01:42.90,-763.297,2791.391,2417.766
2017-05-28 12:01:47.89,-762.376,2793.502,2416.478
2017-05-28 12:01:52.88,-763.436,2794.819,2414.444
2017-05-28 12:01:57.87,-764.489,2789.242,2416.701
2017-05-28 12:02:02.86,-762.725,2791.272,2418.478
2017-05-28 12:02:07.86,-764.452,2793.539,2415.957
2017-05-28 12:02:12.86,-765.343,2792.153,2412.709
2017-05-28 12:02:17.85,-765.539,2793.789,2411.308
2017-05-28 12:02:22.84,-764.146,2793.072,2413.596
2017-05-28 12:02:27.84,-765.268,2791.529,2410.679
2017-05-28 12:02:32.83,-764.314,2791.503,2410.426
2017-05-28 12:02:37.82,-760.191,2794.366,2410.102
2017-05-28 12:02:42.81,-759.515,2793.576,2411.414
2017-05-28 12:02:47.80,-761.735,2793.351,2412.809
2017-05-28 12:02:52.79,-765.803,2793.739,2413.397
2017-05-28 12:02:57.78,-767.790,2790.842,2417.933
2017-05-28 12:03:02.77,-766.609,2791.522,2415.216
2017-05-28 12:03:07.76,-765.144,2791.685,2413.948
2017-05-28 12:03:12.76,-765.713,2791.482,2415.081
2017-05-28 12:03:17.75,-763.945,2791.291,2414.010
2017-05-28 12:03:22.74,-766.066,2791.364,2417.079
2017-05-28 12:03:27.73,-767.805,2791.618,2409.267
2017-05-28 12:03:32.72,-765.954,2792.782,2413.214
2017-05-28 12:03:37.71,-768.971,2792.198,2412.961
2017-05-28 12:03:42.70,-768.139,2792.018,2410.777
2017-05-28 12:03:47.69,-766.147,2792.214,2414.404
2017-05-28 12:03:52.69,-764.094,2791.895,2413.166
2017-05-28 12:03:57.68,-765.738,2791.959,2412.274
2017-05-28 12:04:02.67,-766.244,2790.191,2411.228
2017-05-28 12:04:07.66,-767.377,2793.186,2410.404
2017-05-28 12:04:12.65,-766.641,2792.026,2409.777
2017-05-28 12:04:17.64,-765.984,2789.238,2411.808
2017-05-28 12:04:22.63,-767.021,2788.894,2408.810
2017-05-28 12:04:27.62,-764.181,2789.895,2408.308
2017-05-28 12:04:32.62,-766.327,2787.664,2412.409
2017-05-28 12:04:37.61,-764.842,2790.619,2413.462
2017-05-28 12:04:42.60,-765.810,2792.283,2411.718
2017-05-28 12:04:47.60,-766.642,2790.210,2417.846
2017-05-28 12:04:52.60,-764.615,2791.614,2417.229
2017-05-28 12:04:57.59,-765.019,2792.969,2417.186
2017-05-28 12:05:02.58,-761.124,2793.266,2420.589
2017-05-28 12:05:07.57,-761.956,2790.839,2419.549
2017-05-28 12:05:12.56,-764.376,2791.793,2419.711
2017-05-28 12:05:17.55,-762.022,2791.426,2417.566
2017-05-28 12:05:22.54,-764.734,2792.085,2417.924
2017-05-28 12:05:27.53,-769.156,2790.293,2417.245
2017-05-28 12:05:32.52,-767.909,2790.111,2417.260
2017-05-28 12:05:37.52,-766.335,2789.387,2418.843
2017-05-28 12:05:42.51,-766.676,2789.588,2416.486
2017-05-28 12:05:47.50,-764.619,2791.604,2414.375
2017-05-28 12:05:52.49,-765.294,2790.709,2414.947
2017-05-28 12:05:57.48,-766.823,2790.609,2415.302
2017-05-28 12:06:02.47,-768.215,2792.221,2413.784
2017-05-28 12:06:07.46,-769.232,2791.015,2413.412
2017-05-28 12:06:12.45,-772.172,2787.794,2413.045
2017-05-28 12:06:17.45,-770.777,2791.397,2411.738
2017-05-28 12:06:22.44,-769.208,2790.233,2413.091
2017-05-28 12:06:27.43,-769.252,2791.613,2413.882
2017-05-28 12:06:32.42,-768.710,2789.496,2413.649
2017-05-28 12:06:37.41,-771.659,2791.247,2413.366
2017-05-28 12:06:42.40,-768.029,2791.076,2409.712
2017-05-28 12:06:47.39,-765.967,2792.620,2412.820
2017-05-28 12:06:52.38,-761.519,2792.113,2412.618
2017-05-28 12:06:57.38,-765.305,2790.348,2415.299
2017-05-28 12:07:02.37,-766.079,2793.957,2414.573
2017-05-28 12:07:07.36,-767.212,2790.690,2413.915
2017-05-28 12:07:12.35,-766.938,2788.989,2413.984
2017-05-28 12:07:17.34,-768.439,2789.624,2418.404
2017-05-28 12:07:22.33,-766.891,2790.829,2417.946
2017-05-28 12:07:27.32,-765.778,2791.646,2418.940
2017-05-28 12:07:32.31,-764.569,2793.412,2417.078
2017-05-28 12:07:37.30,-761.195,2792.020,2415.569
2017-05-28 12:07:42.30,-762.916,2790.654,2415.765
2017-05-28 12:07:47.29,-763.713,2789.072,2415.935
2017-05-28 12:07:52.28,-764.152,2788.115,2415.411
2017-05-28 12:07:57.27,-763.244,2791.168,2420.364
2017-05-28 12:08:02.26,-765.004,2789.240,2423.389
2017-05-28 12:08:07.25,-767.644,2790.108,2421.211
2017-05-28 12:08:12.24,-766.346,2792.013,2418.023
2017-05-28 12:08:17.23,-764.735,2793.209,2418.684
2017-05-28 12:08:22.22,-765.571,2791.678,2418.939
2017-05-28 12:08:27.22,-764.419,2790.109,2416.308
2017-05-28 12:08:32.21,-763.263,2791.825,2417.639
2017-05-28 12:08:37.20,-761.477,2791.452,2414.312
2017-05-28 12:08:42.19,-762.691,2791.742,2414.544
2017-05-28 12:08:47.18,-762.433,2793.712,2418.559
2017-05-28 12:08:52.17,-763.361,2793.480,2411.542
2017-05-28 12:08:57.16,-761.476,2793.331,2414.927
2017-05-28 12:09:02.15,-764.588,2792.985,2415.373
2017-05-28 12:09:07.16,-761.629,2793.586,2417.509
2017-05-28 12:09:12.15,-762.885,2791.956,2416.757
2017-05-28 12:09:17.14,-764.127,2791.799,2413.517
2017-05-28 12:09:22.14,-762.888,2791.421,2416.762
2017-05-28 12:09:27.13,-760.851,2792.832,2413.997
2017-05-28 12:09:32.12,-764.339,2794.959,2415.432
2017-05-28 12:09:37.11,-764.119,2793.938,2413.877
2017-05-28 12:09:42.10,-764.309,2793.768,2413.884
2017-05-28 12:09:47.09,-763.049,2792.778,2414.935
2017-05-28 12:09:52.08,-761.434,2795.289,2413.467
2017-05-28 12:09:57.07,-763.702,2792.604,2413.777
2017-05-28 12:10:02.06,-759.114,2795.648,2415.558
2017-05-28 12:10:07.06,-761.154,2796.846,2413.884
2017-05-28 12:10:12.05,-764.118,2794.721,2418.281
2017-05-28 12:10:17.04,-764.434,2795.181,2416.955
2017-05-28 12:10:22.03,-763.188,2797.398,2411.972
2017-05-28 12:10:27.02,-763.784,2795.052,2414.866
2017-05-28 12:10:32.01,-763.306,2797.084,2416.649
2017-05-28 12:10:37.00,-763.765,2796.346,2416.354
2017-05-28 12:10:41.99,-766.354,2794.128,2415.729
2017-05-28 12:10:46.98,-764.478,2794.250,2418.309
2017-05-28 12:10:51.98,-765.494,2795.863,2413.485
2017-05-28 12:10:56.97,-763.656,2796.689,2412.850
2017-05-28 12:11:01.96,-762.455,2796.422,2416.525
2017-05-28 12:11:06.95,-762.165,2796.239,2415.176
2017-05-28 12:11:11.94,-763.726,2795.162,2414.988
2017-05-28 12:11:16.93,-761.201,2794.213,2415.622
2017-05-28 12:11:21.92,-763.398,2794.291,2414.273
2017-05-28 12:11:26.91,-761.952,2795.045,2412.782
2017-05-28 12:11:31.91,-763.821,2794.089,2411.681
2017-05-28 12:11:36.90,-763.269,2795.729,2412.124
2017-05-28 12:11:41.89,-765.238,2794.106,2410.936
2017-05-28 12:11:46.88,-765.025,2793.250,2409.696
2017-05-28 12:11:51.87,-763.998,2794.265,2412.607
2017-05-28 12:11:56.86,-762.559,2796.309,2411.672
2017-05-28 12:12:01.85,-765.452,2794.274,2412.325
2017-05-28 12:12:06.84,-764.587,2794.471,2411.939
2017-05-28 12:12:11.83,-766.611,2791.224,2413.538
2017-05-28 12:12:16.83,-764.150,2795.124,2413.269
2017-05-28 12:12:21.82,-763.382,2795.755,2409.560
2017-05-28 12:12:26.82,-760.228,2797.364,2412.178
2017-05-28 12:12:31.82,-761.894,2798.011,2411.110
2017-05-28 12:12:36.81,-765.883,2796.164,2411.678
2017-05-28 12:12:41.80,-766.779,2796.093,2408.948
2017-05-28 12:12:46.79,-763.524,2795.735,2406.473
2017-05-28 12:12:51.78,-766.844,2798.664,2408.396
2017-05-28 12:12:56.77,-764.222,2797.312,2410.217
2017-05-28 12:13:01.76,-764.633,2794.799,2411.399
2017-05-28 12:13:06.75,-762.697,2795.755,2408.754
2017-05-28 12:13:11.74,-761.316,2794.671,2407.426
2017-05-28 12:13:16.74,-762.991,2794.253,2408.652
2017-05-28 12:13:21.73,-764.319,2796.143,2408.849
2017-05-28 12:13:26.72,-762.188,2796.222,2406.778
2017-05-28 12:13:31.71,-763.982,2796.558,2409.361
2017-05-28 12:13:36.70,-764.846,2796.976,2408.896
2017-05-28 12:13:41.69,-762.111,2796.356,2411.238
2017-05-28 12:13:46.68,-768.215,2794.085,2406.353
2017-05-28 12:13:51.67,-765.498,2796.451,2405.765
2017-05-28 12:13:56.66,-763.843,2797.363,2404.546
2017-05-28 12:14:01.66,-763.105,2796.856,2401.530
2017-05-28 12:14:06.65,-764.209,2797.503,2402.842
2017-05-28 12:14:11.64,-765.344,2797.348,2401.608
2017-05-28 12:14:16.63,-762.268,2795.492,2406.190
2017-05-28 12:14:21.62,-764.872,2796.994,2407.875
2017-05-28 12:14:26.61,-762.903,2797.954,2406.722
2017-05-28 12:14:31.60,-762.776,2796.288,2408.292
2017-05-28 12:14:36.59,-761.622,2795.468,2407.472
2017-05-28 12:14:41.59,-760.984,2797.955,2407.285
2017-05-28 12:14:46.58,-762.768,2797.675,2407.534
2017-05-28 12:14:51.57,-763.068,2794.441,2403.880
2017-05-28 12:14:56.56,-762.825,2794.343,2406.212
2017-05-28 12:15:01.55,-759.896,2795.536,2406.632
2017-05-28 12:15:06.54,-758.945,2796.606,2412.082
2017-05-28 12:15:11.53,-758.093,2794.243,2412.406
2017-05-28 12:15:16.52,-761.571,2796.346,2410.489
2017-05-28 12:15:21.52,-760.986,2796.589,2414.260
2017-05-28 12:15:26.51,-758.962,2796.977,2412.101
2017-05-28 12:15:31.50,-758.782,2794.164,2413.398
2017-05-28 12:15:36.49,-761.069,2794.237,2409.206
2017-05-28 12:15:41.48,-760.444,2794.789,2408.549
2017-05-28 12:15:46.47,-762.386,2792.607,2407.848
2017-05-28 12:15:51.46,-761.371,2792.998,2409.458
2017-05-28 12:15:56.45,-761.960,2795.096,2409.812
2017-05-28 12:16:01.44,-759.704,2796.305,2411.253
2017-05-28 12:16:06.44,-760.519,2795.008,2413.322
2017-05-28 12:16:11.43,-761.040,2795.122,2413.430
2017-05-28 12:16:16.42,-765.112,2792.341,2408.172
2017-05-28 12:16:21.41,-767.745,2790.390,2407.606
2017-05-28 12:16:26.40,-768.211,2793.892,2408.698
2017-05-28 12:16:31.41,-762.338,2794.806,2406.558
2017-05-28 12:16:36.40,-763.243,2794.442,2408.811
2017-05-28 12:16:41.39,-765.285,2793.046,2407.308
2017-05-28 12:16:46.38,-763.401,2794.448,2408.765
2017-05-28 12:16:51.37,-762.089,2795.371,2409.263
2017-05-28 12:16:56.36,-761.446,2793.053,2407.649
2017-05-28 12:17:01.35,-765.811,2792.410,2408.799
2017-05-28 12:17:06.35,-766.639,2793.361,2409.525
2017-05-28 12:17:11.34,-761.016,2795.636,2406.313
2017-05-28 12:17:16.33,-762.572,2793.152,2406.851
2017-05-28 12:17:21.32,-764.175,2792.719,2409.042
2017-05-28 12:17:26.31,-759.781,2794.308,2409.083
2017-05-28 12:17:31.30,-763.804,2793.115,2411.291
2017-05-28 12:17:36.29,-763.020,2791.760,2412.783
2017-05-28 12:17:41.29,-762.351,2791.957,2414.965
2017-05-28 12:17:46.28,-758.326,2796.218,2409.849
2017-05-28 12:17:51.27,-760.844,2795.297,2407.866
2017-05-28 12:17:56.26,-759.304,2793.509,2412.214
2017-05-28 12:18:01.25,-759.769,2794.358,2412.419
2017-05-28 12:18:06.24,-757.406,2794.568,2412.050
2017-05-28 12:18:11.23,-757.568,2794.158,2409.743
2017-05-28 12:18:16.22,-756.275,2796.114,2411.106
2017-05-28 12:18:21.22,-762.461,2795.688,2409.614
2017-05-28 12:18:26.21,-759.326,2795.458,2408.879
2017-05-28 12:18:31.20,-760.826,2796.865,2407.721
2017-05-28 12:18:36.19,-763.182,2795.885,2406.624
2017-05-28 12:18:41.18,-760.266,2795.618,2405.861
2017-05-28 12:18:46.17,-760.740,2795.378,2408.415
2017-05-28 12:18:51.16,-760.158,2798.472,2409.303
2017-05-28 12:18:56.15,-762.089,2797.684,2409.665
2017-05-28 12:19:01.15,-763.879,2796.648,2408.575
2017-05-28 12:19:06.14,-759.817,2796.472,2408.429
2017-05-28 12:19:11.13,-760.280,2798.091,2410.049
2017-05-28 12:19:16.12,-762.376,2797.538,2412.102
2017-05-28 12:19:21.13,-761.428,2797.661,2412.951
2017-05-28 12:19:26.12,-763.244,2796.634,2408.585
2017-05-28 12:19:31.11,-763.504,2796.125,2411.621
2017-05-28 12:19:36.10,-764.309,2796.776,2409.421
2017-05-28 12:19:41.09,-765.645,2797.097,2403.245
2017-05-28 12:19:46.08,-765.042,2796.967,2404.617
2017-05-28 12:19:51.07,-760.220,2798.756,2407.381
2017-05-28 12:19:56.06,-759.656,2797.479,2405.235
2017-05-28 12:20:01.05,-760.973,2797.324,2408.015
2017-05-28 12:20:06.05,-763.994,2801.435,2406.984
2017-05-28 12:20:11.04,-761.557,2798.430,2411.818
2017-05-28 12:20:16.03,-764.192,2797.752,2414.425
2017-05-28 12:20:21.02,-764.164,2796.990,2408.362
2017-05-28 12:20:26.01,-762.101,2798.046,2409.702
2017-05-28 12:20:31.00,-763.408,2798.388,2408.717
2017-05-28 12:20:35.99,-763.279,2796.441,2407.549
2017-05-28 12:20:40.99,-764.078,2796.213,2407.439
2017-05-28 12:20:45.98,-763.196,2795.010,2405.312
2017-05-28 12:20:50.97,-763.916,2796.196,2406.309
2017-05-28 12:20:55.96,-762.734,2796.117,2402.541
2017-05-28 12:21:00.95,-762.181,2794.817,2402.515
2017-05-28 12:21:05.94,-762.764,2792.102,2405.174
2017-05-28 12:21:10.93,-761.362,2794.842,2404.368
2017-05-28 12:21:15.94,-761.863,2795.949,2407.181
2017-05-28 12:21:20.93,-760.316,2795.531,2407.727
2017-05-28 12:21:25.92,-758.928,2795.768,2407.492
2017-05-28 12:21:30.91,-758.459,2794.429,2400.247
2017-05-28 12:21:35.90,-759.413,2794.691,2403.902
2017-05-28 12:21:40.90,-759.878,2795.375,2403.121
2017-05-28 12:21:45.89,-761.195,2798.139,2401.644
2017-05-28 12:21:50.88,-759.529,2796.362,2403.172
2017-05-28 12:21:55.87,-760.616,2795.142,2405.178
2017-05-28 12:22:00.86,-756.150,2796.805,2406.950
2017-05-28 12:22:05.85,-756.704,2796.141,2408.854
2017-05-28 12:22:10.84,-756.663,2794.477,2407.461
2017-05-28 12:22:15.83,-758.307,2793.595,2406.997
2017-05-28 12:22:20.83,-761.902,2793.980,2409.732
2017-05-28 12:22:25.82,-758.219,2794.781,2409.010
2017-05-28 12:22:30.81,-757.400,2798.395,2407.990
2017-05-28 12:22:35.80,-754.517,2796.819,2406.793
2017-05-28 12:22:40.79,-757.805,2797.766,2405.881
2017-05-28 12:22:45.78,-756.762,2799.567,2402.655
2017-05-28 12:22:50.77,-755.518,2799.915,2405.092
2017-05-28 12:22:55.76,-758.770,2795.274,2404.032
2017-05-28 12:23:00.75,-756.558,2797.368,2409.234
2017-05-28 12:23:05.75,-754.645,2796.475,2409.342
2017-05-28 12:23:10.74,-756.461,2799.068,2408.760
2017-05-28 12:23:15.73,-758.608,2797.609,2406.228
2017-05-28 12:23:20.72,-758.031,2796.033,2406.796
2017-05-28 12:23:25.71,-759.453,2796.325,2405.798
2017-05-28 12:23:30.70,-756.941,2799.570,2407.345
2017-05-28 12:23:35.69,-755.719,2796.686,2410.374
2017-05-28 12:23:40.69,-754.251,2797.632,2412.510
2017-05-28 12:23:45.68,-754.669,2797.232,2413.243
2017-05-28 12:23:50.68,-754.130,2795.164,2413.243
2017-05-28 12:23:55.67,-757.169,2797.416,2413.511
2017-05-28 12:24:00.67,-755.492,2797.099,2408.986
2017-05-28 12:24:05.66,-754.137,2796.699,2407.389
2017-05-28 12:24:10.65,-752.212,2796.061,2409.720
2017-05-28 12:24:15.64,-754.459,2797.698,2411.563
2017-05-28 12:24:20.63,-759.008,2796.930,2412.858
2017-05-28 12:24:25.62,-756.264,2796.759,2410.548
2017-05-28 12:24:30.61,-755.799,2796.328,2412.690
2017-05-28 12:24:35.60,-755.302,2795.975,2409.819
2017-05-28 12:24:40.60,-754.625,2793.993,2408.154
2017-05-28 12:24:45.59,-755.220,2795.167,2407.497
2017-05-28 12:24:50.58,-754.374,2798.349,2410.884
2017-05-28 12:24:55.57,-752.312,2798.565,2411.944
2017-05-28 12:25:00.56,-754.496,2799.111,2410.348
2017-05-28 12:25:05.55,-753.549,2800.492,2409.572
2017-05-28 12:25:10.54,-753.502,2799.745,2411.272
2017-05-28 12:25:15.53,-754.604,2799.500,2406.901
2017-05-28 12:25:20.52,-753.963,2798.805,2410.902
2017-05-28 12:25:25.52,-754.767,2799.056,2411.252
2017-05-28 12:25:30.51,-755.564,2800.138,2408.958
2017-05-28 12:25:35.50,-755.179,2800.739,2409.777
2017-05-28 12:25:40.49,-754.600,2798.988,2409.922
2017-05-28 12:25:45.48,-755.205,2802.525,2408.215
2017-05-28 12:25:50.47,-751.653,2800.037,2408.649
2017-05-28 12:25:55.46,-753.879,2803.124,2408.980
2017-05-28 12:26:00.45,-755.843,2801.461,2406.997
2017-05-28 12:26:05.46,-757.144,2799.022,2408.664
2017-05-28 12:26:10.45,-755.092,2800.729,2405.593
2017-05-28 12:26:15.44,-752.996,2800.377,2404.712
2017-05-28 12:26:20.44,-754.604,2798.723,2404.452
2017-05-28 12:26:25.43,-753.386,2797.941,2406.606
2017-05-28 12:26:30.42,-752.695,2797.841,2405.235
2017-05-28 12:26:35.41,-754.066,2799.199,2405.779
2017-05-28 12:26:40.40,-755.682,2799.126,2405.981
2017-05-28 12:26:45.39,-751.579,2801.325,2405.995
2017-05-28 12:26:50.37,-749.635,2800.075,2406.273
2017-05-28 12:26:55.36,-752.137,2800.790,2404.239
2017-05-28 12:27:00.37,-753.605,2800.969,2401.657
2017-05-28 12:27:05.34,-753.842,2800.576,2403.522
2017-05-28 12:27:10.33,-751.316,2801.862,2403.725
2017-05-28 12:27:15.34,-750.045,2800.221,2403.707
2017-05-28 12:27:20.33,-750.878,2799.851,2405.511
2017-05-28 12:27:25.32,-749.297,2801.851,2406.730
2017-05-28 12:27:30.31,-748.519,2804.963,2403.915
2017-05-28 12:27:35.30,-749.999,2801.670,2404.552
2017-05-28 12:27:40.29,-747.428,2800.941,2404.835
2017-05-28 12:27:45.29,-751.127,2802.732,2403.177
2017-05-28 12:27:50.28,-749.713,2802.985,2405.425
2017-05-28 12:27:55.27,-750.605,2803.816,2406.659
2017-05-28 12:28:00.26,-750.411,2802.033,2407.328
2017-05-28 12:28:05.25,-751.216,2802.417,2409.681
2017-05-28 12:28:10.24,-751.267,2801.569,2406.259
2017-05-28 12:28:15.23,-751.376,2802.694,2407.930
2017-05-28 12:28:20.22,-750.957,2803.490,2407.776
2017-05-28 12:28:25.22,-751.016,2801.328,2406.887
2017-05-28 12:28:30.21,-749.498,2803.622,2405.971
2017-05-28 12:28:35.20,-750.914,2804.642,2403.639
2017-05-28 12:28:40.19,-749.509,2804.546,2403.745
2017-05-28 12:28:45.18,-748.247,2803.225,2400.819
2017-05-28 12:28:50.17,-751.496,2805.298,2398.737
2017-05-28 12:28:55.16,-749.252,2805.559,2399.056
2017-05-28 12:29:00.15,-749.138,2806.173,2404.629
2017-05-28 12:29:05.15,-749.309,2803.892,2406.455
2017-05-28 12:29:10.14,-749.375,2804.059,2403.704
2017-05-28 12:29:15.13,-748.435,2804.760,2400.275
2017-05-28 12:29:20.12,-746.698,2807.308,2405.487
2017-05-28 12:29:25.11,-747.691,2805.732,2402.843
2017-05-28 12:29:30.10,-746.124,2805.081,2404.915
2017-05-28 12:29:35.09,-747.079,2801.649,2403.320
2017-05-28 12:29:40.08,-747.388,2804.484,2404.028
2017-05-28 12:29:45.08,-748.151,2804.256,2403.925
2017-05-28 12:29:50.07,-744.473,2803.945,2402.921
2017-05-28 12:29:55.06,-744.814,2804.242,2398.704
2017-05-28 12:30:00.05,-745.011,2804.604,2402.922
2017-05-28 12:30:05.04,-744.541,2805.371,2405.852
2017-05-28 12:30:10.05,-743.841,2807.146,2405.302
2017-05-28 12:30:15.04,-744.907,2803.745,2408.194
2017-05-28 12:30:20.03,-744.832,2803.670,2409.033
2017-05-28 12:30:25.02,-743.674,2804.793,2404.780
2017-05-28 12:30:30.01,-744.564,2803.804,2405.093
2017-05-28 12:30:35.00,-748.078,2804.068,2407.825
2017-05-28 12:30:39.99,-749.595,2804.788,2406.739
2017-05-28 12:30:44.98,-743.917,2803.508,2406.253
2017-05-28 12:30:49.98,-743.808,2801.930,2406.819
2017-05-28 12:30:54.97,-742.951,2802.408,2410.355
2017-05-28 12:30:59.96,-742.216,2802.072,2412.927
2017-05-28 12:31:04.95,-744.734,2803.652,2408.429
2017-05-28 12:31:09.94,-745.764,2803.757,2406.718
2017-05-28 12:31:14.93,-745.548,2805.492,2407.019
2017-05-28 12:31:19.92,-744.176,2805.435,2407.584
2017-05-28 12:31:24.91,-742.971,2805.798,2405.257
2017-05-28 12:31:29.91,-743.612,2805.138,2405.914
2017-05-28 12:31:34.90,-742.809,2806.571,2405.911
2017-05-28 12:31:39.89,-742.153,2804.059,2406.749
2017-05-28 12:31:44.88,-742.612,2804.857,2407.429
2017-05-28 12:31:49.87,-743.921,2805.608,2408.781
2017-05-28 12:31:54.86,-746.921,2805.318,2408.770
2017-05-28 12:31:59.85,-742.730,2806.739,2407.239
2017-05-28 12:32:04.84,-743.373,2806.400,2406.757
2017-05-28 12:32:09.84,-744.019,2806.898,2406.221
2017-05-28 12:32:14.83,-745.474,2807.305,2407.909
2017-05-28 12:32:19.82,-742.449,2809.895,2404.858
2017-05-28 12:32:24.81,-740.881,2810.442,2404.575
2017-05-28 12:32:29.80,-741.966,2808.164,2401.788
2017-05-28 12:32:34.79,-744.472,2810.184,2401.625
2017-05-28 12:32:39.78,-745.489,2808.375,2403.194
2017-05-28 12:32:44.77,-743.706,2808.188,2406.644
2017-05-28 12:32:49.77,-745.852,2806.876,2405.536
2017-05-28 12:32:54.76,-746.614,2806.116,2403.957
2017-05-28 12:32:59.75,-748.988,2808.165,2407.574
2017-05-28 12:33:04.75,-746.208,2806.937,2404.458
2017-05-28 12:33:09.75,-743.782,2808.882,2404.103
2017-05-28 12:33:14.74,-745.114,2808.605,2404.169
2017-05-28 12:33:19.73,-742.213,2808.139,2406.669
2017-05-28 12:33:24.72,-744.773,2808.193,2408.172
2017-05-28 12:33:29.71,-741.642,2808.243,2406.737
2017-05-28 12:33:34.70,-744.197,2804.675,2404.158
2017-05-28 12:33:39.69,-744.405,2805.606,2404.628
2017-05-28 12:33:44.68,-742.337,2806.020,2401.987
2017-05-28 12:33:49.68,-742.586,2806.773,2403.982
2017-05-28 12:33:54.67,-744.658,2804.281,2404.770
2017-05-28 12:33:59.66,-744.488,2806.479,2402.153
2017-05-28 12:34:04.65,-743.249,2806.996,2403.201
2017-05-28 12:34:09.64,-740.238,2805.802,2400.693
2017-05-28 12:34:14.63,-742.094,2806.395,2400.882
2017-05-28 12:34:19.62,-739.446,2809.196,2399.889
2017-05-28 12:34:24.61,-743.395,2806.508,2402.897
2017-05-28 12:34:29.61,-744.041,2805.517,2405.073
2017-05-28 12:34:34.60,-741.410,2805.793,2408.511
2017-05-28 12:34:39.59,-738.285,2805.979,2406.409
2017-05-28 12:34:44.58,-739.553,2806.018,2402.064
2017-05-28 12:34:49.57,-738.139,2809.502,2402.088
2017-05-28 12:34:54.56,-739.404,2808.765,2404.749
2017-05-28 12:34:59.55,-736.313,2809.987,2406.555
2017-05-28 12:35:04.54,-739.968,2809.773,2405.870
2017-05-28 12:35:09.53,-740.848,2809.628,2408.152
2017-05-28 12:35:14.53,-741.318,2809.384,2407.092
2017-05-28 12:35:19.52,-739.008,2810.401,2408.670
2017-05-28 12:35:24.51,-739.869,2806.144,2408.003
2017-05-28 12:35:29.50,-742.410,2805.505,2409.381
2017-05-28 12:35:34.51,-740.832,2803.695,2414.102
2017-05-28 12:35:39.50,-739.685,2805.237,2412.362
2017-05-28 12:35:44.49,-744.892,2804.297,2408.018
2017-05-28 12:35:49.48,-742.924,2806.358,2410.686
2017-05-28 12:35:54.47,-740.971,2804.285,2410.158
2017-05-28 12:35:59.46,-742.172,2806.911,2413.861
2017-05-28 12:36:04.45,-738.543,2808.949,2415.268
2017-05-28 12:36:09.44,-739.035,2807.332,2413.861
2017-05-28 12:36:14.44,-739.511,2806.043,2412.576
2017-05-28 12:36:19.43,-738.332,2808.766,2414.235
2017-05-28 12:36:24.42,-736.450,2808.242,2408.708
2017-05-28 12:36:29.41,-738.548,2808.521,2408.416
2017-05-28 12:36:34.40,-737.210,2808.745,2409.536
2017-05-28 12:36:39.39,-738.789,2808.342,2411.442
2017-05-28 12:36:44.38,-737.992,2809.088,2411.816
2017-05-28 12:36:49.37,-734.195,2809.188,2408.781
2017-05-28 12:36:54.37,-737.585,2808.368,2409.780
2017-05-28 12:36:59.36,-737.732,2807.651,2413.026
2017-05-28 12:37:04.35,-736.655,2808.243,2410.695
2017-05-28 12:37:09.34,-738.105,2806.664,2408.923
2017-05-28 12:37:14.33,-735.919,2809.151,2410.162
2017-05-28 12:37:19.32,-735.658,2811.422,2405.465
2017-05-28 12:37:24.31,-736.294,2809.270,2408.409
2017-05-28 12:37:29.30,-735.038,2810.583,2412.440
2017-05-28 12:37:34.30,-735.624,2807.219,2409.569
2017-05-28 12:37:39.29,-739.648,2807.394,2409.173
2017-05-28 12:37:44.28,-736.862,2808.299,2408.372
2017-05-28 12:37:49.27,-739.324,2808.559,2406.245
2017-05-28 12:37:54.26,-739.477,2808.162,2409.291
2017-05-28 12:37:59.25,-738.052,2808.542,2405.689
2017-05-28 12:38:04.24,-736.762,2809.639,2409.515
2017-05-28 12:38:09.23,-736.116,2809.608,2409.331
2017-05-28 12:38:14.22,-736.804,2808.879,2407.877
2017-05-28 12:38:19.22,-737.815,2808.408,2410.341
2017-05-28 12:38:24.21,-740.328,2806.652,2410.819
2017-05-28 12:38:29.20,-735.558,2807.423,2410.313
2017-05-28 12:38:34.19,-736.854,2808.270,2410.170
2017-05-28 12:38:39.18,-737.964,2808.959,2410.039
2017-05-28 12:38:44.17,-737.678,2806.711,2406.271
2017-05-28 12:38:49.16,-741.783,2806.826,2409.455
2017-05-28 12:38:54.17,-740.067,2807.922,2410.577
2017-05-28 12:38:59.16,-739.564,2808.375,2410.719
2017-05-28 12:39:04.15,-738.651,2810.109,2409.868
2017-05-28 12:39:09.14,-735.834,2809.232,2405.493
2017-05-28 12:39:14.14,-734.689,2808.100,2409.653
2017-05-28 12:39:19.13,-732.898,2809.871,2411.560
2017-05-28 12:39:24.12,-731.424,2810.935,2408.602
2017-05-28 12:39:29.11,-735.286,2809.588,2409.128
2017-05-28 12:39:34.10,-734.025,2808.859,2412.855
2017-05-28 12:39:39.09,-733.992,2811.489,2411.848
2017-05-28 12:39:44.08,-733.914,2810.409,2413.925
2017-05-28 12:39:49.07,-735.533,2810.784,2413.221
2017-05-28 12:39:54.06,-733.392,2811.464,2413.634
2017-05-28 12:39:59.06,-736.327,2811.246,2409.527
2017-05-28 12:40:04.05,-734.610,2809.762,2410.351
2017-05-28 12:40:09.04,-733.749,2808.955,2409.632
2017-05-28 12:40:14.03,-731.798,2810.561,2409.302
2017-05-28 12:40:19.02,-732.778,2811.845,2412.277
2017-05-28 12:40:24.01,-735.106,2808.906,2410.622
2017-05-28 12:40:29.00,-735.588,2811.260,2411.434
2017-05-28 12:40:33.99,-735.524,2811.761,2410.437
2017-05-28 12:40:38.98,-732.989,2811.742,2409.919
2017-05-28 12:40:43.98,-735.008,2811.252,2415.225
2017-05-28 12:40:48.97,-733.155,2814.118,2412.553
2017-05-28 12:40:53.96,-732.821,2811.240,2415.339
2017-05-28 12:40:58.95,-732.661,2812.321,2414.650
2017-05-28 12:41:03.94,-734.682,2812.420,2413.876
2017-05-28 12:41:08.93,-736.851,2810.984,2414.002
2017-05-28 12:41:13.92,-736.916,2809.594,2411.459
2017-05-28 12:41:18.91,-734.642,2809.264,2412.835
2017-05-28 12:41:23.91,-733.941,2810.746,2411.595
2017-05-28 12:41:28.90,-735.422,2811.086,2411.696
2017-05-28 12:41:33.89,-731.316,2810.833,2413.385
2017-05-28 12:41:38.88,-731.928,2810.414,2411.183
2017-05-28 12:41:43.87,-729.815,2811.852,2411.283
2017-05-28 12:41:48.86,-734.402,2810.265,2414.392
2017-05-28 12:41:53.85,-730.399,2809.831,2413.341
2017-05-28 12:41:58.84,-730.032,2811.262,2413.611
2017-05-28 12:42:03.83,-730.133,2810.502,2413.251
2017-05-28 12:42:08.83,-726.792,2811.295,2413.000
2017-05-28 12:42:13.82,-729.977,2807.640,2415.818
2017-05-28 12:42:18.81,-732.968,2807.351,2413.928
2017-05-28 12:42:23.82,-730.245,2809.365,2410.968
2017-05-28 12:42:28.81,-731.126,2809.469,2413.143
2017-05-28 12:42:33.80,-731.443,2808.796,2412.690
2017-05-28 12:42:38.79,-731.604,2804.886,2411.751
2017-05-28 12:42:43.78,-731.092,2806.875,2412.562
2017-05-28 12:42:48.77,-733.521,2806.713,2414.856
2017-05-28 12:42:53.76,-732.986,2808.245,2413.199
2017-05-28 12:42:58.75,-731.639,2809.599,2413.019
2017-05-28 12:43:03.75,-732.146,2808.654,2416.919
2017-05-28 12:43:08.74,-731.764,2809.614,2415.545
2017-05-28 12:43:13.73,-733.285,2810.384,2414.954
2017-05-28 12:43:18.72,-730.020,2810.191,2414.856
2017-05-28 12:43:23.71,-730.877,2810.886,2414.197
2017-05-28 12:43:28.70,-732.910,2811.215,2416.230
2017-05-28 12:43:33.69,-731.286,2809.641,2413.628
2017-05-28 12:43:38.68,-728.752,2811.298,2414.662
2017-05-28 12:43:43.67,-730.664,2811.958,2416.309
2017-05-28 12:43:48.67,-730.827,2812.907,2416.721
2017-05-28 12:43:53.66,-728.135,2812.005,2417.354
2017-05-28 12:43:58.65,-727.445,2810.900,2417.012
2017-05-28 12:44:03.64,-729.584,2809.785,2417.674
2017-05-28 12:44:08.63,-727.662,2811.334,2416.209
2017-05-28 12:44:13.62,-730.635,2809.344,2411.800
2017-05-28 12:44:18.61,-730.724,2810.861,2410.461
2017-05-28 12:44:23.60,-733.318,2812.121,2414.537
2017-05-28 12:44:28.60,-731.792,2811.839,2415.282
2017-05-28 12:44:33.59,-732.515,2812.647,2415.870
2017-05-28 12:44:38.58,-730.883,2812.995,2417.244
2017-05-28 12:44:43.57,-729.501,2813.275,2418.406
2017-05-28 12:44:48.56,-729.118,2810.246,2414.717
2017-05-28 12:44:53.55,-733.978,2810.029,2411.425
2017-05-28 12:44:58.54,-731.954,2811.809,2413.958
2017-05-28 12:45:03.53,-733.207,2808.558,2410.855
2017-05-28 12:45:08.54,-729.956,2810.694,2408.859
2017-05-28 12:45:13.53,-727.181,2810.364,2410.580
2017-05-28 12:45:18.52,-727.364,2810.004,2407.499
2017-05-28 12:45:23.51,-728.379,2808.020,2405.806
2017-05-28 12:45:28.51,-728.828,2807.728,2406.709
2017-05-28 12:45:33.50,-730.145,2809.438,2412.211
2017-05-28 12:45:38.49,-729.829,2812.170,2411.955
2017-05-28 12:45:43.48,-728.005,2814.510,2405.548
2017-05-28 12:45:48.47,-732.269,2814.600,2407.499
2017-05-28 12:45:53.46,-731.306,2813.480,2406.032
2017-05-28 12:45:58.45,-731.996,2812.843,2409.223
2017-05-28 12:46:03.44,-730.174,2813.711,2413.868
2017-05-28 12:46:08.44,-730.393,2813.516,2410.340
2017-05-28 12:46:13.43,-732.551,2814.234,2413.856
2017-05-28 12:46:18.42,-733.681,2814.002,2410.156
2017-05-28 12:46:23.41,-730.903,2813.395,2409.925
2017-05-28 12:46:28.40,-731.111,2814.545,2408.271
2017-05-28 12:46:33.39,-730.211,2814.782,2408.904
2017-05-28 12:46:38.38,-729.359,2813.992,2410.323
2017-05-28 12:46:43.37,-728.900,2812.434,2415.565
2017-05-28 12:46:48.36,-729.268,2813.120,2412.288
2017-05-28 12:46:53.36,-725.566,2815.101,2410.775
2017-05-28 12:46:58.35,-727.416,2815.638,2415.375
2017-05-28 12:47:03.34,-729.245,2814.729,2412.306
2017-05-28 12:47:08.33,-726.883,2812.892,2410.624
2017-05-28 12:47:13.32,-732.424,2813.988,2407.486
2017-05-28 12:47:18.31,-732.930,2812.838,2407.802
2017-05-28 12:47:23.30,-726.208,2814.062,2411.592
2017-05-28 12:47:28.29,-727.702,2815.052,2411.979
2017-05-28 12:47:33.28,-728.768,2810.788,2408.833
2017-05-28 12:47:38.28,-730.764,2811.559,2411.000
2017-05-28 12:47:43.27,-727.572,2813.172,2411.005
2017-05-28 12:47:48.26,-726.824,2812.376,2413.854
2017-05-28 12:47:53.25,-725.909,2812.822,2412.179
2017-05-28 12:47:58.24,-728.660,2813.147,2407.944
2017-05-28 12:48:03.23,-731.421,2813.751,2409.205
2017-05-28 12:48:08.22,-724.918,2812.263,2410.191
2017-05-28 12:48:13.22,-724.874,2814.833,2411.133
2017-05-28 12:48:18.21,-726.536,2814.575,2408.558
2017-05-28 12:48:23.20,-725.201,2812.842,2409.861
2017-05-28 12:48:28.19,-722.406,2815.261,2412.040
2017-05-28 12:48:33.18,-725.771,2813.856,2409.342
2017-05-28 12:48:38.17,-726.256,2814.400,2411.733
2017-05-28 12:48:43.16,-723.372,2816.701,2410.056
2017-05-28 12:48:48.15,-719.999,2818.589,2411.137
2017-05-28 12:48:53.14,-720.999,2818.649,2408.372
2017-05-28 12:48:58.14,-722.099,2816.915,2409.733
2017-05-28 12:49:03.14,-725.266,2816.836,2411.760
2017-05-28 12:49:08.13,-725.149,2817.391,2409.409
2017-05-28 12:49:13.12,-722.042,2814.624,2411.333
2017-05-28 12:49:18.12,-720.754,2816.209,2414.483
2017-05-28 12:49:23.11,-715.371,2817.697,2413.096
2017-05-28 12:49:28.10,-717.733,2815.833,2410.773
2017-05-28 12:49:33.09,-718.465,2817.392,2413.882
2017-05-28 12:49:38.08,-717.872,2815.943,2410.811
2017-05-28 12:49:43.07,-717.758,2815.532,2411.565
2017-05-28 12:49:48.06,-717.934,2816.948,2410.296
2017-05-28 12:49:53.05,-715.895,2819.241,2412.327
2017-05-28 12:49:58.05,-716.715,2817.952,2410.648
2017-05-28 12:50:03.04,-716.062,2816.688,2410.032
2017-05-28 12:50:08.03,-718.291,2814.653,2407.633
2017-05-28 12:50:13.02,-720.551,2815.252,2409.279
2017-05-28 12:50:18.01,-721.064,2816.309,2409.596
2017-05-28 12:50:23.00,-716.168,2818.616,2411.068
2017-05-28 12:50:27.99,-716.219,2818.369,2408.053
2017-05-28 12:50:32.98,-719.187,2818.139,2408.046
2017-05-28 12:50:37.98,-717.614,2818.655,2409.677
2017-05-28 12:50:42.97,-718.324,2818.273,2410.842
2017-05-28 12:50:47.96,-712.154,2818.248,2407.115
2017-05-28 12:50:52.95,-710.324,2819.097,2406.586
2017-05-28 12:50:57.94,-711.874,2819.233,2406.520
2017-05-28 12:51:02.93,-713.940,2820.689,2405.121
2017-05-28 12:51:07.92,-710.498,2820.993,2407.003
2017-05-28 12:51:12.91,-709.418,2820.316,2401.093
2017-05-28 12:51:17.90,-710.074,2818.291,2404.359
2017-05-28 12:51:22.90,-710.082,2818.839,2405.662
2017-05-28 12:51:27.89,-708.186,2821.989,2404.816
2017-05-28 12:51:32.88,-709.072,2821.884,2405.460
2017-05-28 12:51:37.87,-710.804,2821.782,2405.501
2017-05-28 12:51:42.86,-708.584,2819.622,2406.689
2017-05-28 12:51:47.87,-708.869,2821.859,2407.766
2017-05-28 12:51:52.86,-710.044,2821.291,2408.000
2017-05-28 12:51:57.85,-706.968,2818.660,2409.288
2017-05-28 12:52:02.84,-706.132,2818.413,2409.649
2017-05-28 12:52:07.83,-705.427,2820.616,2407.591
2017-05-28 12:52:12.82,-703.545,2822.252,2408.495
2017-05-28 12:52:17.81,-704.609,2821.023,2409.429
2017-05-28 12:52:22.80,-706.366,2823.031,2409.675
2017-05-28 12:52:27.80,-705.644,2823.048,2405.437
2017-05-28 12:52:32.79,-704.815,2824.338,2405.083
2017-05-28 12:52:37.78,-708.377,2824.974,2406.803
2017-05-28 12:52:42.77,-707.679,2826.270,2407.059
2017-05-28 12:52:47.76,-704.238,2827.612,2406.669
2017-05-28 12:52:52.75,-704.986,2826.812,2410.385
2017-05-28 12:52:57.74,-704.236,2826.516,2407.872
2017-05-28 12:53:02.73,-700.742,2828.956,2407.415
2017-05-28 12:53:07.72,-706.122,2825.528,2403.397
2017-05-28 12:53:12.71,-701.678,2827.261,2403.145
2017-05-28 12:53:17.71,-701.265,2827.495,2402.291
2017-05-28 12:53:22.70,-700.276,2827.184,2404.211
2017-05-28 12:53:27.69,-700.159,2827.288,2405.975
2017-05-28 12:53:32.68,-700.434,2829.462,2406.199
2017-05-28 12:53:37.67,-698.108,2827.473,2402.873
2017-05-28 12:53:42.66,-696.843,2830.053,2403.563
2017-05-28 12:53:47.65,-699.985,2828.434,2403.696
2017-05-28 12:53:52.64,-695.321,2831.859,2403.553
2017-05-28 12:53:57.63,-692.328,2830.386,2401.801
2017-05-28 12:54:02.63,-691.480,2831.020,2404.811
2017-05-28 12:54:07.62,-692.685,2831.571,2404.043
2017-05-28 12:54:12.61,-691.875,2832.369,2406.326
2017-05-28 12:54:17.60,-691.530,2832.000,2403.404
2017-05-28 12:54:22.59,-688.157,2832.857,2405.952
2017-05-28 12:54:27.58,-688.214,2832.519,2409.770
2017-05-28 12:54:32.57,-690.414,2832.211,2403.169
2017-05-28 12:54:37.56,-689.568,2829.028,2406.270
2017-05-28 12:54:42.57,-691.860,2827.582,2407.935
2017-05-28 12:54:47.56,-689.779,2829.644,2408.412
2017-05-28 12:54:52.55,-688.647,2830.936,2406.982
2017-05-28 12:54:57.54,-685.657,2828.564,2405.091
2017-05-28 12:55:02.54,-689.133,2827.685,2405.540
2017-05-28 12:55:07.53,-687.965,2827.899,2406.227
2017-05-28 12:55:12.52,-689.672,2827.341,2405.758
2017-05-28 12:55:17.51,-686.352,2829.851,2402.980
2017-05-28 12:55:22.50,-684.125,2830.872,2404.098
2017-05-28 12:55:27.49,-684.357,2831.019,2406.061
2017-05-28 12:55:32.48,-685.112,2829.552,2404.914
2017-05-28 12:55:37.47,-679.501,2827.712,2402.741
2017-05-28 12:55:42.46,-682.166,2828.306,2404.788
2017-05-28 12:55:47.45,-684.214,2831.875,2402.243
2017-05-28 12:55:52.45,-683.586,2832.740,2403.947
2017-05-28 12:55:57.44,-681.293,2831.227,2407.578
2017-05-28 12:56:02.43,-677.858,2831.199,2404.983
2017-05-28 12:56:07.42,-679.024,2833.396,2402.712
2017-05-28 12:56:12.41,-680.511,2830.935,2406.623
2017-05-28 12:56:17.40,-678.684,2832.823,2404.841
2017-05-28 12:56:22.39,-675.746,2829.598,2405.441
2017-05-28 12:56:27.38,-677.289,2830.164,2403.464
2017-05-28 12:56:32.37,-675.918,2830.748,2404.555
2017-05-28 12:56:37.37,-677.685,2832.263,2404.130
2017-05-28 12:56:42.36,-676.026,2831.285,2403.273
2017-05-28 12:56:47.35,-674.786,2832.061,2405.340
2017-05-28 12:56:52.34,-675.996,2832.793,2403.894
2017-05-28 12:56:57.33,-677.269,2833.821,2402.005
2017-05-28 12:57:02.32,-675.694,2833.463,2406.589
2017-05-28 12:57:07.31,-677.944,2833.592,2405.005
2017-05-28 12:57:12.30,-679.579,2831.602,2406.632
2017-05-28 12:57:17.30,-676.470,2835.865,2405.141
2017-05-28 12:57:22.29,-675.469,2836.959,2406.199
2017-05-28 12:57:27.28,-671.000,2834.749,2410.110
2017-05-28 12:57:32.27,-672.979,2832.998,2403.634
2017-05-28 12:57:37.26,-672.469,2832.016,2404.505
2017-05-28 12:57:42.25,-673.586,2833.438,2405.752
2017-05-28 12:57:47.24,-672.117,2834.286,2404.462
2017-05-28 12:57:52.23,-670.231,2836.721,2404.463
2017-05-28 12:57:57.22,-670.108,2836.351,2397.863
2017-05-28 12:58:02.22,-671.008,2833.045,2401.857
2017-05-28 12:58:07.21,-672.071,2835.072,2404.730
2017-05-28 12:58:12.20,-671.866,2834.306,2404.299
2017-05-28 12:58:17.19,-672.968,2833.278,2402.514
2017-05-28 12:58:22.18,-670.455,2835.528,2404.823
2017-05-28 12:58:27.17,-669.878,2837.692,2403.146
2017-05-28 12:58:32.16,-670.905,2837.720,2404.122
2017-05-28 12:58:37.15,-670.868,2837.772,2409.252
2017-05-28 12:58:42.14,-670.995,2837.312,2407.526
2017-05-28 12:58:47.14,-674.567,2837.821,2409.466
2017-05-28 12:58:52.13,-670.346,2835.319,2406.262
2017-05-28 12:58:57.13,-669.296,2836.374,2410.438
2017-05-28 12:59:02.13,-669.100,2835.119,2408.217
2017-05-28 12:59:07.12,-669.165,2836.438,2406.203
2017-05-28 12:59:12.11,-664.489,2837.662,2403.855
2017-05-28 12:59:17.10,-666.521,2838.033,2404.916
2017-05-28 12:59:22.09,-665.476,2838.796,2410.760
2017-05-28 12:59:27.08,-665.959,2839.831,2406.259
2017-05-28 12:59:32.07,-665.419,2839.451,2410.045
2017-05-28 12:59:37.06,-666.468,2836.720,2412.398
2017-05-28 12:59:42.05,-668.274,2834.861,2413.843
2017-05-28 12:59:47.05,-667.194,2835.307,2412.155
2017-05-28 12:59:52.04,-668.894,2835.015,2415.139
2017-05-28 12:59:57.03,-667.071,2834.289,2410.292
2017-05-28 13:00:02.02,-668.057,2834.677,2409.670
2017-05-28 13:00:07.01,-666.238,2836.370,2407.970
2017-05-28 13:00:12.00,-665.436,2837.919,2406.992
2017-05-28 13:00:16.99,-665.581,2838.237,2407.891
2017-05-28 13:00:21.98,-665.609,2836.715,2407.626
2017-05-28 13:00:26.97,-665.176,2837.286,2408.651
2017-05-28 13:00:31.97,-661.254,2838.428,2407.411
2017-05-28 13:00:36.96,-664.491,2839.961,2406.398
2017-05-28 13:00:41.95,-665.208,2839.005,2402.665
2017-05-28 13:00:46.94,-663.169,2836.288,2401.823
2017-05-28 13:00:51.93,-660.804,2839.726,2402.895
2017-05-28 13:00:56.92,-663.481,2840.155,2403.015
2017-05-28 13:01:01.91,-659.506,2841.542,2404.813
2017-05-28 13:01:06.90,-665.819,2839.014,2408.963
2017-05-28 13:01:11.89,-661.320,2838.086,2406.729
2017-05-28 13:01:16.89,-661.602,2836.662,2405.438
2017-05-28 13:01:21.88,-659.120,2836.718,2403.392
2017-05-28 13:01:26.87,-657.330,2838.055,2403.515
2017-05-28 13:01:31.86,-655.821,2839.889,2400.923
2017-05-28 13:01:36.85,-656.274,2840.203,2401.924
2017-05-28 13:01:41.84,-656.656,2842.586,2402.648
2017-05-28 13:01:46.83,-653.494,2845.546,2403.366
2017-05-28 13:01:51.82,-650.994,2843.351,2400.311
2017-05-28 13:01:56.82,-654.709,2845.139,2399.264
2017-05-28 13:02:01.82,-660.394,2844.324,2403.439
2017-05-28 13:02:06.81,-657.586,2842.472,2401.111
2017-05-28 13:02:11.80,-660.080,2842.181,2399.076
2017-05-28 13:02:16.80,-660.165,2841.868,2399.459
2017-05-28 13:02:21.79,-658.457,2838.699,2399.977
2017-05-28 13:02:26.78,-657.892,2838.967,2401.606
2017-05-28 13:02:31.77,-656.386,2843.901,2404.928
2017-05-28 13:02:36.76,-654.934,2843.199,2404.079
2017-05-28 13:02:41.75,-656.903,2838.482,2401.355
2017-05-28 13:02:46.74,-658.281,2839.109,2399.058
2017-05-28 13:02:51.73,-657.133,2840.288,2403.876
2017-05-28 13:02:56.72,-655.838,2841.500,2403.471
2017-05-28 13:03:01.72,-656.040,2839.701,2401.927
2017-05-28 13:03:06.71,-654.614,2839.467,2401.408
2017-05-28 13:03:11.70,-655.755,2839.032,2403.767
2017-05-28 13:03:16.69,-657.379,2839.656,2403.749
2017-05-28 13:03:21.68,-659.185,2839.597,2401.625
2017-05-28 13:03:26.67,-658.564,2840.761,2404.923
2017-05-28 13:03:31.66,-659.097,2842.477,2401.221
2017-05-28 13:03:36.65,-660.006,2840.651,2400.153
2017-05-28 13:03:41.64,-661.058,2839.660,2398.502
2017-05-28 13:03:46.64,-661.435,2842.125,2400.144
2017-05-28 13:03:51.63,-662.685,2840.172,2400.605
2017-05-28 13:03:56.62,-664.435,2842.142,2401.363
2017-05-28 13:04:01.61,-660.271,2843.045,2403.128
2017-05-28 13:04:06.60,-658.475,2843.585,2400.532
2017-05-28 13:04:11.59,-659.072,2843.404,2400.619
2017-05-28 13:04:16.58,-657.458,2843.248,2397.324
2017-05-28 13:04:21.57,-659.909,2842.174,2402.062
2017-05-28 13:04:26.57,-658.566,2843.323,2402.782
2017-05-28 13:04:31.56,-658.630,2842.684,2397.675
2017-05-28 13:04:36.55,-656.976,2841.478,2400.577
2017-05-28 13:04:41.54,-657.796,2840.549,2402.587
2017-05-28 13:04:46.53,-659.048,2838.672,2403.006
2017-05-28 13:04:51.54,-660.569,2840.048,2402.825
2017-05-28 13:04:56.53,-657.501,2841.377,2407.065
2017-05-28 13:05:01.52,-652.262,2845.000,2405.661
2017-05-28 13:05:06.51,-653.659,2843.265,2406.994
2017-05-28 13:05:11.50,-655.635,2841.564,2404.131
2017-05-28 13:05:16.49,-656.569,2841.212,2405.435
2017-05-28 13:05:21.48,-657.941,2841.515,2400.693
2017-05-28 13:05:26.47,-659.366,2842.978,2402.178
2017-05-28 13:05:31.47,-656.737,2843.918,2399.416
2017-05-28 13:05:36.46,-656.932,2840.765,2398.988
2017-05-28 13:05:41.45,-656.145,2841.697,2399.055
2017-05-28 13:05:46.44,-658.841,2840.777,2400.955
2017-05-28 13:05:51.43,-657.031,2841.568,2402.283
2017-05-28 13:05:56.42,-654.598,2838.908,2400.279
2017-05-28 13:06:01.41,-655.165,2840.095,2398.072
2017-05-28 13:06:06.40,-656.111,2840.500,2404.440
2017-05-28 13:06:11.40,-655.476,2841.145,2405.807
2017-05-28 13:06:16.39,-655.593,2840.588,2404.795
2017-05-28 13:06:21.38,-656.436,2842.646,2404.926
2017-05-28 13:06:26.37,-661.032,2840.137,2402.435
2017-05-28 13:06:31.36,-661.114,2840.537,2400.737
2017-05-28 13:06:36.35,-656.559,2840.665,2401.364
2017-05-28 13:06:41.34,-657.875,2841.948,2400.635
2017-05-28 13:06:46.33,-654.014,2840.964,2396.775
2017-05-28 13:06:51.33,-656.991,2841.719,2401.205
2017-05-28 13:06:56.32,-654.604,2844.197,2401.242
2017-05-28 13:07:01.31,-660.277,2840.837,2405.092
2017-05-28 13:07:06.30,-659.326,2841.872,2402.674
2017-05-28 13:07:11.29,-658.596,2844.007,2398.900
2017-05-28 13:07:16.28,-659.833,2845.229,2397.212
2017-05-28 13:07:21.27,-660.425,2840.098,2403.248
2017-05-28 13:07:26.26,-661.566,2839.718,2402.706
2017-05-28 13:07:31.25,-661.733,2838.930,2402.758
2017-05-28 13:07:36.25,-661.407,2841.992,2403.447
2017-05-28 13:07:41.24,-661.087,2841.692,2403.735
2017-05-28 13:07:46.23,-661.653,2839.610,2406.657
2017-05-28 13:07:51.22,-659.834,2839.260,2399.400
2017-05-28 13:07:56.21,-659.538,2840.509,2398.448
2017-05-28 13:08:01.20,-655.936,2840.969,2399.472
2017-05-28 13:08:06.19,-659.047,2839.991,2402.785
2017-05-28 13:08:11.18,-658.435,2841.000,2401.058
2017-05-28 13:08:16.17,-661.728,2841.022,2403.533
2017-05-28 13:08:21.17,-659.762,2840.369,2404.452
2017-05-28 13:08:26.16,-660.411,2840.844,2405.981
2017-05-28 13:08:31.15,-662.111,2838.795,2404.328
2017-05-28 13:08:36.14,-659.305,2840.022,2399.161
2017-05-28 13:08:41.13,-660.113,2841.286,2401.065
2017-05-28 13:08:46.12,-660.403,2839.257,2401.904
2017-05-28 13:08:51.11,-661.888,2840.402,2405.877
2017-05-28 13:08:56.10,-660.419,2838.562,2403.835
2017-05-28 13:09:01.09,-658.860,2838.651,2405.550
2017-05-28 13:09:06.09,-658.379,2840.384,2406.085
2017-05-28 13:09:11.08,-661.431,2841.677,2405.134
2017-05-28 13:09:16.08,-658.094,2841.214,2402.671
2017-05-28 13:09:21.08,-660.546,2841.540,2402.772
2017-05-28 13:09:26.07,-661.370,2840.364,2400.367
2017-05-28 13:09:31.06,-661.205,2839.415,2405.596
2017-05-28 13:09:36.05,-661.041,2838.985,2405.802
2017-05-28 13:09:41.04,-658.619,2840.566,2399.551
2017-05-28 13:09:46.03,-661.576,2842.010,2402.259
2017-05-28 13:09:51.02,-662.884,2838.884,2401.299
2017-05-28 13:09:56.01,-660.124,2838.789,2398.694
2017-05-28 13:10:01.00,-661.714,2838.642,2402.068
2017-05-28 13:10:06.00,-660.896,2837.665,2403.048
2017-05-28 13:10:10.99,-662.108,2841.949,2399.756
2017-05-28 13:10:15.98,-657.689,2840.633,2401.477
2017-05-28 13:10:20.97,-659.189,2838.766,2399.938
2017-05-28 13:10:25.96,-662.518,2840.199,2400.136
2017-05-28 13:10:30.95,-664.241,2840.440,2401.305
2017-05-28 13:10:35.94,-662.135,2841.433,2401.425
2017-05-28 13:10:40.93,-662.330,2842.320,2404.503
2017-05-28 13:10:45.92,-663.266,2843.048,2401.901
2017-05-28 13:10:50.92,-664.135,2841.906,2401.529
2017-05-28 13:10:55.91,-661.525,2840.434,2403.006
2017-05-28 13:11:00.90,-663.290,2840.485,2402.461
2017-05-28 13:11:05.89,-663.046,2840.821,2405.431
2017-05-28 13:11:10.88,-663.159,2841.188,2402.704
2017-05-28 13:11:15.87,-662.624,2838.872,2406.873
2017-05-28 13:11:20.86,-662.787,2839.969,2404.219
2017-05-28 13:11:25.85,-658.762,2840.843,2405.705
2017-05-28 13:11:30.85,-657.245,2841.687,2406.081
2017-05-28 13:11:35.84,-655.155,2842.593,2404.729
2017-05-28 13:11:40.83,-659.421,2846.351,2406.889
2017-05-28 13:11:45.82,-658.344,2844.593,2402.988
2017-05-28 13:11:50.81,-657.228,2841.335,2404.272
2017-05-28 13:11:55.80,-661.586,2844.031,2407.423
2017-05-28 13:12:00.79,-661.445,2843.393,2406.769
2017-05-28 13:12:05.78,-659.742,2842.259,2406.073
2017-05-28 13:12:10.78,-661.252,2838.355,2405.595
2017-05-28 13:12:15.77,-659.379,2840.831,2404.730
2017-05-28 13:12:20.76,-661.474,2839.117,2404.955
2017-05-28 13:12:25.75,-661.282,2835.215,2405.775
2017-05-28 13:12:30.74,-663.426,2838.832,2405.281
2017-05-28 13:12:35.73,-661.865,2838.492,2406.136
2017-05-28 13:12:40.72,-661.841,2838.648,2402.543
2017-05-28 13:12:45.73,-662.228,2839.245,2406.265
2017-05-28 13:12:50.70,-662.578,2837.884,2402.595
2017-05-28 13:12:55.71,-661.266,2838.922,2403.096
2017-05-28 13:13:00.70,-660.522,2837.387,2404.820
2017-05-28 13:13:05.69,-658.955,2838.221,2403.411
2017-05-28 13:13:10.68,-657.922,2839.244,2405.967
2017-05-28 13:13:15.68,-656.926,2840.182,2408.404
2017-05-28 13:13:20.67,-656.899,2843.351,2404.719
2017-05-28 13:13:25.66,-655.958,2841.866,2407.766
2017-05-28 13:13:30.65,-657.602,2844.219,2406.238
2017-05-28 13:13:35.64,-657.902,2841.461,2406.012
2017-05-28 13:13:40.63,-656.427,2843.015,2402.635
2017-05-28 13:13:45.62,-656.521,2840.562,2403.596
2017-05-28 13:13:50.61,-655.763,2838.749,2402.696
2017-05-28 13:13:55.61,-657.397,2841.871,2401.239
2017-05-28 13:14:00.60,-658.841,2841.879,2404.142
2017-05-28 13:14:05.59,-658.091,2841.768,2404.134
2017-05-28 13:14:10.58,-658.790,2839.923,2403.811
2017-05-28 13:14:15.57,-658.232,2839.497,2407.069
2017-05-28 13:14:20.56,-658.761,2840.292,2405.182
2017-05-28 13:14:25.55,-656.579,2840.048,2405.354
2017-05-28 13:14:30.54,-655.769,2839.765,2402.302
2017-05-28 13:14:35.53,-658.929,2840.295,2403.413
2017-05-28 13:14:40.53,-659.968,2838.001,2403.740
2017-05-28 13:14:45.52,-660.776,2837.769,2400.680
2017-05-28 13:14:50.51,-663.029,2837.655,2405.189
2017-05-28 13:14:55.50,-662.961,2838.227,2403.338
2017-05-28 13:15:00.49,-660.187,2839.795,2403.785
2017-05-28 13:15:05.48,-655.993,2841.942,2403.038
2017-05-28 13:15:10.47,-655.198,2838.983,2401.674
2017-05-28 13:15:15.46,-655.965,2841.221,2402.402
2017-05-28 13:15:20.46,-657.289,2841.917,2402.204
2017-05-28 13:15:25.45,-658.733,2840.734,2401.375
2017-05-28 13:15:30.44,-656.954,2841.326,2403.768
2017-05-28 13:15:35.43,-657.390,2843.867,2409.213
2017-05-28 13:15:40.44,-655.744,2844.594,2405.446
2017-05-28 13:15:45.43,-659.239,2842.964,2405.341
2017-05-28 13:15:50.42,-654.979,2843.133,2404.729
2017-05-28 13:15:55.41,-655.507,2842.969,2407.954
2017-05-28 13:16:00.40,-654.006,2841.897,2401.407
2017-05-28 13:16:05.39,-656.968,2840.278,2404.806
2017-05-28 13:16:10.38,-656.325,2838.474,2409.624
2017-05-28 13:16:15.37,-657.536,2839.964,2405.044
2017-05-28 13:16:20.37,-650.308,2843.489,2402.811
2017-05-28 13:16:25.36,-649.292,2843.938,2404.015
2017-05-28 13:16:30.35,-652.114,2843.874,2408.497
2017-05-28 13:16:35.34,-652.162,2843.678,2405.039
2017-05-28 13:16:40.33,-655.395,2842.724,2403.106
2017-05-28 13:16:45.32,-656.292,2841.177,2400.245
2017-05-28 13:16:50.31,-655.996,2840.592,2400.883
2017-05-28 13:16:55.30,-656.356,2839.042,2399.702
2017-05-28 13:17:00.29,-655.482,2837.850,2400.044
2017-05-28 13:17:05.29,-655.200,2837.267,2402.102
2017-05-28 13:17:10.28,-659.891,2839.808,2407.245
2017-05-28 13:17:15.27,-657.383,2841.732,2406.115
2017-05-28 13:17:20.26,-655.475,2843.907,2406.266
2017-05-28 13:17:25.25,-657.782,2840.652,2403.636
2017-05-28 13:17:30.24,-660.514,2841.234,2403.894
2017-05-28 13:17:35.23,-656.061,2841.316,2404.776
2017-05-28 13:17:40.22,-658.501,2841.604,2405.822
2017-05-28 13:17:45.21,-657.646,2840.208,2406.498
2017-05-28 13:17:50.21,-661.066,2840.415,2399.232
2017-05-28 13:17:55.20,-659.443,2841.266,2399.028
2017-05-28 13:18:00.19,-658.578,2843.457,2399.230
2017-05-28 13:18:05.18,-660.373,2842.937,2402.777
2017-05-28 13:18:10.17,-661.792,2840.165,2401.957
2017-05-28 13:18:15.16,-665.008,2839.499,2401.832
2017-05-28 13:18:20.15,-665.872,2839.376,2399.668
2017-05-28 13:18:25.14,-665.163,2840.200,2402.780
2017-05-28 13:18:30.13,-663.320,2838.135,2401.566
2017-05-28 13:18:35.13,-663.392,2835.562,2402.398
2017-05-28 13:18:40.12,-659.878,2838.998,2403.791
2017-05-28 13:18:45.11,-659.592,2836.427,2402.832
2017-05-28 13:18:50.10,-661.276,2835.880,2401.018
2017-05-28 13:18:55.09,-656.006,2836.293,2403.961
2017-05-28 13:19:00.10,-659.143,2839.196,2403.611
2017-05-28 13:19:05.09,-658.935,2839.705,2406.399
2017-05-28 13:19:10.08,-660.104,2839.995,2409.511
2017-05-28 13:19:15.07,-660.971,2840.039,2406.480
2017-05-28 13:19:20.06,-661.510,2842.073,2404.728
2017-05-28 13:19:25.05,-665.542,2837.234,2406.727
2017-05-28 13:19:30.05,-663.875,2837.876,2401.882
2017-05-28 13:19:35.04,-663.401,2840.692,2405.694
2017-05-28 13:19:40.03,-662.332,2839.035,2405.551
2017-05-28 13:19:45.02,-662.011,2838.288,2405.061
2017-05-28 13:19:50.01,-665.936,2835.843,2401.724
2017-05-28 13:19:55.00,-663.388,2838.525,2408.960
2017-05-28 13:19:59.99,-666.117,2836.918,2410.155
2017-05-28 13:20:04.98,-665.154,2838.063,2410.963
2017-05-28 13:20:09.97,-665.149,2837.321,2410.997
2017-05-28 13:20:14.97,-666.421,2838.529,2408.756
2017-05-28 13:20:19.96,-667.881,2837.558,2406.572
2017-05-28 13:20:24.95,-668.081,2837.360,2409.162
2017-05-28 13:20:29.94,-665.842,2837.629,2409.111
2017-05-28 13:20:34.93,-664.609,2838.047,2412.196
2017-05-28 13:20:39.92,-664.590,2837.612,2411.881
2017-05-28 13:20:44.91,-661.898,2837.130,2411.588
2017-05-28 13:20:49.90,-665.779,2835.085,2412.042
2017-05-28 13:20:54.89,-660.972,2838.282,2412.187
2017-05-28 13:20:59.89,-663.775,2837.987,2407.641
2017-05-28 13:21:04.88,-664.956,2835.681,2406.065
2017-05-28 13:21:09.87,-665.286,2836.905,2406.935
2017-05-28 13:21:14.86,-664.318,2838.807,2408.475
2017-05-28 13:21:19.85,-662.391,2840.264,2405.146
2017-05-28 13:21:24.84,-661.636,2840.795,2406.479
2017-05-28 13:21:29.83,-660.413,2840.375,2405.436
2017-05-28 13:21:34.82,-664.765,2838.187,2405.704
2017-05-28 13:21:39.82,-664.542,2837.539,2402.618
2017-05-28 13:21:44.81,-666.236,2837.449,2404.797
2017-05-28 13:21:49.81,-663.154,2839.758,2402.364
2017-05-28 13:21:54.80,-663.473,2839.925,2405.469
2017-05-28 13:21:59.80,-665.042,2836.699,2404.281
2017-05-28 13:22:04.79,-661.509,2838.404,2402.647
2017-05-28 13:22:09.78,-662.893,2836.813,2402.738
2017-05-28 13:22:14.77,-665.607,2838.054,2400.636
2017-05-28 13:22:19.76,-664.395,2842.064,2404.049
2017-05-28 13:22:24.75,-664.494,2838.515,2403.286
2017-05-28 13:22:29.74,-666.415,2838.795,2403.408
2017-05-28 13:22:34.73,-667.239,2838.790,2400.680
2017-05-28 13:22:39.73,-667.586,2839.490,2404.044
2017-05-28 13:22:44.72,-668.174,2840.262,2401.952
2017-05-28 13:22:49.71,-666.926,2836.229,2402.834
2017-05-28 13:22:54.70,-669.795,2836.427,2400.781
2017-05-28 13:22:59.69,-668.702,2837.029,2398.596
2017-05-28 13:23:04.68,-666.808,2838.491,2402.630
2017-05-28 13:23:09.67,-669.312,2839.043,2404.209
2017-05-28 13:23:14.66,-665.928,2839.619,2407.106
2017-05-28 13:23:19.65,-668.886,2839.652,2403.312
2017-05-28 13:23:24.65,-668.380,2838.228,2403.053
2017-05-28 13:23:29.64,-669.296,2838.692,2401.826
2017-05-28 13:23:34.63,-668.972,2837.426,2404.840
2017-05-28 13:23:39.62,-670.614,2840.312,2406.876
2017-05-28 13:23:44.61,-663.003,2840.745,2404.048
2017-05-28 13:23:49.60,-663.093,2841.295,2406.508
2017-05-28 13:23:54.59,-665.151,2839.551,2405.209
2017-05-28 13:23:59.58,-666.352,2839.456,2401.711
2017-05-28 13:24:04.59,-667.428,2839.842,2404.161
2017-05-28 13:24:09.58,-668.492,2838.049,2401.103
2017-05-28 13:24:14.57,-671.428,2838.735,2401.965
2017-05-28 13:24:19.56,-669.861,2838.491,2402.435
2017-05-28 13:24:24.56,-670.435,2836.396,2403.812
2017-05-28 13:24:29.55,-671.696,2836.640,2404.028
2017-05-28 13:24:34.54,-672.742,2837.213,2404.614
2017-05-28 13:24:39.53,-670.159,2837.944,2402.404
2017-05-28 13:24:44.52,-669.331,2837.672,2401.606
2017-05-28 13:24:49.51,-670.019,2838.314,2407.586
2017-05-28 13:24:54.50,-670.148,2839.336,2405.808
2017-05-28 13:24:59.49,-670.331,2839.448,2405.691
2017-05-28 13:25:04.48,-673.615,2837.837,2405.315
2017-05-28 13:25:09.48,-670.989,2840.991,2404.085
2017-05-28 13:25:14.47,-669.946,2840.447,2402.802
2017-05-28 13:25:19.46,-671.019,2837.915,2402.629
2017-05-28 13:25:24.45,-672.582,2837.783,2400.760
2017-05-28 13:25:29.44,-672.662,2838.865,2404.161
2017-05-28 13:25:34.43,-670.816,2839.658,2402.477
2017-05-28 13:25:39.42,-672.479,2839.183,2405.453
2017-05-28 13:25:44.41,-670.766,2838.952,2405.860
2017-05-28 13:25:49.41,-672.426,2838.257,2404.970
2017-05-28 13:25:54.40,-674.628,2836.955,2404.875
2017-05-28 13:25:59.39,-674.084,2837.699,2406.441
2017-05-28 13:26:04.38,-673.716,2835.937,2407.416
2017-05-28 13:26:09.37,-671.700,2838.595,2404.408
2017-05-28 13:26:14.36,-672.628,2838.778,2402.789
2017-05-28 13:26:19.35,-671.952,2840.964,2403.928
2017-05-28 13:26:24.34,-671.315,2837.433,2404.664
2017-05-28 13:26:29.34,-674.043,2837.053,2402.425
2017-05-28 13:26:34.33,-672.937,2837.012,2405.760
2017-05-28 13:26:39.32,-675.075,2835.171,2402.878
2017-05-28 13:26:44.31,-674.931,2834.542,2402.919
2017-05-28 13:26:49.30,-677.231,2835.030,2406.429
2017-05-28 13:26:54.31,-674.134,2835.546,2403.809
2017-05-28 13:26:59.30,-673.694,2836.562,2405.545
2017-05-28 13:27:04.29,-673.719,2838.013,2402.927
2017-05-28 13:27:09.28,-674.793,2837.295,2402.997
2017-05-28 13:27:14.27,-675.818,2834.801,2403.247
2017-05-28 13:27:19.26,-675.895,2833.655,2403.346
2017-05-28 13:27:24.25,-676.314,2833.261,2400.995
2017-05-28 13:27:29.24,-674.389,2835.336,2405.079
2017-05-28 13:27:34.24,-676.590,2836.997,2402.564
2017-05-28 13:27:39.23,-677.950,2834.230,2401.249
2017-05-28 13:27:44.22,-675.775,2836.497,2400.401
2017-05-28 13:27:49.21,-675.761,2837.231,2402.805
2017-05-28 13:27:54.20,-681.870,2838.259,2401.794
2017-05-28 13:27:59.19,-676.821,2838.217,2402.854
2017-05-28 13:28:04.18,-679.068,2836.828,2405.046
2017-05-28 13:28:09.17,-678.784,2838.323,2401.413
2017-05-28 13:28:14.17,-678.134,2838.012,2402.099
2017-05-28 13:28:19.16,-682.266,2837.882,2404.601
2017-05-28 13:28:24.15,-677.035,2838.142,2405.934
2017-05-28 13:28:29.14,-675.911,2837.247,2407.023
2017-05-28 13:28:34.13,-673.319,2838.485,2405.906
2017-05-28 13:28:39.12,-670.966,2837.932,2406.734
2017-05-28 13:28:44.11,-670.318,2837.138,2408.861
2017-05-28 13:28:49.10,-672.561,2838.289,2408.530
2017-05-28 13:28:54.09,-673.925,2835.949,2405.114
2017-05-28 13:28:59.09,-674.118,2836.438,2405.094
2017-05-28 13:29:04.08,-674.349,2836.877,2405.221
2017-05-28 13:29:09.07,-674.216,2836.891,2410.013
2017-05-28 13:29:14.06,-676.011,2835.664,2410.795
2017-05-28 13:29:19.05,-677.702,2834.365,2407.995
2017-05-28 13:29:24.04,-673.330,2834.561,2403.719
2017-05-28 13:29:29.03,-676.426,2837.545,2401.945
2017-05-28 13:29:34.02,-679.053,2836.705,2402.615
2017-05-28 13:29:39.01,-677.805,2837.396,2401.908
2017-05-28 13:29:44.01,-679.964,2837.086,2403.592
2017-05-28 13:29:49.01,-675.278,2837.928,2406.249
2017-05-28 13:29:54.00,-672.131,2838.258,2407.194
2017-05-28 13:29:58.99,-676.967,2836.299,2406.304
2017-05-28 13:30:03.99,-677.686,2834.157,2406.709
2017-05-28 13:30:08.98,-680.268,2833.782,2406.658
2017-05-28 13:30:13.97,-682.081,2834.059,2405.354
2017-05-28 13:30:18.96,-673.564,2837.297,2404.674
2017-05-28 13:30:23.95,-673.916,2835.072,2407.864
2017-05-28 13:30:28.94,-672.169,2834.801,2406.136
2017-05-28 13:30:33.93,-673.514,2835.701,2403.558
2017-05-28 13:30:38.92,-678.404,2834.838,2401.483
2017-05-28 13:30:43.92,-674.661,2834.309,2403.166
2017-05-28 13:30:48.91,-674.502,2835.461,2403.367
2017-05-28 13:30:53.90,-673.648,2836.035,2402.844
2017-05-28 13:30:58.89,-677.292,2834.617,2404.007
2017-05-28 13:31:03.88,-676.885,2834.744,2402.388
2017-05-28 13:31:08.87,-675.718,2836.049,2404.149
2017-05-28 13:31:13.86,-674.828,2835.052,2403.092
2017-05-28 13:31:18.85,-675.113,2838.796,2403.134
2017-05-28 13:31:23.85,-674.061,2836.036,2401.282
2017-05-28 13:31:28.84,-676.436,2834.364,2405.226
2017-05-28 13:31:33.83,-680.289,2831.531,2404.254
2017-05-28 13:31:38.82,-678.541,2833.947,2404.618
2017-05-28 13:31:43.81,-672.895,2833.015,2405.214
2017-05-28 13:31:48.80,-678.303,2832.819,2405.951
2017-05-28 13:31:53.79,-678.762,2832.204,2406.279
2017-05-28 13:31:58.78,-677.852,2833.520,2406.298
2017-05-28 13:32:03.77,-678.309,2834.964,2406.104
2017-05-28 13:32:08.78,-676.659,2837.194,2409.735
2017-05-28 13:32:13.77,-675.888,2834.124,2407.749
2017-05-28 13:32:18.76,-675.425,2835.061,2407.733
2017-05-28 13:32:23.76,-676.083,2836.783,2407.797
2017-05-28 13:32:28.75,-674.941,2835.614,2409.492
2017-05-28 13:32:33.74,-680.843,2836.482,2410.904
2017-05-28 13:32:38.73,-675.877,2837.781,2408.063
2017-05-28 13:32:43.72,-678.041,2837.315,2405.839
2017-05-28 13:32:48.71,-678.262,2836.672,2406.587
2017-05-28 13:32:53.70,-678.864,2830.878,2407.503
2017-05-28 13:32:58.69,-682.757,2832.517,2408.325
2017-05-28 13:33:03.68,-681.747,2834.119,2407.886
2017-05-28 13:33:08.68,-678.812,2833.372,2406.349
2017-05-28 13:33:13.67,-680.451,2832.925,2404.366
2017-05-28 13:33:18.66,-679.856,2833.136,2400.604
2017-05-28 13:33:23.65,-679.192,2833.516,2405.740
2017-05-28 13:33:28.64,-681.908,2833.701,2404.797
2017-05-28 13:33:33.63,-678.976,2835.896,2406.489
2017-05-28 13:33:38.62,-679.107,2835.632,2408.364
2017-05-28 13:33:43.61,-676.396,2835.874,2408.939
2017-05-28 13:33:48.60,-679.951,2836.707,2406.610
2017-05-28 13:33:53.60,-680.783,2835.810,2407.921
2017-05-28 13:33:58.59,-681.477,2835.438,2408.304
2017-05-28 13:34:03.58,-684.590,2834.982,2406.243
2017-05-28 13:34:08.57,-683.140,2834.990,2403.343
2017-05-28 13:34:13.56,-682.779,2835.429,2401.699
2017-05-28 13:34:18.55,-679.279,2836.444,2405.068
2017-05-28 13:34:23.54,-677.535,2836.025,2408.106
2017-05-28 13:34:28.53,-682.549,2835.258,2407.411
2017-05-28 13:34:33.52,-681.802,2836.005,2404.798
2017-05-28 13:34:38.52,-681.319,2836.151,2403.257
2017-05-28 13:34:43.51,-683.624,2832.776,2402.364
2017-05-28 13:34:48.50,-681.771,2830.891,2401.466
2017-05-28 13:34:53.49,-685.103,2831.773,2406.300
2017-05-28 13:34:58.48,-682.759,2835.578,2404.991
2017-05-28 13:35:03.47,-681.420,2836.086,2406.409
2017-05-28 13:35:08.46,-683.755,2836.350,2408.887
2017-05-28 13:35:13.45,-682.314,2833.712,2407.343
2017-05-28 13:35:18.45,-685.017,2836.276,2406.969
2017-05-28 13:35:23.44,-684.535,2836.602,2409.741
2017-05-28 13:35:28.43,-682.420,2836.083,2407.509
2017-05-28 13:35:33.42,-681.098,2834.398,2406.006
2017-05-28 13:35:38.41,-683.447,2833.711,2409.228
2017-05-28 13:35:43.40,-683.938,2833.179,2407.081
2017-05-28 13:35:48.39,-686.331,2832.594,2406.482
2017-05-28 13:35:53.38,-684.131,2833.124,2405.991
2017-05-28 13:35:58.38,-679.506,2834.772,2403.621
2017-05-28 13:36:03.37,-679.386,2833.552,2405.023
2017-05-28 13:36:08.36,-680.400,2835.732,2403.401
2017-05-28 13:36:13.35,-682.416,2833.141,2406.954
2017-05-28 13:36:18.34,-681.394,2834.673,2407.714
2017-05-28 13:36:23.33,-684.066,2832.738,2402.646
2017-05-28 13:36:28.32,-684.965,2837.404,2408.588
2017-05-28 13:36:33.31,-685.329,2834.570,2409.156
2017-05-28 13:36:38.32,-687.381,2832.159,2408.185
2017-05-28 13:36:43.31,-685.705,2832.582,2404.962
2017-05-28 13:36:48.30,-687.312,2831.028,2403.523
2017-05-28 13:36:53.29,-685.444,2832.421,2403.612
2017-05-28 13:36:58.28,-684.465,2835.399,2401.620
2017-05-28 13:37:03.28,-683.721,2836.945,2399.610
2017-05-28 13:37:08.27,-684.389,2837.525,2398.896
2017-05-28 13:37:13.26,-685.129,2833.945,2402.699
2017-05-28 13:37:18.25,-683.959,2834.531,2400.449
2017-05-28 13:37:23.24,-683.125,2832.496,2403.701
2017-05-28 13:37:28.23,-685.344,2832.062,2403.985
2017-05-28 13:37:33.22,-683.282,2829.697,2403.563
2017-05-28 13:37:38.21,-683.544,2833.055,2400.811
2017-05-28 13:37:43.20,-684.312,2831.475,2399.205
2017-05-28 13:37:48.20,-687.419,2831.014,2400.934
2017-05-28 13:37:53.19,-687.249,2833.071,2402.525
2017-05-28 13:37:58.18,-685.122,2834.848,2400.038
2017-05-28 13:38:03.17,-687.369,2833.484,2400.536
2017-05-28 13:38:08.16,-688.772,2833.218,2400.172
2017-05-28 13:38:13.15,-688.283,2833.359,2402.895
2017-05-28 13:38:18.14,-687.259,2833.741,2403.802
2017-05-28 13:38:23.13,-685.114,2831.753,2402.512
2017-05-28 13:38:28.13,-684.051,2833.391,2404.042
2017-05-28 13:38:33.12,-683.814,2833.575,2400.886
2017-05-28 13:38:38.11,-687.256,2834.660,2403.704
2017-05-28 13:38:43.10,-687.109,2833.824,2402.763
2017-05-28 13:38:48.09,-688.651,2831.599,2401.621
2017-05-28 13:38:53.08,-688.621,2831.835,2400.404
2017-05-28 13:38:58.07,-685.565,2831.123,2400.136
2017-05-28 13:39:03.06,-686.131,2830.319,2399.485
2017-05-28 13:39:08.06,-685.806,2827.500,2398.688
2017-05-28 13:39:13.05,-688.155,2829.098,2398.838
2017-05-28 13:39:18.04,-688.965,2829.582,2401.006
2017-05-28 13:39:23.03,-693.368,2828.809,2404.660
2017-05-28 13:39:28.02,-690.809,2829.498,2401.713
2017-05-28 13:39:33.01,-692.566,2830.895,2403.309
2017-05-28 13:39:38.00,-692.005,2832.497,2406.439
2017-05-28 13:39:43.01,-692.333,2831.031,2402.212
2017-05-28 13:39:48.00,-696.218,2827.964,2407.224
2017-05-28 13:39:52.99,-692.252,2827.932,2410.416
2017-05-28 13:39:57.98,-690.605,2829.333,2409.816
2017-05-28 13:40:02.97,-691.205,2828.519,2408.092
2017-05-28 13:40:07.96,-693.359,2828.230,2406.472
2017-05-28 13:40:12.96,-693.048,2828.685,2407.649
2017-05-28 13:40:17.95,-690.735,2830.150,2407.043
2017-05-28 13:40:22.94,-690.749,2829.124,2405.400
2017-05-28 13:40:27.93,-690.865,2829.542,2405.484
2017-05-28 13:40:32.92,-693.876,2831.031,2405.020
2017-05-28 13:40:37.91,-693.281,2829.378,2406.810
2017-05-28 13:40:42.90,-692.976,2828.969,2408.085
2017-05-28 13:40:47.89,-689.479,2829.482,2406.258
2017-05-28 13:40:52.89,-688.618,2828.750,2408.171
2017-05-28 13:40:57.88,-689.125,2826.337,2407.212
2017-05-28 13:41:02.87,-690.296,2827.869,2405.714
2017-05-28 13:41:07.86,-689.286,2829.391,2407.666
2017-05-28 13:41:12.85,-694.670,2826.813,2405.799
2017-05-28 13:41:17.84,-692.533,2823.298,2407.371
2017-05-28 13:41:22.83,-692.645,2827.854,2408.904
2017-05-28 13:41:27.82,-695.229,2827.375,2409.103
2017-05-28 13:41:32.81,-695.974,2823.757,2407.254
2017-05-28 13:41:37.81,-696.012,2825.344,2403.489
2017-05-28 13:41:42.80,-696.976,2824.202,2406.745
2017-05-28 13:41:47.79,-698.361,2827.988,2408.289
2017-05-28 13:41:52.78,-695.585,2828.393,2409.499
2017-05-28 13:41:57.77,-695.861,2825.184,2405.413
2017-05-28 13:42:02.76,-695.301,2824.764,2403.050
2017-05-28 13:42:07.75,-697.369,2825.919,2407.128
2017-05-28 13:42:12.74,-699.212,2824.467,2405.596
2017-05-28 13:42:17.74,-692.321,2826.234,2404.861
2017-05-28 13:42:22.73,-692.318,2826.039,2407.630
2017-05-28 13:42:27.72,-694.442,2824.316,2402.197
2017-05-28 13:42:32.71,-696.326,2824.965,2404.026
2017-05-28 13:42:37.70,-696.318,2826.969,2405.078
2017-05-28 13:42:42.69,-696.135,2824.772,2402.097
2017-05-28 13:42:47.68,-696.726,2824.328,2408.433
2017-05-28 13:42:52.67,-695.711,2824.913,2404.637
2017-05-28 13:42:57.66,-692.824,2825.429,2409.852
2017-05-28 13:43:02.66,-695.544,2822.084,2408.891
2017-05-28 13:43:07.65,-699.399,2821.166,2408.987
2017-05-28 13:43:12.64,-697.441,2824.802,2406.389
2017-05-28 13:43:17.65,-693.503,2826.934,2405.916
2017-05-28 13:43:22.64,-695.172,2824.288,2404.096
2017-05-28 13:43:27.63,-693.425,2822.551,2402.204
2017-05-28 13:43:32.62,-694.794,2822.759,2403.538
2017-05-28 13:43:37.61,-694.600,2821.077,2401.735
2017-05-28 13:43:42.60,-695.927,2820.586,2400.550
2017-05-28 13:43:47.59,-697.971,2820.662,2405.017
2017-05-28 13:43:52.58,-701.057,2821.860,2404.777
2017-05-28 13:43:57.57,-701.990,2822.419,2403.638
2017-05-28 13:44:02.57,-694.834,2824.574,2402.740
2017-05-28 13:44:07.56,-700.221,2825.066,2401.869
2017-05-28 13:44:12.55,-702.344,2822.737,2402.613
2017-05-28 13:44:17.54,-699.975,2822.156,2403.801
2017-05-28 13:44:22.53,-700.796,2822.762,2402.688
2017-05-28 13:44:27.52,-698.889,2824.538,2403.924
2017-05-28 13:44:32.51,-698.526,2824.275,2404.618
2017-05-28 13:44:37.50,-699.565,2823.072,2404.381
2017-05-28 13:44:42.49,-700.044,2821.538,2407.178
2017-05-28 13:44:47.49,-700.586,2819.509,2404.329
2017-05-28 13:44:52.48,-702.046,2820.769,2405.737
2017-05-28 13:44:57.47,-702.487,2819.848,2406.665
2017-05-28 13:45:02.46,-699.937,2820.111,2405.488
2017-05-28 13:45:07.45,-697.308,2821.454,2406.817
2017-05-28 13:45:12.44,-701.625,2819.951,2406.045
2017-05-28 13:45:17.43,-702.300,2819.089,2404.081
2017-05-28 13:45:22.42,-705.915,2818.869,2406.775
2017-05-28 13:45:27.41,-705.412,2818.552,2406.291
2017-05-28 13:45:32.41,-705.602,2819.325,2408.624
2017-05-28 13:45:37.40,-702.746,2822.346,2404.588
2017-05-28 13:45:42.39,-701.722,2821.921,2404.138
2017-05-28 13:45:47.38,-701.031,2821.862,2405.562
2017-05-28 13:45:52.37,-702.230,2818.826,2407.934
2017-05-28 13:45:57.36,-701.238,2819.873,2406.540
2017-05-28 13:46:02.35,-699.139,2822.669,2406.471
2017-05-28 13:46:07.34,-704.822,2822.380,2408.526
2017-05-28 13:46:12.34,-701.622,2823.779,2413.093
2017-05-28 13:46:17.33,-703.349,2821.437,2413.871
2017-05-28 13:46:22.33,-707.067,2820.166,2412.579
2017-05-28 13:46:27.33,-705.988,2819.705,2410.126
2017-05-28 13:46:32.32,-702.342,2817.244,2409.884
2017-05-28 13:46:37.31,-701.829,2819.617,2411.126
2017-05-28 13:46:42.30,-703.216,2817.482,2413.243
2017-05-28 13:46:47.29,-706.809,2818.686,2411.522
2017-05-28 13:46:52.28,-703.813,2821.591,2410.424
2017-05-28 13:46:57.27,-702.913,2820.073,2408.170
2017-05-28 13:47:02.26,-701.461,2821.951,2408.848
2017-05-28 13:47:07.25,-704.272,2822.435,2410.199
2017-05-28 13:47:12.25,-705.398,2822.050,2409.750
2017-05-28 13:47:17.24,-704.321,2819.551,2409.197
2017-05-28 13:47:22.23,-703.854,2819.778,2411.075
2017-05-28 13:47:27.22,-704.542,2820.435,2410.955
2017-05-28 13:47:32.21,-705.062,2818.179,2410.343
2017-05-28 13:47:37.20,-702.394,2822.292,2407.538
2017-05-28 13:47:42.19,-700.665,2823.423,2406.493
2017-05-28 13:47:47.18,-703.040,2820.104,2409.492
2017-05-28 13:47:52.17,-702.984,2818.359,2408.593
2017-05-28 13:47:57.17,-705.180,2818.474,2407.454
2017-05-28 13:48:02.16,-706.090,2818.122,2408.244
2017-05-28 13:48:07.15,-705.669,2818.507,2411.901
2017-05-28 13:48:12.14,-706.310,2819.373,2410.161
2017-05-28 13:48:17.13,-704.196,2821.038,2410.161
2017-05-28 13:48:22.12,-703.828,2820.669,2409.581
2017-05-28 13:48:27.11,-702.549,2819.380,2408.660
2017-05-28 13:48:32.10,-704.235,2820.707,2406.982
2017-05-28 13:48:37.10,-707.987,2819.705,2411.059
2017-05-28 13:48:42.09,-704.209,2820.595,2412.809
2017-05-28 13:48:47.08,-706.997,2820.326,2414.796
2017-05-28 13:48:52.07,-706.548,2821.533,2407.826
2017-05-28 13:48:57.06,-704.275,2821.536,2409.524
2017-05-28 13:49:02.05,-706.292,2822.189,2409.005
2017-05-28 13:49:07.06,-708.221,2821.233,2410.781
2017-05-28 13:49:12.05,-710.056,2821.605,2412.924
2017-05-28 13:49:17.04,-706.535,2821.052,2412.853
2017-05-28 13:49:22.03,-706.849,2821.416,2410.332
2017-05-28 13:49:27.02,-708.989,2823.300,2407.121
2017-05-28 13:49:32.01,-707.306,2822.194,2406.001
2017-05-28 13:49:37.01,-709.626,2821.166,2408.738
2017-05-28 13:49:42.00,-707.728,2822.647,2404.836
2017-05-28 13:49:46.99,-706.929,2823.890,2401.588
2017-05-28 13:49:51.98,-709.895,2822.325,2401.389
2017-05-28 13:49:56.97,-706.541,2823.589,2402.829
2017-05-28 13:50:01.96,-709.492,2824.500,2407.024
2017-05-28 13:50:06.95,-708.934,2824.672,2403.961
2017-05-28 13:50:11.94,-709.909,2822.715,2401.776
2017-05-28 13:50:16.93,-709.012,2822.368,2404.447
2017-05-28 13:50:21.93,-714.056,2822.312,2402.858
2017-05-28 13:50:26.92,-711.946,2821.380,2403.545
2017-05-28 13:50:31.91,-713.626,2819.711,2403.974
2017-05-28 13:50:36.90,-710.393,2820.672,2405.570
2017-05-28 13:50:41.89,-705.915,2821.869,2408.152
2017-05-28 13:50:46.88,-707.285,2820.614,2405.382
2017-05-28 13:50:51.87,-707.769,2821.964,2406.500
2017-05-28 13:50:56.86,-708.792,2821.598,2404.844
2017-05-28 13:51:01.86,-710.601,2821.710,2404.356
2017-05-28 13:51:06.85,-711.573,2822.331,2407.039
2017-05-28 13:51:11.84,-708.945,2823.035,2405.229
2017-05-28 13:51:16.83,-711.891,2823.345,2405.396
2017-05-28 13:51:21.82,-710.903,2822.412,2406.708
2017-05-28 13:51:26.81,-708.901,2821.816,2407.808
2017-05-28 13:51:31.80,-709.801,2819.388,2406.974
2017-05-28 13:51:36.79,-712.847,2819.865,2406.195
2017-05-28 13:51:41.78,-710.179,2819.642,2405.980
2017-05-28 13:51:46.78,-708.189,2820.654,2407.022
2017-05-28 13:51:51.77,-711.235,2819.432,2404.641
2017-05-28 13:51:56.76,-708.169,2822.454,2404.752
2017-05-28 13:52:01.75,-706.470,2821.906,2403.356
2017-05-28 13:52:06.74,-706.138,2822.630,2409.123
2017-05-28 13:52:11.75,-709.275,2823.065,2408.642
2017-05-28 13:52:16.74,-709.462,2824.386,2403.856
2017-05-28 13:52:21.73,-708.478,2827.980,2410.557
2017-05-28 13:52:26.72,-707.490,2826.635,2408.211
2017-05-28 13:52:31.71,-707.181,2826.826,2410.331
2017-05-28 13:52:36.70,-704.571,2826.772,2407.533
2017-05-28 13:52:41.69,-705.639,2826.710,2405.803
2017-05-28 13:52:46.69,-707.290,2827.010,2406.023
2017-05-28 13:52:51.68,-705.305,2826.368,2410.057
2017-05-28 13:52:56.67,-704.654,2824.517,2413.988
2017-05-28 13:53:01.66,-708.195,2824.503,2410.506
2017-05-28 13:53:06.65,-710.151,2821.212,2412.384
2017-05-28 13:53:11.64,-703.674,2824.979,2408.724
2017-05-28 13:53:16.63,-705.690,2827.915,2410.132
2017-05-28 13:53:21.62,-705.410,2825.227,2409.250
2017-05-28 13:53:26.62,-702.978,2826.221,2409.309
2017-05-28 13:53:31.61,-706.691,2824.677,2407.489
2017-05-28 13:53:36.60,-708.419,2824.998,2409.422
2017-05-28 13:53:41.59,-706.625,2822.423,2407.422
2017-05-28 13:53:46.58,-707.448,2824.007,2404.854
2017-05-28 13:53:51.57,-707.575,2822.234,2406.085
2017-05-28 13:53:56.56,-707.430,2820.942,2408.809
2017-05-28 13:54:01.55,-707.279,2822.195,2404.482
2017-05-28 13:54:06.54,-708.852,2823.439,2405.589
2017-05-28 13:54:11.54,-712.303,2822.097,2408.760
2017-05-28 13:54:16.53,-707.048,2826.716,2407.684
2017-05-28 13:54:21.52,-706.227,2824.942,2407.654
2017-05-28 13:54:26.51,-710.175,2823.464,2406.289
2017-05-28 13:54:31.50,-711.241,2824.655,2408.900
2017-05-28 13:54:36.49,-710.485,2824.411,2410.048
2017-05-28 13:54:41.48,-709.735,2825.146,2406.867
2017-05-28 13:54:46.47,-712.842,2823.816,2409.094
2017-05-28 13:54:51.48,-710.221,2825.772,2410.906
2017-05-28 13:54:56.47,-711.176,2826.090,2410.735
2017-05-28 13:55:01.46,-709.922,2826.685,2410.527
2017-05-28 13:55:06.45,-712.762,2822.355,2409.693
2017-05-28 13:55:11.45,-711.126,2823.921,2409.750
2017-05-28 13:55:16.44,-711.108,2824.937,2409.924
2017-05-28 13:55:21.43,-711.316,2823.941,2407.391
2017-05-28 13:55:26.42,-710.031,2824.634,2407.121
2017-05-28 13:55:31.41,-712.398,2822.507,2403.372
2017-05-28 13:55:36.40,-707.470,2822.952,2407.738
2017-05-28 13:55:41.39,-705.484,2825.687,2408.852
2017-05-28 13:55:46.38,-706.805,2825.243,2410.646
2017-05-28 13:55:51.37,-705.694,2825.302,2409.624
2017-05-28 13:55:56.37,-705.309,2828.896,2412.656
2017-05-28 13:56:01.36,-707.479,2826.318,2408.719
2017-05-28 13:56:06.35,-711.302,2823.728,2412.305
2017-05-28 13:56:11.34,-712.106,2823.821,2410.365
2017-05-28 13:56:16.33,-709.085,2825.198,2410.291
2017-05-28 13:56:21.32,-712.914,2824.768,2408.645
2017-05-28 13:56:26.31,-713.809,2824.441,2409.065
2017-05-28 13:56:31.30,-712.189,2827.416,2407.363
2017-05-28 13:56:36.30,-712.888,2826.190,2407.227
2017-05-28 13:56:41.29,-717.279,2822.489,2407.579
2017-05-28 13:56:46.28,-714.410,2822.483,2409.477
2017-05-28 13:56:51.27,-715.334,2823.839,2410.143
2017-05-28 13:56:56.26,-714.817,2823.375,2410.071
2017-05-28 13:57:01.25,-713.221,2824.812,2409.724
2017-05-28 13:57:06.24,-713.379,2823.672,2408.641
2017-05-28 13:57:11.23,-712.429,2821.702,2407.858
2017-05-28 13:57:16.22,-710.854,2821.844,2407.711
2017-05-28 13:57:21.22,-712.048,2824.839,2408.462
2017-05-28 13:57:26.21,-710.068,2824.152,2409.689
2017-05-28 13:57:31.20,-714.192,2820.495,2409.930
2017-05-28 13:57:36.19,-713.007,2821.770,2406.675
2017-05-28 13:57:41.20,-712.076,2821.592,2407.848
2017-05-28 13:57:46.19,-714.593,2819.155,2411.882
2017-05-28 13:57:51.18,-714.917,2818.358,2413.586
2017-05-28 13:57:56.17,-713.671,2819.573,2412.415
2017-05-28 13:58:01.16,-714.991,2818.888,2412.782
2017-05-28 13:58:06.15,-711.772,2818.760,2412.346
2017-05-28 13:58:11.14,-712.182,2818.862,2409.802
2017-05-28 13:58:16.13,-711.573,2818.341,2406.990
2017-05-28 13:58:21.13,-712.005,2818.757,2407.878
2017-05-28 13:58:26.12,-713.262,2819.485,2412.236
2017-05-28 13:58:31.11,-716.289,2817.208,2410.189
2017-05-28 13:58:36.10,-716.673,2819.146,2412.941
2017-05-28 13:58:41.09,-716.198,2822.215,2408.347
2017-05-28 13:58:46.08,-715.983,2817.921,2404.614
2017-05-28 13:58:51.07,-716.515,2818.799,2406.047
2017-05-28 13:58:56.06,-717.076,2819.576,2407.760
2017-05-28 13:59:01.06,-716.954,2818.656,2403.181
2017-05-28 13:59:06.05,-716.272,2818.741,2400.902
2017-05-28 13:59:11.04,-716.830,2819.155,2405.523
2017-05-28 13:59:16.03,-717.719,2818.492,2399.184
2017-05-28 13:59:21.02,-715.043,2817.039,2403.285
2017-05-28 13:59:26.01,-717.125,2816.633,2398.817
2017-05-28 13:59:31.00,-716.334,2816.362,2398.328
2017-05-28 13:59:35.99,-716.285,2816.606,2402.012
2017-05-28 13:59:40.98,-714.934,2816.242,2402.728
2017-05-28 13:59:45.98,-714.895,2819.326,2401.892
2017-05-28 13:59:50.97,-713.017,2820.895,2401.606
2017-05-28 13:59:55.96,-713.876,2819.589,2405.583
2017-05-28 14:00:00.95,-713.176,2820.207,2403.142
2017-05-28 14:00:05.94,-715.303,2820.245,2405.535
2017-05-28 14:00:10.93,-715.565,2820.620,2403.812
2017-05-28 14:00:15.92,-713.959,2818.530,2406.182
2017-05-28 14:00:20.91,-715.909,2818.189,2406.554
2017-05-28 14:00:25.91,-713.116,2819.221,2406.419
2017-05-28 14:00:30.90,-713.220,2818.256,2405.497
2017-05-28 14:00:35.89,-713.502,2817.571,2406.462
2017-05-28 14:00:40.88,-714.882,2815.854,2406.600
2017-05-28 14:00:45.87,-714.000,2818.697,2405.089
2017-05-28 14:00:50.88,-713.448,2819.680,2403.714
2017-05-28 14:00:55.87,-716.080,2815.149,2404.533
2017-05-28 14:01:00.86,-718.419,2817.963,2409.189
2017-05-28 14:01:05.85,-715.092,2818.919,2406.482
2017-05-28 14:01:10.84,-718.154,2818.636,2407.108
2017-05-28 14:01:15.83,-715.922,2818.758,2407.244
2017-05-28 14:01:20.82,-717.104,2817.675,2405.949
2017-05-28 14:01:25.82,-716.256,2817.949,2406.677
2017-05-28 14:01:30.81,-717.653,2818.841,2404.734
2017-05-28 14:01:35.80,-715.041,2819.047,2404.419
2017-05-28 14:01:40.79,-717.068,2816.604,2404.670
2017-05-28 14:01:45.78,-719.533,2817.841,2404.074
2017-05-28 14:01:50.77,-717.528,2817.452,2406.157
2017-05-28 14:01:55.76,-714.501,2817.439,2405.189
2017-05-28 14:02:00.75,-712.201,2817.218,2405.325
2017-05-28 14:02:05.74,-714.026,2818.022,2409.934
2017-05-28 14:02:10.74,-715.698,2816.568,2408.646
2017-05-28 14:02:15.73,-714.978,2818.252,2403.109
2017-05-28 14:02:20.72,-717.115,2818.401,2400.871
2017-05-28 14:02:25.71,-716.436,2821.145,2405.802
2017-05-28 14:02:30.70,-715.436,2820.684,2404.888
2017-05-28 14:02:35.69,-716.239,2822.521,2403.399
2017-05-28 14:02:40.68,-716.160,2822.341,2400.851
2017-05-28 14:02:45.67,-721.238,2821.302,2402.864
2017-05-28 14:02:50.67,-718.939,2821.343,2403.013
2017-05-28 14:02:55.66,-718.500,2820.935,2402.930
2017-05-28 14:03:00.65,-719.411,2821.572,2404.757
2017-05-28 14:03:05.64,-717.164,2822.054,2404.509
2017-05-28 14:03:10.63,-717.081,2822.179,2405.167
2017-05-28 14:03:15.62,-715.922,2823.063,2403.209
2017-05-28 14:03:20.61,-716.428,2819.793,2404.949
2017-05-28 14:03:25.60,-713.945,2822.033,2401.694
2017-05-28 14:03:30.60,-717.521,2818.783,2402.441
2017-05-28 14:03:35.59,-717.026,2816.207,2404.343
2017-05-28 14:03:40.58,-717.755,2816.993,2407.520
2017-05-28 14:03:45.57,-717.305,2818.090,2408.216
2017-05-28 14:03:50.56,-717.410,2820.732,2407.503
2017-05-28 14:03:55.55,-720.031,2820.089,2404.264
2017-05-28 14:04:00.54,-718.982,2820.457,2403.659
2017-05-28 14:04:05.53,-715.759,2818.673,2401.378
2017-05-28 14:04:10.53,-715.519,2817.979,2407.177
2017-05-28 14:04:15.52,-717.466,2820.668,2406.760
2017-05-28 14:04:20.51,-716.912,2818.125,2405.026
2017-05-28 14:04:25.50,-715.542,2818.071,2406.394
2017-05-28 14:04:30.49,-714.153,2819.884,2409.195
2017-05-28 14:04:35.50,-717.321,2819.398,2408.732
2017-05-28 14:04:40.49,-716.233,2818.561,2408.115
2017-05-28 14:04:45.48,-717.884,2817.045,2408.821
2017-05-28 14:04:50.47,-716.509,2817.821,2410.199
2017-05-28 14:04:55.46,-714.489,2818.648,2407.766
2017-05-28 14:05:00.45,-716.212,2818.187,2406.527
2017-05-28 14:05:05.44,-718.564,2817.705,2410.199
2017-05-28 14:05:10.43,-717.931,2817.273,2410.946
2017-05-28 14:05:15.43,-715.590,2817.898,2408.897
2017-05-28 14:05:20.42,-715.336,2817.826,2406.759
2017-05-28 14:05:25.41,-714.136,2818.733,2403.786
2017-05-28 14:05:30.40,-715.851,2819.380,2405.602
2017-05-28 14:05:35.39,-716.192,2818.257,2410.069
2017-05-28 14:05:40.38,-716.136,2817.420,2408.930
2017-05-28 14:05:45.37,-716.080,2818.144,2405.990
2017-05-28 14:05:50.36,-713.278,2819.570,2403.394
2017-05-28 14:05:55.36,-714.386,2820.064,2402.022
2017-05-28 14:06:00.35,-715.752,2818.103,2402.723
2017-05-28 14:06:05.34,-716.875,2816.101,2401.362
2017-05-28 14:06:10.33,-715.062,2817.894,2405.932
2017-05-28 14:06:15.32,-719.221,2815.402,2402.382
2017-05-28 14:06:20.31,-719.584,2814.941,2402.578
2017-05-28 14:06:25.30,-717.552,2816.692,2405.302
2017-05-28 14:06:30.29,-716.426,2815.635,2406.707
2017-05-28 14:06:35.29,-716.130,2817.250,2410.005
2017-05-28 14:06:40.28,-717.676,2813.134,2402.628
2017-05-28 14:06:45.27,-715.608,2814.418,2404.707
2017-05-28 14:06:50.26,-714.186,2814.441,2406.151
2017-05-28 14:06:55.25,-717.764,2815.806,2411.558
2017-05-28 14:07:00.24,-717.581,2814.575,2410.335
2017-05-28 14:07:05.23,-719.624,2813.980,2409.583
2017-05-28 14:07:10.22,-719.596,2813.031,2404.002
2017-05-28 14:07:15.21,-717.016,2817.154,2405.962
2017-05-28 14:07:20.21,-719.032,2819.087,2407.078
2017-05-28 14:07:25.20,-718.921,2816.404,2413.224
2017-05-28 14:07:30.19,-718.237,2817.342,2413.059
2017-05-28 14:07:35.19,-719.426,2816.091,2412.529
2017-05-28 14:07:40.19,-720.164,2815.832,2411.277
2017-05-28 14:07:45.18,-713.562,2816.419,2410.081
2017-05-28 14:07:50.17,-715.611,2816.723,2411.552
2017-05-28 14:07:55.16,-715.212,2818.549,2412.680
2017-05-28 14:08:00.15,-715.169,2817.763,2408.734
2017-05-28 14:08:05.14,-714.322,2817.196,2409.216
2017-05-28 14:08:10.13,-713.768,2818.510,2406.272
2017-05-28 14:08:15.12,-715.972,2819.717,2405.270
2017-05-28 14:08:20.12,-715.347,2815.874,2409.789
2017-05-28 14:08:25.11,-717.703,2814.966,2408.539
2017-05-28 14:08:30.10,-717.317,2815.431,2406.128
2017-05-28 14:08:35.09,-716.431,2817.849,2406.705
2017-05-28 14:08:40.08,-718.775,2815.373,2408.206
2017-05-28 14:08:45.07,-716.438,2816.262,2409.839
2017-05-28 14:08:50.06,-717.662,2817.402,2412.026
2017-05-28 14:08:55.05,-717.365,2817.914,2412.553
2017-05-28 14:09:00.05,-720.406,2815.475,2412.241
2017-05-28 14:09:05.04,-716.361,2815.185,2411.056
2017-05-28 14:09:10.03,-717.465,2815.605,2411.164
2017-05-28 14:09:15.02,-717.799,2813.541,2405.921
2017-05-28 14:09:20.01,-718.463,2815.512,2406.176
2017-05-28 14:09:25.00,-717.315,2815.113,2410.473
2017-05-28 14:09:29.99,-718.566,2813.246,2409.214
2017-05-28 14:09:34.98,-718.572,2815.171,2412.237
2017-05-28 14:09:39.97,-720.372,2814.217,2413.960
2017-05-28 14:09:44.97,-717.147,2816.439,2411.795
2017-05-28 14:09:49.96,-717.202,2816.908,2414.024
2017-05-28 14:09:54.95,-717.005,2816.027,2410.447
2017-05-28 14:09:59.94,-716.152,2818.789,2409.408
2017-05-28 14:10:04.93,-716.049,2817.696,2414.182
2017-05-28 14:10:09.92,-716.156,2820.428,2413.305
2017-05-28 14:10:14.93,-716.835,2817.924,2411.482
2017-05-28 14:10:19.92,-722.778,2816.505,2411.561
2017-05-28 14:10:24.91,-719.954,2815.290,2414.353
2017-05-28 14:10:29.90,-715.571,2817.049,2412.434
2017-05-28 14:10:34.89,-719.524,2816.344,2409.587
2017-05-28 14:10:39.88,-721.055,2816.906,2412.321
2017-05-28 14:10:44.88,-719.088,2819.914,2413.020
2017-05-28 14:10:49.87,-722.819,2817.189,2412.214
2017-05-28 14:10:54.86,-721.158,2816.836,2413.392
2017-05-28 14:10:59.85,-718.604,2819.129,2411.594
2017-05-28 14:11:04.84,-719.614,2817.735,2411.455
2017-05-28 14:11:09.83,-719.749,2817.279,2412.190
2017-05-28 14:11:14.82,-719.894,2817.651,2412.755
2017-05-28 14:11:19.81,-720.987,2819.865,2414.278
2017-05-28 14:11:24.81,-719.431,2819.606,2414.232
2017-05-28 14:11:29.80,-719.783,2818.089,2408.608
2017-05-28 14:11:34.79,-716.499,2819.700,2411.270
2017-05-28 14:11:39.78,-716.973,2819.494,2411.335
2017-05-28 14:11:44.77,-716.716,2819.362,2408.369
2017-05-28 14:11:49.76,-721.835,2817.595,2404.276
2017-05-28 14:11:54.75,-721.758,2815.929,2407.029
2017-05-28 14:11:59.74,-720.719,2818.776,2409.029
2017-05-28 14:12:04.73,-722.874,2818.668,2409.507
2017-05-28 14:12:09.73,-716.269,2819.203,2409.642
2017-05-28 14:12:14.72,-716.896,2816.321,2408.097
2017-05-28 14:12:19.71,-714.299,2817.835,2407.319
2017-05-28 14:12:24.70,-712.854,2819.309,2413.694
2017-05-28 14:12:29.69,-716.158,2818.844,2411.256
2017-05-28 14:12:34.68,-719.496,2817.500,2408.439
2017-05-28 14:12:39.67,-715.494,2818.401,2412.755
2017-05-28 14:12:44.66,-719.563,2816.272,2412.838
2017-05-28 14:12:49.66,-721.866,2814.410,2407.667
2017-05-28 14:12:54.65,-717.275,2816.258,2409.809
2017-05-28 14:12:59.64,-714.886,2816.752,2407.279
2017-05-28 14:13:04.65,-712.734,2816.044,2408.102
2017-05-28 14:13:09.64,-711.414,2814.555,2409.192
2017-05-28 14:13:14.63,-716.355,2814.255,2409.341
2017-05-28 14:13:19.62,-714.206,2815.569,2407.543
2017-05-28 14:13:24.61,-713.343,2816.466,2407.584
2017-05-28 14:13:29.60,-717.654,2816.628,2408.384
2017-05-28 14:13:34.59,-715.048,2817.744,2408.801
2017-05-28 14:13:39.58,-717.283,2816.691,2406.935
2017-05-28 14:13:44.57,-713.891,2818.623,2408.817
2017-05-28 14:13:49.57,-713.398,2817.488,2408.593
2017-05-28 14:13:54.56,-713.385,2818.720,2407.315
2017-05-28 14:13:59.55,-714.468,2817.223,2402.843
2017-05-28 14:14:04.54,-715.830,2818.954,2401.921
2017-05-28 14:14:09.53,-715.414,2819.197,2402.739
2017-05-28 14:14:14.52,-712.925,2819.495,2401.343
2017-05-28 14:14:19.51,-713.878,2818.212,2404.447
2017-05-28 14:14:24.50,-715.164,2820.553,2404.337
2017-05-28 14:14:29.49,-715.765,2818.217,2399.691
2017-05-28 14:14:34.49,-713.452,2819.281,2404.003
2017-05-28 14:14:39.48,-712.306,2821.992,2402.701
2017-05-28 14:14:44.47,-712.678,2818.316,2403.205
2017-05-28 14:14:49.46,-710.771,2819.684,2402.747
2017-05-28 14:14:54.45,-713.614,2819.735,2400.452
2017-05-28 14:14:59.44,-714.590,2818.997,2401.977
2017-05-28 14:15:04.43,-711.035,2820.075,2401.433
2017-05-28 14:15:09.42,-714.736,2820.963,2401.877
2017-05-28 14:15:14.42,-713.790,2821.015,2402.096
2017-05-28 14:15:19.41,-713.341,2821.260,2400.652
2017-05-28 14:15:24.40,-713.266,2822.630,2401.327
2017-05-28 14:15:29.39,-709.479,2821.409,2407.460
2017-05-28 14:15:34.38,-713.710,2820.889,2407.709
2017-05-28 14:15:39.37,-712.261,2820.361,2405.886
2017-05-28 14:15:44.36,-709.778,2822.539,2403.542
2017-05-28 14:15:49.35,-712.804,2822.148,2406.329
2017-05-28 14:15:54.34,-715.661,2822.237,2404.906
2017-05-28 14:15:59.34,-716.188,2816.874,2406.271
2017-05-28 14:16:04.34,-717.418,2817.854,2404.360
2017-05-28 14:16:09.33,-715.414,2820.634,2404.769
2017-05-28 14:16:14.33,-711.868,2820.717,2401.815
2017-05-28 14:16:19.32,-713.693,2821.136,2405.795
2017-05-28 14:16:24.31,-712.905,2819.581,2405.500
2017-05-28 14:16:29.30,-714.304,2819.091,2404.586
2017-05-28 14:16:34.29,-715.021,2819.944,2403.056
2017-05-28 14:16:39.28,-718.978,2821.441,2405.927
2017-05-28 14:16:44.27,-718.082,2823.813,2404.252
2017-05-28 14:16:49.26,-714.222,2824.198,2401.626
2017-05-28 14:16:54.25,-712.411,2823.408,2400.559
2017-05-28 14:16:59.25,-715.525,2820.575,2401.405
2017-05-28 14:17:04.24,-712.850,2822.705,2401.442
2017-05-28 14:17:09.23,-717.091,2820.225,2404.680
2017-05-28 14:17:14.22,-717.515,2820.875,2402.998
2017-05-28 14:17:19.21,-715.354,2819.467,2401.339
2017-05-28 14:17:24.20,-713.365,2818.567,2400.457
2017-05-28 14:17:29.19,-713.462,2818.923,2405.902
2017-05-28 14:17:34.18,-716.713,2820.662,2408.776
2017-05-28 14:17:39.18,-712.714,2819.997,2406.243
2017-05-28 14:17:44.17,-715.351,2821.454,2406.912
2017-05-28 14:17:49.16,-712.757,2823.456,2404.190
2017-05-28 14:17:54.15,-713.660,2820.873,2404.260
2017-05-28 14:17:59.14,-712.090,2823.113,2407.111
2017-05-28 14:18:04.13,-714.094,2822.471,2404.213
2017-05-28 14:18:09.12,-716.413,2820.515,2403.997
2017-05-28 14:18:14.11,-718.384,2820.741,2405.988
2017-05-28 14:18:19.10,-718.105,2821.909,2406.648
2017-05-28 14:18:24.10,-718.001,2823.145,2405.043
2017-05-28 14:18:29.09,-715.428,2821.855,2401.379
2017-05-28 14:18:34.08,-713.755,2823.669,2405.797
2017-05-28 14:18:39.07,-713.821,2823.993,2405.481
2017-05-28 14:18:44.06,-711.735,2823.386,2401.905
2017-05-28 14:18:49.05,-713.639,2824.462,2400.144
2017-05-28 14:18:54.04,-714.299,2823.086,2399.718
2017-05-28 14:18:59.03,-713.209,2823.974,2401.602
2017-05-28 14:19:04.04,-715.061,2823.303,2404.557
2017-05-28 14:19:09.03,-714.750,2823.888,2401.954
2017-05-28 14:19:14.02,-715.066,2823.355,2398.938
2017-05-28 14:19:19.01,-718.191,2821.242,2402.125
2017-05-28 14:19:24.01,-713.462,2823.599,2401.566
2017-05-28 14:19:29.00,-708.295,2825.779,2403.362
2017-05-28 14:19:33.99,-708.162,2824.671,2404.565
2017-05-28 14:19:38.98,-712.143,2823.464,2402.893
2017-05-28 14:19:43.97,-712.146,2821.398,2400.745
2017-05-28 14:19:48.96,-713.214,2821.740,2403.529
2017-05-28 14:19:53.95,-713.756,2821.434,2403.568
2017-05-28 14:19:58.94,-711.886,2821.331,2405.533
2017-05-28 14:20:03.93,-710.612,2824.484,2403.156
2017-05-28 14:20:08.93,-709.050,2824.450,2402.857
2017-05-28 14:20:13.92,-706.265,2824.350,2404.863
2017-05-28 14:20:18.91,-703.714,2824.872,2408.474
2017-05-28 14:20:23.90,-705.833,2827.216,2407.716
2017-05-28 14:20:28.89,-703.988,2825.454,2401.707
2017-05-28 14:20:33.88,-708.558,2823.147,2404.358
2017-05-28 14:20:38.87,-703.372,2824.528,2403.447
2017-05-28 14:20:43.86,-705.398,2822.610,2403.069
2017-05-28 14:20:48.86,-709.526,2820.581,2403.969
2017-05-28 14:20:53.85,-708.202,2822.555,2403.975
2017-05-28 14:20:58.84,-707.920,2821.121,2403.647
2017-05-28 14:21:03.83,-708.062,2821.558,2405.049
2017-05-28 14:21:08.82,-706.375,2818.923,2407.474
2017-05-28 14:21:13.81,-708.201,2820.175,2407.649
2017-05-28 14:21:18.80,-706.658,2823.487,2402.230
2017-05-28 14:21:23.79,-706.145,2825.852,2405.461
2017-05-28 14:21:28.79,-708.562,2825.666,2400.302
2017-05-28 14:21:33.78,-710.378,2825.604,2402.948
2017-05-28 14:21:38.77,-709.198,2825.273,2404.617
2017-05-28 14:21:43.76,-705.060,2825.525,2404.898
2017-05-28 14:21:48.75,-705.893,2826.140,2402.564
2017-05-28 14:21:53.74,-705.071,2825.416,2405.135
2017-05-28 14:21:58.73,-702.769,2827.624,2403.656
2017-05-28 14:22:03.72,-702.380,2825.499,2400.379
2017-05-28 14:22:08.71,-700.706,2824.172,2401.693
2017-05-28 14:22:13.71,-706.801,2820.930,2402.854
2017-05-28 14:22:18.70,-707.124,2818.696,2403.952
2017-05-28 14:22:23.69,-708.313,2820.487,2403.591
2017-05-28 14:22:28.68,-704.948,2823.963,2403.629
2017-05-28 14:22:33.69,-703.592,2825.096,2399.237
2017-05-28 14:22:38.68,-702.836,2827.610,2402.507
2017-05-28 14:22:43.67,-706.629,2824.837,2404.743
2017-05-28 14:22:48.66,-703.643,2824.968,2399.316
2017-05-28 14:22:53.65,-700.269,2827.341,2401.121
2017-05-28 14:22:58.64,-706.067,2821.928,2400.598
2017-05-28 14:23:03.63,-701.816,2824.980,2405.359
2017-05-28 14:23:08.62,-700.364,2827.609,2403.114
2017-05-28 14:23:13.62,-705.075,2825.679,2401.356
2017-05-28 14:23:18.61,-702.046,2825.104,2400.761
2017-05-28 14:23:23.60,-701.049,2825.040,2401.925
2017-05-28 14:23:28.59,-700.803,2826.204,2399.149
2017-05-28 14:23:33.58,-701.883,2826.831,2400.028
2017-05-28 14:23:38.57,-701.366,2827.474,2400.306
2017-05-28 14:23:43.56,-699.174,2828.014,2401.972
2017-05-28 14:23:48.55,-701.512,2827.195,2402.021
2017-05-28 14:23:53.55,-703.477,2827.417,2401.710
2017-05-28 14:23:58.54,-701.245,2827.179,2404.342
2017-05-28 14:24:03.53,-700.241,2825.949,2406.747
2017-05-28 14:24:08.52,-699.216,2829.409,2404.547
2017-05-28 14:24:13.51,-704.139,2826.459,2406.302
2017-05-28 14:24:18.50,-707.204,2826.655,2406.888
2017-05-28 14:24:23.49,-706.575,2825.612,2406.391
2017-05-28 14:24:28.48,-702.961,2826.791,2409.193
2017-05-28 14:24:33.47,-700.048,2828.668,2405.939
2017-05-28 14:24:38.47,-701.699,2826.714,2405.819
2017-05-28 14:24:43.46,-705.051,2824.639,2408.798
2017-05-28 14:24:48.45,-708.829,2823.372,2407.268
2017-05-28 14:24:53.44,-705.354,2824.675,2404.319
2017-05-28 14:24:58.43,-702.066,2827.801,2403.536
2017-05-28 14:25:03.42,-701.532,2825.477,2404.737
2017-05-28 14:25:08.41,-701.955,2824.768,2404.299
2017-05-28 14:25:13.40,-704.060,2824.313,2409.126
2017-05-28 14:25:18.39,-700.723,2824.785,2407.902
2017-05-28 14:25:23.39,-705.086,2824.662,2407.488
2017-05-28 14:25:28.38,-705.431,2825.987,2409.039
2017-05-28 14:25:33.37,-703.998,2823.701,2406.805
2017-05-28 14:25:38.36,-698.812,2825.094,2407.978
2017-05-28 14:25:43.35,-701.472,2824.826,2407.069
2017-05-28 14:25:48.34,-702.795,2823.581,2404.299
2017-05-28 14:25:53.33,-703.955,2823.732,2405.431
2017-05-28 14:25:58.32,-699.225,2828.279,2404.988
2017-05-28 14:26:03.32,-700.824,2827.250,2400.431
2017-05-28 14:26:08.31,-698.460,2826.539,2404.119
2017-05-28 14:26:13.30,-699.111,2827.920,2403.540
2017-05-28 14:26:18.29,-701.742,2826.650,2404.104
2017-05-28 14:26:23.28,-701.229,2823.396,2402.100
2017-05-28 14:26:28.27,-700.456,2826.033,2404.935
2017-05-28 14:26:33.26,-696.749,2824.036,2403.316
2017-05-28 14:26:38.25,-698.456,2825.244,2407.393
2017-05-28 14:26:43.24,-695.966,2823.737,2408.293
2017-05-28 14:26:48.24,-695.963,2824.995,2405.723
2017-05-28 14:26:53.23,-699.952,2823.280,2406.610
2017-05-28 14:26:58.22,-698.568,2822.373,2406.522
2017-05-28 14:27:03.21,-699.628,2822.269,2408.068
2017-05-28 14:27:08.20,-702.291,2825.279,2406.778
2017-05-28 14:27:13.19,-703.044,2825.491,2408.735
2017-05-28 14:27:18.18,-703.712,2824.134,2405.437
2017-05-28 14:27:23.17,-703.989,2823.354,2403.864
2017-05-28 14:27:28.17,-700.564,2825.494,2402.378
2017-05-28 14:27:33.16,-697.402,2826.997,2403.315
2017-05-28 14:27:38.15,-698.326,2827.650,2402.598
2017-05-28 14:27:43.14,-696.999,2828.029,2404.922
2017-05-28 14:27:48.13,-695.177,2826.665,2406.357
2017-05-28 14:27:53.12,-699.804,2825.885,2406.145
2017-05-28 14:27:58.11,-698.235,2824.173,2403.500
2017-05-28 14:28:03.10,-698.033,2826.740,2406.586
2017-05-28 14:28:08.11,-695.955,2827.398,2410.050
2017-05-28 14:28:13.10,-698.731,2824.941,2404.575
2017-05-28 14:28:18.09,-700.369,2823.881,2405.959
2017-05-28 14:28:23.08,-699.488,2825.220,2407.747
2017-05-28 14:28:28.08,-698.484,2827.788,2407.779
2017-05-28 14:28:33.07,-700.105,2827.042,2405.585
2017-05-28 14:28:38.06,-700.852,2827.347,2404.792
2017-05-28 14:28:43.05,-700.123,2826.409,2405.246
2017-05-28 14:28:48.04,-697.700,2824.456,2408.353
2017-05-28 14:28:53.03,-696.572,2826.237,2407.809
2017-05-28 14:28:58.02,-697.567,2826.732,2405.867
2017-05-28 14:29:03.01,-699.768,2827.953,2403.010
2017-05-28 14:29:08.00,-699.061,2828.978,2402.078
2017-05-28 14:29:13.00,-701.186,2826.976,2402.805
2017-05-28 14:29:17.99,-699.722,2827.394,2404.023
2017-05-28 14:29:22.98,-697.572,2826.512,2400.308
2017-05-28 14:29:27.97,-699.048,2825.617,2402.636
2017-05-28 14:29:32.96,-697.838,2826.313,2401.949
2017-05-28 14:29:37.95,-702.020,2825.695,2401.032
2017-05-28 14:29:42.94,-699.095,2827.754,2401.508
2017-05-28 14:29:47.93,-702.362,2826.719,2404.336
2017-05-28 14:29:52.93,-700.103,2824.680,2404.982
2017-05-28 14:29:57.92,-702.841,2824.520,2406.679
2017-05-28 14:30:02.91,-702.501,2826.295,2403.006
2017-05-28 14:30:07.90,-700.414,2826.235,2403.239
2017-05-28 14:30:12.89,-700.395,2826.028,2404.253
2017-05-28 14:30:17.88,-703.313,2825.166,2403.690
2017-05-28 14:30:22.87,-704.239,2825.547,2401.415
2017-05-28 14:30:27.86,-703.825,2826.092,2401.433
2017-05-28 14:30:32.85,-699.584,2827.826,2405.816
2017-05-28 14:30:37.85,-703.941,2827.123,2404.359
2017-05-28 14:30:42.84,-703.394,2827.134,2404.878
2017-05-28 14:30:47.83,-703.130,2830.690,2403.254
2017-05-28 14:30:52.82,-702.313,2829.427,2405.154
2017-05-28 14:30:57.81,-702.351,2828.609,2404.819
2017-05-28 14:31:02.80,-701.408,2827.914,2401.338
2017-05-28 14:31:07.79,-701.368,2826.787,2400.815
2017-05-28 14:31:12.78,-700.408,2827.081,2403.571
2017-05-28 14:31:17.78,-701.175,2827.882,2402.424
2017-05-28 14:31:22.77,-697.326,2827.168,2403.388
2017-05-28 14:31:27.76,-700.753,2827.036,2401.832
2017-05-28 14:31:32.75,-698.902,2827.303,2402.781
2017-05-28 14:31:37.74,-701.005,2828.522,2400.910
2017-05-28 14:31:42.73,-700.859,2827.688,2402.095
2017-05-28 14:31:47.72,-701.841,2827.291,2403.571
2017-05-28 14:31:52.71,-696.595,2831.083,2405.724
2017-05-28 14:31:57.70,-699.574,2828.035,2408.129
2017-05-28 14:32:02.70,-700.388,2828.172,2403.827
2017-05-28 14:32:07.69,-704.204,2827.561,2404.414
2017-05-28 14:32:12.69,-702.205,2827.004,2402.493
2017-05-28 14:32:17.69,-700.700,2825.752,2403.941
2017-05-28 14:32:22.68,-696.540,2827.187,2401.545
2017-05-28 14:32:27.67,-698.235,2829.359,2404.120
2017-05-28 14:32:32.66,-701.074,2825.308,2404.744
2017-05-28 14:32:37.65,-697.115,2827.987,2405.908
2017-05-28 14:32:42.64,-704.728,2825.135,2404.923
2017-05-28 14:32:47.63,-706.388,2825.985,2404.997
2017-05-28 14:32:52.62,-705.423,2825.180,2404.493
2017-05-28 14:32:57.61,-707.514,2826.571,2400.938
2017-05-28 14:33:02.61,-707.962,2824.625,2406.195
2017-05-28 14:33:07.60,-707.600,2825.589,2403.629
2017-05-28 14:33:12.59,-706.524,2826.052,2404.765
2017-05-28 14:33:17.58,-707.315,2826.706,2402.372
2017-05-28 14:33:22.57,-703.717,2826.644,2403.019
2017-05-28 14:33:27.56,-704.817,2825.674,2404.649
2017-05-28 14:33:32.55,-702.835,2825.419,2403.512
2017-05-28 14:33:37.54,-703.355,2828.264,2399.864
2017-05-28 14:33:42.54,-703.807,2829.685,2402.549
2017-05-28 14:33:47.53,-704.658,2827.822,2398.068
2017-05-28 14:33:52.52,-701.885,2828.429,2402.834
2017-05-28 14:33:57.51,-701.510,2827.553,2403.215
2017-05-28 14:34:02.50,-699.442,2829.533,2402.114
2017-05-28 14:34:07.49,-702.544,2826.930,2404.727
2017-05-28 14:34:12.48,-703.183,2826.944,2409.340
2017-05-28 14:34:17.47,-704.518,2829.253,2410.508
2017-05-28 14:34:22.47,-701.726,2827.982,2409.932
2017-05-28 14:34:27.46,-704.777,2827.878,2403.545
2017-05-28 14:34:32.45,-704.141,2826.757,2403.988
2017-05-28 14:34:37.44,-705.944,2829.621,2404.651
2017-05-28 14:34:42.43,-702.385,2830.354,2403.631
2017-05-28 14:34:47.42,-702.369,2829.945,2400.660
2017-05-28 14:34:52.41,-700.828,2831.940,2400.800
2017-05-28 14:34:57.40,-700.408,2831.937,2402.224
2017-05-28 14:35:02.40,-701.511,2828.186,2402.688
2017-05-28 14:35:07.39,-699.430,2830.151,2403.595
2017-05-28 14:35:12.38,-701.002,2830.073,2404.679
2017-05-28 14:35:17.37,-701.834,2828.105,2404.967
2017-05-28 14:35:22.36,-700.862,2828.379,2406.589
2017-05-28 14:35:27.35,-702.719,2827.333,2405.111
2017-05-28 14:35:32.34,-701.229,2829.986,2405.945
2017-05-28 14:35:37.33,-699.591,2829.081,2411.059
2017-05-28 14:35:42.33,-701.096,2826.885,2408.323
2017-05-28 14:35:47.32,-702.686,2827.448,2409.318
2017-05-28 14:35:52.31,-703.331,2826.927,2407.853
2017-05-28 14:35:57.30,-702.318,2827.226,2405.794
2017-05-28 14:36:02.29,-699.675,2829.119,2402.996
2017-05-28 14:36:07.28,-703.928,2827.683,2404.444
2017-05-28 14:36:12.27,-706.107,2830.144,2403.397
2017-05-28 14:36:17.26,-704.462,2828.642,2408.152
2017-05-28 14:36:22.26,-704.257,2828.218,2406.322
2017-05-28 14:36:27.25,-705.894,2829.188,2403.975
2017-05-28 14:36:32.24,-706.898,2824.430,2400.311
2017-05-28 14:36:37.23,-706.009,2823.314,2404.708
2017-05-28 14:36:42.22,-702.611,2825.644,2400.852
2017-05-28 14:36:47.21,-704.748,2826.727,2400.024
2017-05-28 14:36:52.20,-703.606,2824.062,2403.978
2017-05-28 14:36:57.19,-704.368,2823.039,2404.695
2017-05-28 14:37:02.19,-703.685,2823.987,2405.697
2017-05-28 14:37:07.18,-702.702,2824.638,2405.388
2017-05-28 14:37:12.17,-702.595,2827.422,2405.348
2017-05-28 14:37:17.16,-700.999,2828.010,2407.556
2017-05-28 14:37:22.15,-699.648,2828.250,2407.783
2017-05-28 14:37:27.14,-700.979,2827.399,2407.728
2017-05-28 14:37:32.13,-703.033,2828.941,2409.286
2017-05-28 14:37:37.12,-707.097,2825.711,2408.125
2017-05-28 14:37:42.12,-706.489,2825.209,2407.472
2017-05-28 14:37:47.11,-706.049,2822.474,2406.843
2017-05-28 14:37:52.10,-705.056,2822.174,2407.744
2017-05-28 14:37:57.09,-706.975,2823.366,2405.343
2017-05-28 14:38:02.08,-707.431,2822.924,2404.248
2017-05-28 14:38:07.07,-707.140,2822.257,2404.487
2017-05-28 14:38:12.06,-710.385,2821.179,2404.438
2017-05-28 14:38:17.05,-708.005,2822.015,2404.578
2017-05-28 14:38:22.05,-706.544,2822.814,2400.034
2017-05-28 14:38:27.04,-708.453,2821.234,2403.730
2017-05-28 14:38:32.03,-708.382,2824.798,2407.702
2017-05-28 14:38:37.02,-705.064,2824.230,2407.968
2017-05-28 14:38:42.01,-706.486,2825.291,2405.666
2017-05-28 14:38:47.00,-709.990,2824.480,2406.461
2017-05-28 14:38:51.99,-713.645,2823.275,2406.601
2017-05-28 14:38:56.98,-713.294,2823.588,2406.144
2017-05-28 14:39:01.98,-715.751,2823.520,2406.246
2017-05-28 14:39:06.97,-712.914,2825.078,2406.872
2017-05-28 14:39:11.96,-710.730,2823.093,2406.945
2017-05-28 14:39:16.95,-713.048,2824.849,2402.452
2017-05-28 14:39:21.94,-713.499,2824.086,2404.336
2017-05-28 14:39:26.93,-712.569,2823.282,2403.888
2017-05-28 14:39:31.92,-711.052,2823.327,2403.346
2017-05-28 14:39:36.91,-708.601,2824.707,2401.026
2017-05-28 14:39:41.90,-709.215,2824.296,2401.821
2017-05-28 14:39:46.90,-706.878,2825.556,2404.406
2017-05-28 14:39:51.89,-708.446,2825.231,2403.121
2017-05-28 14:39:56.88,-707.715,2825.919,2403.467
2017-05-28 14:40:01.87,-711.661,2822.676,2406.627
2017-05-28 14:40:06.86,-708.618,2825.082,2405.401
2017-05-28 14:40:11.85,-710.986,2823.401,2400.957
2017-05-28 14:40:16.84,-712.886,2822.595,2401.604
2017-05-28 14:40:21.83,-711.695,2823.974,2404.923
2017-05-28 14:40:26.83,-712.439,2823.342,2403.035
2017-05-28 14:40:31.82,-711.228,2822.436,2401.136
2017-05-28 14:40:36.81,-707.451,2823.108,2401.217
2017-05-28 14:40:41.80,-710.533,2822.846,2399.632
2017-05-28 14:40:46.79,-712.035,2822.092,2401.298
2017-05-28 14:40:51.78,-710.495,2823.801,2397.711
2017-05-28 14:40:56.77,-711.189,2821.008,2401.260
2017-05-28 14:41:01.76,-711.570,2821.631,2401.425
2017-05-28 14:41:06.76,-712.532,2822.533,2400.765
2017-05-28 14:41:11.75,-711.591,2820.907,2403.616
2017-05-28 14:41:16.74,-713.496,2822.025,2400.592
2017-05-28 14:41:21.73,-711.655,2821.612,2401.991
2017-05-28 14:41:26.72,-712.646,2820.472,2402.681
2017-05-28 14:41:31.71,-710.472,2823.910,2398.952
2017-05-28 14:41:36.70,-714.465,2823.047,2402.688
2017-05-28 14:41:41.69,-711.581,2823.309,2402.275
2017-05-28 14:41:46.69,-711.869,2823.408,2401.569
2017-05-28 14:41:51.68,-708.614,2823.511,2403.773
2017-05-28 14:41:56.67,-709.453,2824.442,2402.693
2017-05-28 14:42:01.66,-712.091,2822.023,2404.740
2017-05-28 14:42:06.65,-711.468,2823.473,2405.977
2017-05-28 14:42:11.64,-707.701,2825.650,2405.704
2017-05-28 14:42:16.63,-709.511,2821.886,2406.947
2017-05-28 14:42:21.62,-715.178,2818.676,2403.002
2017-05-28 14:42:26.62,-713.048,2819.654,2403.323
2017-05-28 14:42:31.61,-715.124,2818.578,2401.856
2017-05-28 14:42:36.60,-714.417,2818.114,2401.981
2017-05-28 14:42:41.59,-711.104,2820.342,2403.140
2017-05-28 14:42:46.58,-712.556,2818.054,2402.536
2017-05-28 14:42:51.59,-710.615,2819.049,2400.357
2017-05-28 14:42:56.58,-713.886,2819.949,2404.161
2017-05-28 14:43:01.57,-713.917,2820.868,2403.026
2017-05-28 14:43:06.56,-715.578,2817.825,2401.104
2017-05-28 14:43:11.55,-716.779,2819.882,2403.892
2017-05-28 14:43:16.54,-713.279,2820.555,2403.424
2017-05-28 14:43:21.53,-712.182,2821.195,2402.882
2017-05-28 14:43:26.53,-712.890,2821.583,2405.759
2017-05-28 14:43:31.52,-712.899,2820.962,2400.870
2017-05-28 14:43:36.51,-712.903,2821.819,2399.354
2017-05-28 14:43:41.50,-714.162,2819.341,2400.922
2017-05-28 14:43:46.49,-717.022,2819.549,2401.816
2017-05-28 14:43:51.48,-713.565,2819.391,2404.435
2017-05-28 14:43:56.47,-710.211,2823.320,2402.253
2017-05-28 14:44:01.46,-713.134,2822.115,2404.668
2017-05-28 14:44:06.45,-713.191,2820.953,2401.706
2017-05-28 14:44:11.45,-714.957,2821.473,2401.332
2017-05-28 14:44:16.44,-717.231,2820.806,2401.997
2017-05-28 14:44:21.43,-720.220,2820.392,2399.478
2017-05-28 14:44:26.42,-719.836,2823.661,2401.931
2017-05-28 14:44:31.41,-718.256,2822.066,2401.052
2017-05-28 14:44:36.40,-718.532,2820.090,2402.657
2017-05-28 14:44:41.39,-717.011,2820.666,2407.701
2017-05-28 14:44:46.39,-713.992,2819.881,2403.766
2017-05-28 14:44:51.38,-716.205,2818.919,2407.294
2017-05-28 14:44:56.37,-719.408,2816.075,2406.341
2017-05-28 14:45:01.36,-716.859,2817.962,2403.382
2017-05-28 14:45:06.35,-718.136,2817.566,2402.857
2017-05-28 14:45:11.34,-719.441,2816.805,2405.256
2017-05-28 14:45:16.33,-718.631,2817.842,2402.424
2017-05-28 14:45:21.32,-721.075,2817.432,2407.149
2017-05-28 14:45:26.31,-717.991,2816.106,2408.677
2017-05-28 14:45:31.31,-718.105,2818.129,2406.619
2017-05-28 14:45:36.30,-715.934,2817.889,2404.228
2017-05-28 14:45:41.29,-715.651,2817.073,2407.524
2017-05-28 14:45:46.28,-716.795,2819.638,2405.812
2017-05-28 14:45:51.27,-719.719,2820.648,2405.020
2017-05-28 14:45:56.26,-720.555,2820.439,2405.132
2017-05-28 14:46:01.25,-718.979,2819.404,2403.855
2017-05-28 14:46:06.24,-719.810,2818.728,2405.388
2017-05-28 14:46:11.24,-718.336,2819.935,2403.502
2017-05-28 14:46:16.23,-719.472,2817.697,2405.712
2017-05-28 14:46:21.22,-718.608,2818.138,2406.282
2017-05-28 14:46:26.21,-718.649,2819.507,2405.733
2017-05-28 14:46:31.20,-718.045,2819.197,2408.232
2017-05-28 14:46:36.19,-720.090,2818.437,2404.291
2017-05-28 14:46:41.18,-718.042,2817.095,2404.399
2017-05-28 14:46:46.17,-719.438,2816.917,2405.672
2017-05-28 14:46:51.16,-716.791,2816.313,2402.260
2017-05-28 14:46:56.16,-714.562,2817.174,2402.093
2017-05-28 14:47:01.15,-716.054,2818.659,2403.502
2017-05-28 14:47:06.14,-712.657,2819.346,2404.829
2017-05-28 14:47:11.13,-714.223,2822.088,2404.338
2017-05-28 14:47:16.12,-715.828,2824.435,2406.572
2017-05-28 14:47:21.11,-719.439,2821.225,2404.476
2017-05-28 14:47:26.10,-718.297,2820.361,2402.618
2017-05-28 14:47:31.09,-720.032,2819.512,2405.499
2017-05-28 14:47:36.09,-720.364,2816.857,2404.671
2017-05-28 14:47:41.08,-719.541,2816.126,2405.965
2017-05-28 14:47:46.07,-720.376,2818.482,2405.355
2017-05-28 14:47:51.06,-720.232,2819.501,2407.257
2017-05-28 14:47:56.05,-721.683,2819.758,2402.905
2017-05-28 14:48:01.04,-719.363,2819.774,2402.391
2017-05-28 14:48:06.03,-722.669,2818.503,2402.105
2017-05-28 14:48:11.02,-721.612,2817.851,2402.889
2017-05-28 14:48:16.01,-721.751,2817.964,2404.533
2017-05-28 14:48:21.01,-719.434,2816.697,2401.876
2017-05-28 14:48:26.00,-720.606,2817.043,2404.347
2017-05-28 14:48:30.99,-719.619,2818.246,2405.194
2017-05-28 14:48:35.98,-719.759,2820.165,2401.159
2017-05-28 14:48:40.97,-717.545,2819.419,2398.586
2017-05-28 14:48:45.96,-716.046,2819.109,2397.013
2017-05-28 14:48:50.95,-714.713,2819.735,2399.737
2017-05-28 14:48:55.95,-718.910,2822.253,2399.925
2017-05-28 14:49:00.94,-718.559,2823.515,2402.508
2017-05-28 14:49:05.93,-722.833,2820.938,2400.109
2017-05-28 14:49:10.92,-723.532,2819.476,2400.059
2017-05-28 14:49:15.91,-723.025,2818.649,2402.101
2017-05-28 14:49:20.90,-720.419,2821.364,2401.586
2017-05-28 14:49:25.89,-719.162,2822.111,2400.152
2017-05-28 14:49:30.88,-718.104,2823.712,2403.752
2017-05-28 14:49:35.87,-718.568,2821.228,2399.264
2017-05-28 14:49:40.87,-718.791,2823.022,2398.697
2017-05-28 14:49:45.86,-719.269,2820.659,2399.630
2017-05-28 14:49:50.85,-721.255,2820.311,2398.474
2017-05-28 14:49:55.84,-719.746,2819.773,2400.780
2017-05-28 14:50:00.83,-722.268,2820.787,2400.823
2017-05-28 14:50:05.82,-723.545,2819.635,2402.625
2017-05-28 14:50:10.81,-722.412,2817.968,2401.371
2017-05-28 14:50:15.80,-721.040,2819.193,2402.726
2017-05-28 14:50:20.80,-722.921,2818.364,2403.598
2017-05-28 14:50:25.79,-726.046,2820.665,2402.248
2017-05-28 14:50:30.78,-723.458,2818.788,2403.497
2017-05-28 14:50:35.77,-722.046,2817.289,2398.020
2017-05-28 14:50:40.76,-720.067,2817.666,2402.457
2017-05-28 14:50:45.75,-722.914,2817.728,2399.628
2017-05-28 14:50:50.74,-725.283,2817.697,2397.616
2017-05-28 14:50:55.73,-726.083,2819.727,2399.206
2017-05-28 14:51:00.72,-724.232,2820.257,2399.476
2017-05-28 14:51:05.72,-721.639,2822.542,2400.204
2017-05-28 14:51:10.71,-724.371,2822.741,2399.416
2017-05-28 14:51:15.70,-723.405,2823.239,2398.846
2017-05-28 14:51:20.69,-721.473,2822.052,2399.391
2017-05-28 14:51:25.68,-721.694,2820.183,2399.843
2017-05-28 14:51:30.67,-721.051,2819.201,2400.061
2017-05-28 14:51:35.66,-723.095,2819.995,2402.593
2017-05-28 14:51:40.65,-721.058,2820.649,2400.614
2017-05-28 14:51:45.65,-722.285,2820.725,2398.076
2017-05-28 14:51:50.65,-723.536,2819.146,2395.654
2017-05-28 14:51:55.64,-718.599,2820.752,2398.857
2017-05-28 14:52:00.64,-720.955,2821.799,2399.221
2017-05-28 14:52:05.63,-718.364,2822.471,2399.716
2017-05-28 14:52:10.62,-717.803,2822.701,2397.305
2017-05-28 14:52:15.61,-720.969,2821.084,2395.135
2017-05-28 14:52:20.60,-720.930,2820.344,2400.533
2017-05-28 14:52:25.59,-721.825,2819.028,2400.712
2017-05-28 14:52:30.58,-720.506,2820.677,2401.341
2017-05-28 14:52:35.57,-718.449,2823.348,2398.926
2017-05-28 14:52:40.56,-723.466,2819.868,2398.967
2017-05-28 14:52:45.56,-722.502,2820.250,2399.664
2017-05-28 14:52:50.55,-721.941,2819.684,2401.178
2017-05-28 14:52:55.54,-720.728,2819.265,2401.173
2017-05-28 14:53:00.53,-723.246,2817.843,2402.573
2017-05-28 14:53:05.52,-717.976,2817.958,2401.227
2017-05-28 14:53:10.51,-718.302,2819.184,2399.830
2017-05-28 14:53:15.50,-714.540,2820.534,2401.747
2017-05-28 14:53:20.49,-717.339,2820.528,2402.569
2017-05-28 14:53:25.49,-716.672,2820.047,2396.638
2017-05-28 14:53:30.48,-716.462,2819.502,2396.784
2017-05-28 14:53:35.47,-719.192,2816.400,2398.825
2017-05-28 14:53:40.46,-722.592,2817.857,2398.011
2017-05-28 14:53:45.45,-721.755,2818.101,2400.619
2017-05-28 14:53:50.44,-721.098,2817.065,2400.105
2017-05-28 14:53:55.43,-723.863,2815.754,2398.961
2017-05-28 14:54:00.42,-719.561,2818.393,2398.874
2017-05-28 14:54:05.41,-719.598,2820.374,2396.288
2017-05-28 14:54:10.41,-719.200,2821.137,2400.523
2017-05-28 14:54:15.40,-719.582,2820.975,2403.260
2017-05-28 14:54:20.39,-720.162,2818.391,2400.474
2017-05-28 14:54:25.38,-717.626,2818.775,2399.890
2017-05-28 14:54:30.37,-717.432,2822.778,2400.536
2017-05-28 14:54:35.36,-717.075,2821.758,2399.145
2017-05-28 14:54:40.35,-719.336,2820.081,2402.850
2017-05-28 14:54:45.34,-720.668,2820.244,2402.541
2017-05-28 14:54:50.34,-720.556,2820.180,2405.160
2017-05-28 14:54:55.33,-720.619,2819.104,2409.624
2017-05-28 14:55:00.32,-721.866,2816.830,2407.919
2017-05-28 14:55:05.31,-721.240,2818.373,2408.688
2017-05-28 14:55:10.30,-719.556,2817.086,2408.886
2017-05-28 14:55:15.29,-717.445,2818.107,2405.754
2017-05-28 14:55:20.28,-719.605,2816.644,2405.510
2017-05-28 14:55:25.27,-718.060,2818.029,2402.696
2017-05-28 14:55:30.26,-719.019,2819.660,2406.748
2017-05-28 14:55:35.27,-718.324,2818.561,2406.172
2017-05-28 14:55:40.26,-719.989,2821.250,2405.845
2017-05-28 14:55:45.25,-719.431,2820.905,2409.644
2017-05-28 14:55:50.25,-719.628,2820.055,2409.444
2017-05-28 14:55:55.24,-719.525,2819.215,2410.313
2017-05-28 14:56:00.23,-717.791,2820.725,2409.811
2017-05-28 14:56:05.22,-719.676,2819.374,2406.856
2017-05-28 14:56:10.21,-721.158,2819.141,2406.632
2017-05-28 14:56:15.20,-719.091,2818.125,2403.751
2017-05-28 14:56:20.19,-721.387,2815.979,2403.745
2017-05-28 14:56:25.18,-719.354,2815.229,2403.917
2017-05-28 14:56:30.18,-719.197,2818.197,2405.987
2017-05-28 14:56:35.17,-719.438,2817.691,2404.053
2017-05-28 14:56:40.16,-718.144,2819.265,2406.027
2017-05-28 14:56:45.15,-716.902,2819.572,2405.789
2017-05-28 14:56:50.14,-716.222,2819.141,2401.122
2017-05-28 14:56:55.13,-717.254,2817.998,2400.766
2017-05-28 14:57:00.12,-717.899,2818.792,2403.925
2017-05-28 14:57:05.11,-724.202,2815.958,2399.564
2017-05-28 14:57:10.10,-718.311,2817.411,2401.264
2017-05-28 14:57:15.10,-718.521,2817.737,2402.610
2017-05-28 14:57:20.09,-718.462,2817.531,2403.817
2017-05-28 14:57:25.08,-715.961,2818.363,2406.329
2017-05-28 14:57:30.07,-717.850,2817.419,2403.472
2017-05-28 14:57:35.06,-717.491,2817.442,2405.151
2017-05-28 14:57:40.05,-716.196,2818.898,2403.659
2017-05-28 14:57:45.04,-715.776,2820.835,2404.291
2017-05-28 14:57:50.03,-720.031,2820.699,2403.041
2017-05-28 14:57:55.03,-718.275,2820.136,2405.610
2017-05-28 14:58:00.03,-716.704,2817.949,2406.708
2017-05-28 14:58:05.02,-716.429,2815.767,2402.295
2017-05-28 14:58:10.01,-715.742,2817.806,2402.939
2017-05-28 14:58:15.01,-717.944,2816.709,2402.955
2017-05-28 14:58:20.00,-722.671,2815.746,2403.229
2017-05-28 14:58:24.99,-718.818,2817.725,2404.219
2017-05-28 14:58:29.98,-717.349,2818.730,2406.062
2017-05-28 14:58:34.97,-717.279,2817.121,2403.592
2017-05-28 14:58:39.96,-717.166,2817.482,2398.602
2017-05-28 14:58:44.95,-720.672,2817.026,2404.041
2017-05-28 14:58:49.94,-719.617,2816.693,2405.318
2017-05-28 14:58:54.94,-722.723,2817.058,2404.555
2017-05-28 14:58:59.93,-723.582,2815.251,2405.581
2017-05-28 14:59:04.92,-721.596,2818.052,2405.069
2017-05-28 14:59:09.91,-718.806,2817.866,2405.601
2017-05-28 14:59:14.90,-716.078,2818.174,2405.243
2017-05-28 14:59:19.89,-720.675,2816.968,2405.930
2017-05-28 14:59:24.88,-721.050,2816.260,2408.338
2017-05-28 14:59:29.87,-718.804,2816.448,2405.625
2017-05-28 14:59:34.86,-715.589,2815.618,2403.458
2017-05-28 14:59:39.86,-718.681,2814.935,2405.365
2017-05-28 14:59:44.85,-718.928,2816.229,2405.472
2017-05-28 14:59:49.84,-720.511,2815.819,2403.016
2017-05-28 14:59:54.83,-718.348,2816.032,2402.750
2017-05-28 14:59:59.82,-717.302,2818.861,2404.376
2017-05-28 15:00:04.81,-719.422,2818.189,2401.321
2017-05-28 15:00:09.80,-716.639,2819.291,2404.324
2017-05-28 15:00:14.79,-718.927,2818.228,2402.893
2017-05-28 15:00:19.79,-717.986,2819.984,2408.133
2017-05-28 15:00:24.79,-717.574,2820.151,2411.755
2017-05-28 15:00:29.78,-718.046,2817.678,2411.992
2017-05-28 15:00:34.78,-719.836,2819.957,2408.000
2017-05-28 15:00:39.77,-716.652,2820.104,2410.446
2017-05-28 15:00:44.76,-717.783,2819.386,2405.366
2017-05-28 15:00:49.75,-717.971,2817.831,2406.699
2017-05-28 15:00:54.74,-718.863,2817.475,2407.215
2017-05-28 15:00:59.73,-718.776,2818.929,2405.225
2017-05-28 15:01:04.72,-719.529,2818.518,2405.414
2017-05-28 15:01:09.71,-719.542,2818.493,2404.268
2017-05-28 15:01:14.70,-721.564,2820.495,2407.687
2017-05-28 15:01:19.70,-718.131,2821.386,2408.601
2017-05-28 15:01:24.69,-720.106,2819.886,2410.454
2017-05-28 15:01:29.68,-722.022,2819.531,2408.610
2017-05-28 15:01:34.67,-721.261,2817.589,2405.597
2017-05-28 15:01:39.66,-715.964,2820.891,2403.551
2017-05-28 15:01:44.65,-717.266,2820.435,2406.183
2017-05-28 15:01:49.64,-715.479,2821.673,2411.681
2017-05-28 15:01:54.63,-714.597,2820.093,2417.261
2017-05-28 15:01:59.63,-718.293,2817.722,2418.626
2017-05-28 15:02:04.62,-718.425,2818.342,2413.514
2017-05-28 15:02:09.61,-715.898,2820.617,2412.112
2017-05-28 15:02:14.60,-719.956,2820.452,2411.177
2017-05-28 15:02:19.59,-721.146,2819.448,2412.771
2017-05-28 15:02:24.58,-717.584,2821.202,2413.258
2017-05-28 15:02:29.59,-714.193,2821.050,2412.282
2017-05-28 15:02:34.58,-716.209,2819.683,2414.379
2017-05-28 15:02:39.57,-715.377,2821.035,2410.559
2017-05-28 15:02:44.56,-717.215,2819.707,2409.828
2017-05-28 15:02:49.55,-717.634,2820.619,2409.059
2017-05-28 15:02:54.54,-717.848,2820.943,2408.024
2017-05-28 15:02:59.54,-719.044,2819.082,2411.701
2017-05-28 15:03:04.53,-717.964,2818.962,2409.927
2017-05-28 15:03:09.52,-718.808,2818.979,2406.170
2017-05-28 15:03:14.51,-715.157,2821.856,2404.999
2017-05-28 15:03:19.50,-718.305,2819.293,2411.948
2017-05-28 15:03:24.49,-718.814,2819.875,2409.402
2017-05-28 15:03:29.48,-719.459,2823.085,2406.557
2017-05-28 15:03:34.47,-716.807,2824.074,2405.858
2017-05-28 15:03:39.47,-715.515,2821.970,2408.262
2017-05-28 15:03:44.46,-713.990,2823.851,2410.877
2017-05-28 15:03:49.45,-715.321,2819.283,2410.879
2017-05-28 15:03:54.44,-716.299,2820.485,2407.732
2017-05-28 15:03:59.43,-715.558,2819.576,2413.950
2017-05-28 15:04:04.42,-715.794,2820.959,2410.802
2017-05-28 15:04:09.41,-715.937,2819.228,2407.404
2017-05-28 15:04:14.40,-718.053,2819.730,2408.233
2017-05-28 15:04:19.39,-716.498,2820.340,2409.876
2017-05-28 15:04:24.39,-714.135,2820.810,2409.250
2017-05-28 15:04:29.38,-716.137,2819.651,2409.151
2017-05-28 15:04:34.37,-718.338,2816.772,2406.440
2017-05-28 15:04:39.36,-721.502,2815.901,2408.596
2017-05-28 15:04:44.35,-720.142,2818.106,2409.059
2017-05-28 15:04:49.34,-715.626,2820.138,2412.439
2017-05-28 15:04:54.33,-715.937,2820.192,2410.114
2017-05-28 15:04:59.32,-714.711,2820.105,2406.816
2017-05-28 15:05:04.32,-715.581,2820.172,2406.793
2017-05-28 15:05:09.31,-714.181,2819.019,2408.919
2017-05-28 15:05:14.30,-716.208,2820.249,2409.903
2017-05-28 15:05:19.29,-713.879,2821.071,2408.534
2017-05-28 15:05:24.28,-714.841,2821.553,2405.067
2017-05-28 15:05:29.29,-714.972,2818.182,2402.311
2017-05-28 15:05:34.28,-714.053,2821.770,2404.368
2017-05-28 15:05:39.27,-715.952,2819.459,2401.935
2017-05-28 15:05:44.26,-716.580,2821.540,2406.820
2017-05-28 15:05:49.25,-717.654,2818.042,2403.023
2017-05-28 15:05:54.24,-715.717,2817.253,2402.540
2017-05-28 15:05:59.23,-716.117,2820.599,2404.922
2017-05-28 15:06:04.23,-715.781,2818.685,2406.674
2017-05-28 15:06:09.22,-718.302,2817.782,2402.585
2017-05-28 15:06:14.21,-714.789,2819.809,2402.174
2017-05-28 15:06:19.20,-715.579,2820.809,2404.819
2017-05-28 15:06:24.19,-714.857,2821.280,2404.805
2017-05-28 15:06:29.18,-719.334,2819.456,2404.497
2017-05-28 15:06:34.17,-714.926,2821.125,2403.865
2017-05-28 15:06:39.16,-717.735,2820.809,2402.405
2017-05-28 15:06:44.15,-715.732,2821.596,2400.072
2017-05-28 15:06:49.15,-713.048,2822.749,2402.193
2017-05-28 15:06:54.14,-711.610,2821.463,2402.755
2017-05-28 15:06:59.13,-716.191,2820.035,2401.404
2017-05-28 15:07:04.12,-713.632,2819.427,2401.463
2017-05-28 15:07:09.11,-716.812,2821.323,2400.742
2017-05-28 15:07:14.10,-715.494,2821.381,2404.528
2017-05-28 15:07:19.09,-713.785,2821.178,2399.727
2017-05-28 15:07:24.08,-712.717,2824.071,2402.073
2017-05-28 15:07:29.08,-712.892,2823.063,2402.533
2017-05-28 15:07:34.07,-713.916,2823.373,2403.639
2017-05-28 15:07:39.06,-709.572,2823.682,2408.173
2017-05-28 15:07:44.05,-709.269,2822.942,2406.013
2017-05-28 15:07:49.06,-714.821,2822.478,2407.852
2017-05-28 15:07:54.05,-713.255,2823.260,2407.993
2017-05-28 15:07:59.04,-712.124,2825.187,2403.829
2017-05-28 15:08:04.03,-710.410,2825.374,2404.997
2017-05-28 15:08:09.02,-713.919,2823.303,2403.308
2017-05-28 15:08:14.01,-714.909,2822.899,2401.513
2017-05-28 15:08:19.00,-716.792,2822.854,2405.776
2017-05-28 15:08:23.99,-714.453,2823.814,2403.892
2017-05-28 15:08:28.99,-714.803,2823.681,2399.859
2017-05-28 15:08:33.98,-715.548,2822.274,2401.313
2017-05-28 15:08:38.97,-715.518,2821.766,2403.335
2017-05-28 15:08:43.96,-714.716,2822.284,2404.228
2017-05-28 15:08:48.93,-715.709,2823.207,2402.384
2017-05-28 15:08:53.93,-712.729,2824.088,2402.950
2017-05-28 15:08:58.92,-713.856,2824.875,2403.422
2017-05-28 15:09:03.91,-708.166,2825.431,2401.791
2017-05-28 15:09:08.90,-709.491,2825.455,2404.807
2017-05-28 15:09:13.89,-708.510,2825.335,2404.952
2017-05-28 15:09:18.90,-710.314,2822.975,2402.362
2017-05-28 15:09:23.89,-713.000,2823.115,2403.038
2017-05-28 15:09:28.88,-709.776,2823.808,2402.115
2017-05-28 15:09:33.87,-710.555,2824.471,2398.649
2017-05-28 15:09:38.86,-714.432,2825.289,2400.529
2017-05-28 15:09:43.85,-714.552,2824.020,2399.996
2017-05-28 15:09:48.84,-716.088,2823.634,2400.774
2017-05-28 15:09:53.83,-715.169,2822.009,2401.619
2017-05-28 15:09:58.83,-714.440,2825.872,2403.399
2017-05-28 15:10:03.82,-711.767,2825.404,2403.445
2017-05-28 15:10:08.81,-713.594,2824.541,2401.562
2017-05-28 15:10:13.78,-716.585,2823.948,2399.301
2017-05-28 15:10:18.77,-712.484,2825.008,2399.441
2017-05-28 15:10:23.77,-716.414,2824.583,2399.482
2017-05-28 15:10:28.76,-716.719,2825.139,2401.658
2017-05-28 15:10:33.75,-715.769,2826.446,2400.986
2017-05-28 15:10:38.74,-714.305,2825.646,2405.843
2017-05-28 15:10:43.73,-713.514,2827.827,2403.312
2017-05-28 15:10:48.72,-712.474,2825.573,2403.593
2017-05-28 15:10:53.71,-710.310,2826.010,2397.742
2017-05-28 15:10:58.72,-709.087,2825.595,2401.603
2017-05-28 15:11:03.69,-711.988,2824.464,2400.109
2017-05-28 15:11:08.69,-712.806,2824.010,2400.498
2017-05-28 15:11:13.68,-716.674,2824.030,2399.555
2017-05-28 15:11:18.67,-716.620,2824.164,2402.781
2017-05-28 15:11:23.66,-712.651,2824.529,2399.631
2017-05-28 15:11:28.65,-709.668,2825.064,2402.052
2017-05-28 15:11:33.64,-709.611,2826.512,2402.631
2017-05-28 15:11:38.63,-707.735,2829.185,2400.704
2017-05-28 15:11:43.62,-704.431,2828.626,2400.669
2017-05-28 15:11:48.62,-708.806,2825.713,2403.751
2017-05-28 15:11:53.61,-709.974,2826.834,2399.870
2017-05-28 15:11:58.60,-712.162,2826.125,2400.378
2017-05-28 15:12:03.59,-711.148,2825.057,2402.167
2017-05-28 15:12:08.58,-711.062,2825.327,2399.384
2017-05-28 15:12:13.57,-709.882,2825.246,2402.635
2017-05-28 15:12:18.56,-707.763,2827.162,2400.512
2017-05-28 15:12:23.55,-706.223,2828.862,2399.678
2017-05-28 15:12:28.55,-708.286,2825.109,2401.640
2017-05-28 15:12:33.54,-705.921,2824.175,2400.905
2017-05-28 15:12:38.53,-711.245,2824.554,2402.664
2017-05-28 15:12:43.52,-706.746,2825.789,2401.993
2017-05-28 15:12:48.51,-708.879,2825.854,2403.003
2017-05-28 15:12:53.50,-707.941,2824.422,2401.560
2017-05-28 15:12:58.49,-709.281,2822.622,2400.620
2017-05-28 15:13:03.48,-705.534,2824.626,2399.546
2017-05-28 15:13:08.47,-706.880,2825.995,2401.007
2017-05-28 15:13:13.47,-707.345,2828.000,2399.499
2017-05-28 15:13:18.46,-708.298,2829.762,2396.909
2017-05-28 15:13:23.45,-709.111,2829.536,2397.599
2017-05-28 15:13:28.44,-708.156,2827.064,2396.467
2017-05-28 15:13:33.43,-711.794,2826.113,2398.872
2017-05-28 15:13:38.42,-712.735,2828.038,2402.674
2017-05-28 15:13:43.41,-712.580,2829.992,2406.045
2017-05-28 15:13:48.40,-713.056,2830.611,2403.579
2017-05-28 15:13:53.39,-710.465,2829.664,2401.500
2017-05-28 15:13:58.39,-706.612,2829.329,2403.531
2017-05-28 15:14:03.38,-705.709,2829.742,2401.798
2017-05-28 15:14:08.37,-706.151,2830.811,2401.526
2017-05-28 15:14:13.36,-706.248,2828.479,2400.159
2017-05-28 15:14:18.35,-705.239,2829.770,2402.149
2017-05-28 15:14:23.34,-708.372,2826.602,2403.580
2017-05-28 15:14:28.33,-708.561,2826.205,2401.046
2017-05-28 15:14:33.32,-712.536,2826.082,2403.342
2017-05-28 15:14:38.31,-708.452,2828.534,2397.821
2017-05-28 15:14:43.31,-709.309,2828.848,2397.194
2017-05-28 15:14:48.30,-709.002,2830.583,2394.329
2017-05-28 15:14:53.29,-711.462,2830.501,2395.965
2017-05-28 15:14:58.28,-709.492,2830.049,2398.631
2017-05-28 15:15:03.27,-710.429,2829.093,2399.867
2017-05-28 15:15:08.26,-709.951,2829.758,2396.009
2017-05-28 15:15:13.25,-709.209,2828.546,2396.102
2017-05-28 15:15:18.24,-711.096,2826.709,2399.338
2017-05-28 15:15:23.24,-710.104,2828.721,2395.896
2017-05-28 15:15:28.23,-712.570,2826.745,2394.611
2017-05-28 15:15:33.22,-712.413,2825.593,2394.734
2017-05-28 15:15:38.21,-711.194,2827.820,2397.452
2017-05-28 15:15:43.20,-712.846,2826.983,2396.228
2017-05-28 15:15:48.19,-713.349,2826.535,2395.609
2017-05-28 15:15:53.18,-711.535,2824.575,2395.309
2017-05-28 15:15:58.17,-710.971,2823.122,2394.940
2017-05-28 15:16:03.17,-709.093,2825.745,2396.776
2017-05-28 15:16:08.16,-711.203,2825.426,2397.158
2017-05-28 15:16:13.15,-710.496,2824.252,2398.094
2017-05-28 15:16:18.14,-708.193,2824.606,2396.290
2017-05-28 15:16:23.13,-711.336,2825.787,2400.266
2017-05-28 15:16:28.12,-709.317,2826.214,2400.404
2017-05-28 15:16:33.11,-712.195,2825.516,2402.194
2017-05-28 15:16:38.10,-709.601,2825.801,2399.305
2017-05-28 15:16:43.09,-709.802,2826.189,2402.576
2017-05-28 15:16:48.09,-707.717,2827.042,2400.434
2017-05-28 15:16:53.08,-711.199,2825.523,2399.222
2017-05-28 15:16:58.07,-711.163,2823.844,2400.261
2017-05-28 15:17:03.06,-707.880,2825.681,2395.920
2017-05-28 15:17:08.05,-707.788,2823.583,2401.128
2017-05-28 15:17:13.04,-710.286,2825.849,2401.045
2017-05-28 15:17:18.03,-709.099,2827.971,2401.724
2017-05-28 15:17:23.02,-710.796,2828.962,2399.801
2017-05-28 15:17:28.01,-707.334,2829.520,2397.254
2017-05-28 15:17:33.01,-707.699,2829.747,2397.668
2017-05-28 15:17:38.00,-707.965,2829.391,2398.704
2017-05-28 15:17:42.99,-706.337,2828.019,2397.828
2017-05-28 15:17:47.98,-706.549,2829.072,2393.976
2017-05-28 15:17:52.97,-706.751,2827.916,2399.225
2017-05-28 15:17:57.96,-710.524,2829.026,2399.939
2017-05-28 15:18:02.95,-708.207,2827.510,2401.137
2017-05-28 15:18:07.94,-711.226,2826.801,2398.915
2017-05-28 15:18:12.94,-711.104,2826.164,2401.460
2017-05-28 15:18:17.93,-709.959,2825.888,2395.981
2017-05-28 15:18:22.92,-709.278,2827.219,2396.038
2017-05-28 15:18:27.91,-710.861,2826.234,2398.114
2017-05-28 15:18:32.90,-713.275,2826.275,2397.961
2017-05-28 15:18:37.89,-712.190,2826.802,2399.142
2017-05-28 15:18:42.88,-714.969,2825.198,2400.464
2017-05-28 15:18:47.87,-717.354,2828.179,2400.370
2017-05-28 15:18:52.86,-712.456,2827.964,2400.085
2017-05-28 15:18:57.86,-712.842,2830.329,2403.856
2017-05-28 15:19:02.85,-708.593,2827.980,2397.979
2017-05-28 15:19:07.84,-709.102,2827.526,2399.941
2017-05-28 15:19:12.83,-708.988,2825.619,2400.452
2017-05-28 15:19:17.82,-708.093,2827.660,2398.864
2017-05-28 15:19:22.81,-709.495,2828.122,2396.575
2017-05-28 15:19:27.80,-712.458,2825.570,2396.336
2017-05-28 15:19:32.79,-712.022,2825.903,2393.822
2017-05-28 15:19:37.79,-711.211,2827.841,2391.651
2017-05-28 15:19:42.78,-711.689,2827.916,2393.076
2017-05-28 15:19:47.77,-710.142,2827.390,2396.473
2017-05-28 15:19:52.76,-711.821,2830.714,2392.859
2017-05-28 15:19:57.75,-711.589,2829.662,2391.761
2017-05-28 15:20:02.74,-713.264,2829.967,2396.623
2017-05-28 15:20:07.73,-714.022,2825.564,2395.644
2017-05-28 15:20:12.72,-708.397,2827.612,2398.737
2017-05-28 15:20:17.71,-710.109,2826.094,2396.941
2017-05-28 15:20:22.71,-710.320,2825.437,2396.208
2017-05-28 15:20:27.70,-709.158,2825.698,2397.174
2017-05-28 15:20:32.69,-708.017,2826.874,2404.136
2017-05-28 15:20:37.68,-706.226,2824.635,2406.016
2017-05-28 15:20:42.67,-706.361,2825.179,2402.636
2017-05-28 15:20:47.66,-706.186,2824.520,2401.016
2017-05-28 15:20:52.65,-708.946,2827.441,2398.140
2017-05-28 15:20:57.64,-708.894,2828.950,2395.279
2017-05-28 15:21:02.64,-709.089,2826.318,2398.908
2017-05-28 15:21:07.63,-713.537,2826.136,2397.039
2017-05-28 15:21:12.63,-715.711,2823.457,2398.202
2017-05-28 15:21:17.62,-710.510,2826.139,2398.235
2017-05-28 15:21:22.62,-705.715,2826.405,2398.955
2017-05-28 15:21:27.61,-705.308,2828.611,2394.099
2017-05-28 15:21:32.60,-705.571,2831.372,2392.998
2017-05-28 15:21:37.59,-702.471,2832.842,2395.274
2017-05-28 15:21:42.58,-708.347,2829.781,2393.225
2017-05-28 15:21:47.57,-710.726,2828.229,2398.257
2017-05-28 15:21:52.56,-709.575,2828.328,2396.406
2017-05-28 15:21:57.55,-706.459,2829.090,2397.087
2017-05-28 15:22:02.55,-709.052,2828.709,2396.774
2017-05-28 15:22:07.54,-705.434,2831.019,2396.632
2017-05-28 15:22:12.53,-707.866,2829.217,2399.812
2017-05-28 15:22:17.52,-708.198,2826.922,2398.886
2017-05-28 15:22:22.51,-704.630,2830.263,2402.171
2017-05-28 15:22:27.50,-702.541,2831.752,2401.623
2017-05-28 15:22:32.49,-703.369,2829.990,2401.248
2017-05-28 15:22:37.48,-707.016,2830.597,2399.566
2017-05-28 15:22:42.47,-709.014,2828.837,2400.665
2017-05-28 15:22:47.47,-712.533,2827.582,2402.023
2017-05-28 15:22:52.46,-708.672,2827.542,2403.934
2017-05-28 15:22:57.45,-710.651,2828.542,2401.418
2017-05-28 15:23:02.44,-710.175,2830.324,2396.843
2017-05-28 15:23:07.43,-711.033,2828.781,2395.998
2017-05-28 15:23:12.42,-710.061,2829.553,2396.888
2017-05-28 15:23:17.41,-707.191,2825.843,2403.283
2017-05-28 15:23:22.40,-705.536,2826.566,2401.964
2017-05-28 15:23:27.40,-705.895,2825.381,2401.737
2017-05-28 15:23:32.39,-705.586,2829.459,2403.738
2017-05-28 15:23:37.38,-702.412,2827.928,2402.466
2017-05-28 15:23:42.37,-704.774,2826.561,2401.864
2017-05-28 15:23:47.36,-705.595,2826.009,2402.692
2017-05-28 15:23:52.35,-704.331,2827.475,2400.821
2017-05-28 15:23:57.34,-704.555,2827.205,2400.509
2017-05-28 15:24:02.33,-699.357,2827.457,2397.261
2017-05-28 15:24:07.32,-701.896,2827.151,2396.228
2017-05-28 15:24:12.32,-701.731,2827.993,2394.094
2017-05-28 15:24:17.31,-699.678,2828.294,2398.571
2017-05-28 15:24:22.30,-706.092,2827.546,2400.371
2017-05-28 15:24:27.29,-707.179,2828.666,2400.020
2017-05-28 15:24:32.26,-707.495,2829.981,2398.549
2017-05-28 15:24:37.26,-705.196,2828.688,2398.426
2017-05-28 15:24:42.25,-706.538,2827.166,2401.272
2017-05-28 15:24:47.24,-706.626,2825.859,2403.466
2017-05-28 15:24:52.23,-705.511,2827.013,2402.670
2017-05-28 15:24:57.22,-704.427,2828.359,2403.983
2017-05-28 15:25:02.21,-706.131,2827.567,2404.155
2017-05-28 15:25:07.20,-703.020,2830.781,2404.911
2017-05-28 15:25:12.19,-701.730,2832.549,2402.217
2017-05-28 15:25:17.19,-705.071,2830.801,2402.204
2017-05-28 15:25:22.18,-703.038,2830.082,2407.129
2017-05-28 15:25:27.17,-702.414,2827.958,2403.112
2017-05-28 15:25:32.17,-705.044,2832.186,2398.292
2017-05-28 15:25:37.17,-703.102,2830.037,2399.971
2017-05-28 15:25:42.14,-704.359,2830.746,2396.656
2017-05-28 15:25:47.13,-702.265,2833.328,2396.425
2017-05-28 15:25:52.14,-701.814,2830.878,2394.921
2017-05-28 15:25:57.13,-703.336,2829.402,2398.361
2017-05-28 15:26:02.12,-700.509,2830.533,2400.463
2017-05-28 15:26:07.10,-698.779,2831.043,2401.678
2017-05-28 15:26:12.10,-699.815,2831.015,2401.675
2017-05-28 15:26:17.10,-697.989,2831.195,2404.013
2017-05-28 15:26:22.07,-699.048,2831.862,2403.346
2017-05-28 15:26:27.06,-697.891,2831.977,2399.724
2017-05-28 15:26:32.05,-698.306,2831.329,2400.655
2017-05-28 15:26:37.04,-701.303,2829.299,2398.746
2017-05-28 15:26:42.03,-699.642,2828.573,2397.973
2017-05-28 15:26:47.03,-701.016,2828.411,2393.559
2017-05-28 15:26:52.02,-701.128,2827.421,2396.901
2017-05-28 15:26:57.01,-701.447,2827.565,2401.428
2017-05-28 15:27:02.00,-702.461,2827.457,2400.108
2017-05-28 15:27:06.99,-700.756,2829.294,2401.939
2017-05-28 15:27:11.98,-699.902,2829.051,2401.065
2017-05-28 15:27:16.97,-702.658,2826.926,2399.889
2017-05-28 15:27:21.96,-705.086,2825.000,2401.260
2017-05-28 15:27:26.96,-704.585,2826.977,2399.661
2017-05-28 15:27:31.95,-702.972,2825.518,2398.802
2017-05-28 15:27:36.94,-703.194,2826.450,2398.988
2017-05-28 15:27:41.93,-703.831,2825.810,2399.023
2017-05-28 15:27:46.92,-703.658,2828.464,2397.833
2017-05-28 15:27:51.91,-705.963,2828.327,2403.836
2017-05-28 15:27:56.90,-705.875,2830.054,2402.439
2017-05-28 15:28:01.89,-702.732,2829.472,2399.505
2017-05-28 15:28:06.89,-706.226,2827.178,2401.388
2017-05-28 15:28:11.88,-703.391,2829.741,2400.736
2017-05-28 15:28:16.87,-703.137,2827.474,2397.007
2017-05-28 15:28:21.86,-702.834,2828.906,2397.642
2017-05-28 15:28:26.85,-704.944,2829.480,2398.350
2017-05-28 15:28:31.84,-706.614,2829.082,2396.557
2017-05-28 15:28:36.83,-703.416,2828.420,2400.109
2017-05-28 15:28:41.82,-701.996,2830.018,2400.202
2017-05-28 15:28:46.81,-702.306,2828.813,2400.872
2017-05-28 15:28:51.81,-699.823,2830.066,2398.878
2017-05-28 15:28:56.80,-700.781,2829.388,2393.786
2017-05-28 15:29:01.79,-701.734,2825.350,2394.500
2017-05-28 15:29:06.78,-703.320,2827.533,2395.783
2017-05-28 15:29:11.77,-702.891,2826.644,2400.137
2017-05-28 15:29:16.76,-702.542,2825.872,2398.164
2017-05-28 15:29:21.77,-703.989,2823.844,2398.737
2017-05-28 15:29:26.76,-705.803,2825.962,2400.340
2017-05-28 15:29:31.75,-708.217,2826.534,2399.159
2017-05-28 15:29:36.74,-706.488,2828.703,2404.809
2017-05-28 15:29:41.73,-705.799,2829.178,2398.908
2017-05-28 15:29:46.72,-707.394,2828.420,2397.013
2017-05-28 15:29:51.72,-708.708,2828.424,2399.726
2017-05-28 15:29:56.71,-706.986,2829.017,2395.105
2017-05-28 15:30:01.70,-704.405,2826.990,2399.105
2017-05-28 15:30:06.69,-706.770,2827.437,2397.349
2017-05-28 15:30:11.68,-707.715,2825.952,2397.609
2017-05-28 15:30:16.67,-711.319,2825.214,2400.620
2017-05-28 15:30:21.66,-708.838,2826.398,2396.133
2017-05-28 15:30:26.65,-706.095,2828.766,2396.066
2017-05-28 15:30:31.65,-708.078,2827.705,2399.098
2017-05-28 15:30:36.64,-708.661,2826.881,2396.639
2017-05-28 15:30:41.61,-706.113,2826.447,2401.149
2017-05-28 15:30:46.60,-703.218,2828.785,2402.004
2017-05-28 15:30:51.61,-705.464,2827.043,2400.104
2017-05-28 15:30:56.60,-706.268,2827.819,2401.160
2017-05-28 15:31:01.59,-704.586,2828.102,2401.034
2017-05-28 15:31:06.58,-704.302,2829.068,2401.114
2017-05-28 15:31:11.57,-703.472,2826.562,2400.825
2017-05-28 15:31:16.57,-703.786,2828.083,2397.903
2017-05-28 15:31:21.56,-702.024,2826.773,2398.315
2017-05-28 15:31:26.55,-704.542,2824.703,2397.149
2017-05-28 15:31:31.54,-703.827,2827.004,2399.176
2017-05-28 15:31:36.53,-702.546,2824.993,2397.938
2017-05-28 15:31:41.52,-708.226,2825.387,2402.539
2017-05-28 15:31:46.51,-704.907,2824.975,2404.343
2017-05-28 15:31:51.50,-707.240,2825.445,2402.369
2017-05-28 15:31:56.49,-709.078,2826.602,2403.450
2017-05-28 15:32:01.49,-705.243,2829.589,2402.969
2017-05-28 15:32:06.48,-707.996,2825.773,2404.576
2017-05-28 15:32:11.47,-709.119,2827.296,2401.371
2017-05-28 15:32:16.46,-711.884,2826.421,2401.105
2017-05-28 15:32:21.45,-708.979,2828.328,2403.176
2017-05-28 15:32:26.44,-710.415,2829.322,2404.303
2017-05-28 15:32:31.43,-707.783,2830.832,2404.059
2017-05-28 15:32:36.42,-709.605,2829.542,2402.671
2017-05-28 15:32:41.42,-711.403,2827.510,2397.874
2017-05-28 15:32:46.41,-709.082,2829.076,2397.726
2017-05-28 15:32:51.40,-708.888,2829.180,2400.929
2017-05-28 15:32:56.39,-710.522,2829.208,2401.092
2017-05-28 15:33:01.38,-707.096,2831.853,2402.331
2017-05-28 15:33:06.37,-708.679,2830.258,2397.856
2017-05-28 15:33:11.36,-708.736,2828.954,2398.848
2017-05-28 15:33:16.35,-706.676,2829.144,2399.172
2017-05-28 15:33:21.35,-707.069,2828.990,2397.162
2017-05-28 15:33:26.34,-706.268,2828.276,2397.436
2017-05-28 15:33:31.33,-705.791,2829.512,2401.405
2017-05-28 15:33:36.32,-702.827,2832.495,2396.316
2017-05-28 15:33:41.31,-706.469,2833.063,2399.361
2017-05-28 15:33:46.30,-708.456,2830.943,2398.403
2017-05-28 15:33:51.29,-708.359,2831.708,2393.250
2017-05-28 15:33:56.28,-706.991,2832.291,2398.984
2017-05-28 15:34:01.27,-712.379,2830.762,2399.315
2017-05-28 15:34:06.27,-712.705,2828.398,2398.558
2017-05-28 15:34:11.26,-711.002,2828.747,2400.191
2017-05-28 15:34:16.25,-709.036,2827.441,2400.535
2017-05-28 15:34:21.24,-711.194,2827.937,2399.895
2017-05-28 15:34:26.23,-708.221,2828.805,2405.048
2017-05-28 15:34:31.22,-706.723,2828.908,2408.346
2017-05-28 15:34:36.21,-706.432,2828.493,2405.318
2017-05-28 15:34:41.20,-707.002,2828.240,2407.106
2017-05-28 15:34:46.20,-702.585,2829.539,2404.352
2017-05-28 15:34:51.19,-708.375,2829.116,2402.760
2017-05-28 15:34:56.18,-707.574,2830.507,2401.348
2017-05-28 15:35:01.17,-704.799,2830.071,2401.342
2017-05-28 15:35:06.16,-703.628,2829.085,2403.742
2017-05-28 15:35:11.15,-708.956,2828.413,2400.656
2017-05-28 15:35:16.14,-709.762,2827.139,2404.298
2017-05-28 15:35:21.13,-710.276,2827.589,2400.921
2017-05-28 15:35:26.12,-709.439,2825.197,2397.655
2017-05-28 15:35:31.12,-706.419,2825.909,2399.376
2017-05-28 15:35:36.11,-706.514,2827.702,2402.663
2017-05-28 15:35:41.10,-706.932,2825.837,2400.645
2017-05-28 15:35:46.09,-707.039,2827.527,2399.461
2017-05-28 15:35:51.08,-709.198,2825.488,2396.208
2017-05-28 15:35:56.07,-707.892,2826.801,2393.390
2017-05-28 15:36:01.06,-702.966,2828.899,2394.267
2017-05-28 15:36:06.05,-704.779,2825.894,2394.891
2017-05-28 15:36:11.04,-702.859,2828.563,2396.641
2017-05-28 15:36:16.04,-701.031,2831.181,2398.043
2017-05-28 15:36:21.03,-700.964,2831.022,2398.447
2017-05-28 15:36:26.02,-701.586,2828.896,2397.172
2017-05-28 15:36:31.01,-701.620,2828.728,2395.610
2017-05-28 15:36:36.00,-706.369,2831.311,2395.318
2017-05-28 15:36:40.99,-705.032,2827.852,2392.934
2017-05-28 15:36:45.98,-699.951,2828.231,2394.457
2017-05-28 15:36:50.97,-700.862,2828.680,2393.909
2017-05-28 15:36:55.97,-702.955,2830.111,2397.581
2017-05-28 15:37:00.96,-705.415,2830.408,2400.007
2017-05-28 15:37:05.95,-706.673,2831.942,2403.023
2017-05-28 15:37:10.94,-709.915,2828.161,2402.744
2017-05-28 15:37:15.93,-710.091,2829.719,2405.776
2017-05-28 15:37:20.92,-705.782,2829.316,2403.877
2017-05-28 15:37:25.91,-707.955,2832.812,2403.655
2017-05-28 15:37:30.90,-705.242,2828.095,2400.884
2017-05-28 15:37:35.90,-706.678,2826.692,2402.095
2017-05-28 15:37:40.89,-709.376,2825.304,2400.826
2017-05-28 15:37:45.88,-706.222,2828.260,2398.230
2017-05-28 15:37:50.87,-706.525,2825.714,2398.320
2017-05-28 15:37:55.86,-708.116,2827.032,2398.904
2017-05-28 15:38:00.85,-709.319,2826.010,2400.584
2017-05-28 15:38:05.84,-706.451,2825.990,2399.152
2017-05-28 15:38:10.83,-706.425,2826.181,2399.030
2017-05-28 15:38:15.82,-704.056,2822.718,2397.916
2017-05-28 15:38:20.82,-704.848,2823.528,2398.397
2017-05-28 15:38:25.81,-703.108,2825.099,2395.611
2017-05-28 15:38:30.80,-705.651,2824.283,2397.030
2017-05-28 15:38:35.79,-706.160,2824.666,2395.631
2017-05-28 15:38:40.76,-704.612,2826.482,2398.895
2017-05-28 15:38:45.76,-702.972,2824.579,2399.448
2017-05-28 15:38:50.76,-701.524,2825.762,2402.222
2017-05-28 15:38:55.74,-702.282,2827.353,2398.640
2017-05-28 15:39:00.73,-705.718,2824.070,2394.613
2017-05-28 15:39:05.72,-704.045,2828.074,2392.674
2017-05-28 15:39:10.71,-706.071,2827.998,2394.551
2017-05-28 15:39:15.70,-707.515,2828.159,2395.759
2017-05-28 15:39:20.69,-705.236,2829.240,2396.988
2017-05-28 15:39:25.69,-707.105,2826.565,2400.717
2017-05-28 15:39:30.68,-708.251,2827.823,2398.625
2017-05-28 15:39:35.67,-709.918,2826.650,2399.184
2017-05-28 15:39:40.66,-706.590,2827.848,2402.079
2017-05-28 15:39:45.65,-708.409,2824.859,2399.429
2017-05-28 15:39:50.64,-707.500,2825.714,2402.315
2017-05-28 15:39:55.63,-706.728,2828.793,2398.062
2017-05-28 15:40:00.62,-712.074,2825.801,2398.448
2017-05-28 15:40:05.61,-710.954,2828.613,2399.495
2017-05-28 15:40:10.61,-709.704,2827.227,2399.665
2017-05-28 15:40:15.60,-706.346,2827.162,2401.252
2017-05-28 15:40:20.59,-705.966,2827.582,2398.543
2017-05-28 15:40:25.58,-704.318,2828.195,2402.543
2017-05-28 15:40:30.57,-704.270,2828.540,2396.842
2017-05-28 15:40:35.56,-703.162,2828.789,2396.559
2017-05-28 15:40:40.55,-703.843,2828.248,2396.228
2017-05-28 15:40:45.54,-702.147,2828.612,2399.699
2017-05-28 15:40:50.54,-701.840,2827.942,2399.865
2017-05-28 15:40:55.53,-702.504,2827.405,2399.663
2017-05-28 15:41:00.52,-702.227,2827.785,2397.757
2017-05-28 15:41:05.51,-702.191,2826.993,2398.542
2017-05-28 15:41:10.50,-701.295,2826.149,2395.565
2017-05-28 15:41:15.49,-703.676,2824.831,2393.549
2017-05-28 15:41:20.48,-703.112,2828.782,2396.722
2017-05-28 15:41:25.47,-704.907,2829.052,2399.337
2017-05-28 15:41:30.46,-705.242,2828.201,2398.715
2017-05-28 15:41:35.46,-704.798,2830.419,2393.978
2017-05-28 15:41:40.45,-705.545,2828.890,2394.644
2017-05-28 15:41:45.44,-702.858,2828.465,2396.532
2017-05-28 15:41:50.43,-703.955,2830.087,2397.452
2017-05-28 15:41:55.42,-706.065,2826.734,2395.394
2017-05-28 15:42:00.41,-709.329,2824.380,2397.277
2017-05-28 15:42:05.40,-707.996,2824.477,2397.413
2017-05-28 15:42:10.39,-709.226,2824.031,2395.838
2017-05-28 15:42:15.38,-706.610,2825.011,2398.868
2017-05-28 15:42:20.37,-705.314,2826.806,2395.342
2017-05-28 15:42:25.37,-707.650,2827.919,2398.128
2017-05-28 15:42:30.36,-707.021,2828.684,2402.884
2017-05-28 15:42:35.35,-708.674,2828.713,2402.571
2017-05-28 15:42:40.34,-708.939,2827.251,2400.990
2017-05-28 15:42:45.33,-711.401,2824.202,2395.196
2017-05-28 15:42:50.32,-708.746,2827.325,2393.841
2017-05-28 15:42:55.31,-708.127,2825.213,2394.117
2017-05-28 15:43:00.30,-708.328,2828.444,2394.906
2017-05-28 15:43:05.29,-707.721,2827.541,2400.318
2017-05-28 15:43:10.28,-706.412,2829.282,2399.366
2017-05-28 15:43:15.28,-705.409,2830.513,2399.095
2017-05-28 15:43:20.27,-706.899,2829.699,2399.002
2017-05-28 15:43:25.26,-708.279,2826.783,2399.865
2017-05-28 15:43:30.25,-707.828,2828.230,2401.701
2017-05-28 15:43:35.24,-707.105,2831.122,2397.712
2017-05-28 15:43:40.23,-704.593,2831.712,2397.114
2017-05-28 15:43:45.22,-702.404,2829.822,2394.045
2017-05-28 15:43:50.21,-704.828,2827.638,2399.519
2017-05-28 15:43:55.20,-710.907,2826.156,2395.367
2017-05-28 15:44:00.19,-706.368,2828.726,2395.736
2017-05-28 15:44:05.19,-702.237,2831.223,2394.074
2017-05-28 15:44:10.18,-705.912,2831.178,2394.252
2017-05-28 15:44:15.17,-704.373,2828.977,2392.978
2017-05-28 15:44:20.16,-705.555,2827.115,2393.549
2017-05-28 15:44:25.15,-706.442,2825.238,2399.093
2017-05-28 15:44:30.14,-708.847,2823.188,2399.480
2017-05-28 15:44:35.13,-708.471,2823.770,2397.463
2017-05-28 15:44:40.12,-707.352,2825.723,2396.805
2017-05-28 15:44:45.12,-706.710,2827.105,2397.392
2017-05-28 15:44:50.11,-704.112,2828.839,2396.596
2017-05-28 15:44:55.10,-707.530,2825.623,2397.724
2017-05-28 15:45:00.09,-708.863,2826.049,2395.046
2017-05-28 15:45:05.08,-707.386,2825.416,2396.792
2017-05-28 15:45:10.05,-710.025,2825.002,2397.008
2017-05-28 15:45:15.04,-713.729,2828.411,2396.748
2017-05-28 15:45:20.04,-709.779,2827.958,2395.553
2017-05-28 15:45:25.03,-709.300,2828.773,2394.179
2017-05-28 15:45:30.02,-710.304,2827.989,2395.263
2017-05-28 15:45:35.01,-711.001,2827.888,2397.556
2017-05-28 15:45:40.00,-710.893,2829.172,2397.862
2017-05-28 15:45:44.99,-713.686,2829.418,2396.752
2017-05-28 15:45:49.98,-709.690,2831.334,2397.829
2017-05-28 15:45:54.97,-707.709,2829.746,2400.399
2017-05-28 15:45:59.97,-705.714,2828.045,2400.523
2017-05-28 15:46:04.96,-705.732,2829.823,2397.582
2017-05-28 15:46:09.95,-707.059,2831.208,2396.594
2017-05-28 15:46:14.94,-707.491,2830.203,2397.149
2017-05-28 15:46:19.93,-705.659,2832.839,2398.362
2017-05-28 15:46:24.92,-705.959,2829.623,2398.679
2017-05-28 15:46:29.91,-708.039,2827.491,2400.394
2017-05-28 15:46:34.90,-708.921,2828.263,2401.712
2017-05-28 15:46:39.89,-709.572,2829.355,2404.528
2017-05-28 15:46:44.88,-714.001,2826.771,2402.825
2017-05-28 15:46:49.88,-713.102,2826.396,2408.822
2017-05-28 15:46:54.87,-712.557,2827.968,2406.159
2017-05-28 15:46:59.86,-710.129,2830.728,2405.063
2017-05-28 15:47:04.85,-712.401,2829.140,2402.697
2017-05-28 15:47:09.84,-713.460,2829.932,2402.314
2017-05-28 15:47:14.83,-712.087,2829.218,2401.665
2017-05-28 15:47:19.82,-709.080,2829.926,2404.695
2017-05-28 15:47:24.81,-711.193,2829.354,2404.318
2017-05-28 15:47:29.80,-709.136,2831.430,2400.321
2017-05-28 15:47:34.79,-708.471,2831.671,2396.845
2017-05-28 15:47:39.79,-711.374,2830.981,2395.625
2017-05-28 15:47:44.78,-711.439,2829.017,2394.453
2017-05-28 15:47:49.77,-710.274,2828.149,2396.168
2017-05-28 15:47:54.76,-708.422,2828.449,2398.749
2017-05-28 15:47:59.75,-711.602,2828.202,2401.527
2017-05-28 15:48:04.74,-713.512,2829.127,2395.526
2017-05-28 15:48:09.73,-709.895,2828.652,2393.202
2017-05-28 15:48:14.72,-712.448,2827.762,2398.598
2017-05-28 15:48:19.72,-714.054,2828.224,2400.056
2017-05-28 15:48:24.71,-712.373,2828.941,2397.576
2017-05-28 15:48:29.70,-712.986,2828.215,2398.819
2017-05-28 15:48:34.69,-714.544,2827.866,2400.696
2017-05-28 15:48:39.68,-710.669,2829.242,2398.362
2017-05-28 15:48:44.69,-712.334,2830.804,2398.566
2017-05-28 15:48:49.68,-711.314,2828.884,2400.000
2017-05-28 15:48:54.67,-711.131,2830.226,2400.482
2017-05-28 15:48:59.66,-713.828,2828.626,2398.718
2017-05-28 15:49:04.65,-712.582,2827.827,2397.523
2017-05-28 15:49:09.64,-711.008,2828.240,2395.793
2017-05-28 15:49:14.63,-713.228,2827.059,2397.041
2017-05-28 15:49:19.62,-709.372,2827.813,2404.148
2017-05-28 15:49:24.61,-709.152,2829.997,2403.699
2017-05-28 15:49:29.61,-708.276,2829.282,2400.231
2017-05-28 15:49:34.58,-709.102,2831.370,2401.272
2017-05-28 15:49:39.57,-711.013,2828.089,2400.649
2017-05-28 15:49:44.56,-711.404,2828.285,2399.250
2017-05-28 15:49:49.55,-711.048,2828.637,2398.541
2017-05-28 15:49:54.55,-707.308,2829.169,2398.782
2017-05-28 15:49:59.54,-709.222,2829.361,2400.205
2017-05-28 15:50:04.53,-706.888,2828.942,2398.812
2017-05-28 15:50:09.52,-706.876,2830.000,2402.696
2017-05-28 15:50:14.51,-710.812,2828.748,2401.464
2017-05-28 15:50:19.50,-708.888,2828.763,2404.937
2017-05-28 15:50:24.49,-707.602,2827.386,2403.111
2017-05-28 15:50:29.48,-709.022,2826.205,2398.910
2017-05-28 15:50:34.47,-707.594,2827.717,2399.263
2017-05-28 15:50:39.47,-708.729,2829.173,2399.628
2017-05-28 15:50:44.46,-708.141,2829.769,2397.235
2017-05-28 15:50:49.45,-708.928,2828.817,2397.707
2017-05-28 15:50:54.44,-707.191,2829.860,2396.922
2017-05-28 15:50:59.43,-705.288,2828.957,2397.948
2017-05-28 15:51:04.42,-705.733,2830.557,2398.360
2017-05-28 15:51:09.41,-705.670,2830.391,2397.813
2017-05-28 15:51:14.40,-706.811,2829.268,2396.709
2017-05-28 15:51:19.40,-706.624,2829.498,2398.454
2017-05-28 15:51:24.39,-707.351,2826.794,2397.352
2017-05-28 15:51:29.38,-709.100,2826.760,2396.494
2017-05-28 15:51:34.37,-707.935,2828.018,2397.424
2017-05-28 15:51:39.36,-709.153,2828.681,2395.625
2017-05-28 15:51:44.35,-707.987,2827.137,2395.434
2017-05-28 15:51:49.34,-708.066,2825.857,2396.772
2017-05-28 15:51:54.33,-708.492,2828.394,2398.329
2017-05-28 15:51:59.32,-708.554,2826.500,2397.563
2017-05-28 15:52:04.31,-711.137,2828.294,2399.478
2017-05-28 15:52:09.31,-708.591,2830.684,2399.379
2017-05-28 15:52:14.30,-708.624,2829.298,2400.694
2017-05-28 15:52:19.29,-709.859,2826.414,2405.591
2017-05-28 15:52:24.28,-707.843,2828.881,2401.946
2017-05-28 15:52:29.27,-708.054,2828.743,2405.845
2017-05-28 15:52:34.26,-706.005,2826.639,2398.641
2017-05-28 15:52:39.25,-708.832,2826.734,2402.279
2017-05-28 15:52:44.24,-703.313,2827.464,2405.109
2017-05-28 15:52:49.23,-705.627,2824.772,2400.853
2017-05-28 15:52:54.23,-706.629,2826.083,2403.980
2017-05-28 15:52:59.22,-705.046,2828.060,2400.574
2017-05-28 15:53:04.21,-708.331,2824.997,2400.987
2017-05-28 15:53:09.20,-708.621,2824.120,2405.128
2017-05-28 15:53:14.19,-710.513,2827.088,2404.701
2017-05-28 15:53:19.18,-706.763,2827.198,2404.677
2017-05-28 15:53:24.17,-705.466,2829.576,2402.026
2017-05-28 15:53:29.16,-704.291,2830.291,2402.068
2017-05-28 15:53:34.15,-701.974,2834.351,2400.287
2017-05-28 15:53:39.15,-705.968,2834.161,2400.781
2017-05-28 15:53:44.14,-709.668,2829.173,2403.426
2017-05-28 15:53:49.13,-708.898,2828.155,2404.798
2017-05-28 15:53:54.12,-708.863,2829.707,2405.435
2017-05-28 15:53:59.11,-711.153,2830.875,2405.398
2017-05-28 15:54:04.10,-709.489,2832.478,2401.224
2017-05-28 15:54:09.09,-707.431,2832.094,2399.677
2017-05-28 15:54:14.08,-705.802,2831.593,2399.171
2017-05-28 15:54:19.08,-707.698,2832.158,2402.144
2017-05-28 15:54:24.07,-705.084,2831.186,2402.295
2017-05-28 15:54:29.06,-706.328,2829.989,2405.009
2017-05-28 15:54:34.05,-705.178,2832.640,2406.221
2017-05-28 15:54:39.04,-705.915,2833.089,2406.563
2017-05-28 15:54:44.03,-705.445,2831.717,2406.847
2017-05-28 15:54:49.02,-707.837,2827.998,2403.791
2017-05-28 15:54:54.01,-707.126,2830.528,2404.963
2017-05-28 15:54:59.00,-704.705,2830.760,2403.848
2017-05-28 15:55:04.00,-703.629,2832.291,2405.314
2017-05-28 15:55:08.99,-703.545,2833.168,2404.583
2017-05-28 15:55:13.98,-703.244,2829.457,2407.091
2017-05-28 15:55:18.97,-704.994,2826.389,2408.013
2017-05-28 15:55:23.96,-704.473,2828.874,2406.839
2017-05-28 15:55:28.95,-703.495,2830.851,2405.827
2017-05-28 15:55:33.94,-704.334,2828.750,2403.835
2017-05-28 15:55:38.93,-707.483,2828.440,2405.085
2017-05-28 15:55:43.92,-705.725,2831.641,2399.729
2017-05-28 15:55:48.91,-704.862,2832.218,2400.569
2017-05-28 15:55:53.91,-705.731,2831.456,2403.358
2017-05-28 15:55:58.90,-705.762,2832.361,2409.069
2017-05-28 15:56:03.89,-704.922,2834.354,2406.604
2017-05-28 15:56:08.88,-704.646,2830.391,2407.958
2017-05-28 15:56:13.87,-704.943,2830.684,2409.852
2017-05-28 15:56:18.86,-705.431,2830.879,2407.718
2017-05-28 15:56:23.85,-708.801,2828.374,2408.266
2017-05-28 15:56:28.84,-707.452,2829.361,2403.322
2017-05-28 15:56:33.83,-711.835,2829.035,2404.159
2017-05-28 15:56:38.83,-710.772,2832.347,2403.135
2017-05-28 15:56:43.82,-707.481,2832.007,2403.609
2017-05-28 15:56:48.81,-709.914,2833.498,2400.646
2017-05-28 15:56:53.80,-707.959,2832.141,2404.187
2017-05-28 15:56:58.79,-704.932,2832.751,2401.929
2017-05-28 15:57:03.78,-705.331,2832.395,2400.410
2017-05-28 15:57:08.77,-705.660,2832.612,2402.821
2017-05-28 15:57:13.76,-705.992,2831.549,2402.739
2017-05-28 15:57:18.76,-706.703,2830.839,2403.972
2017-05-28 15:57:23.75,-702.476,2832.864,2405.145
2017-05-28 15:57:28.74,-702.989,2832.703,2401.673
2017-05-28 15:57:33.73,-706.686,2833.298,2405.299
2017-05-28 15:57:38.72,-705.043,2834.593,2407.152
2017-05-28 15:57:43.71,-705.266,2832.156,2400.512
2017-05-28 15:57:48.70,-703.569,2832.644,2400.890
2017-05-28 15:57:53.69,-707.072,2833.043,2401.167
2017-05-28 15:57:58.68,-709.215,2830.228,2403.118
2017-05-28 15:58:03.68,-705.391,2831.477,2402.083
2017-05-28 15:58:08.67,-706.337,2833.229,2400.776
2017-05-28 15:58:13.66,-704.483,2833.198,2402.046
2017-05-28 15:58:18.65,-706.015,2832.141,2401.520
2017-05-28 15:58:23.64,-703.955,2831.060,2399.346
2017-05-28 15:58:28.63,-704.312,2832.128,2399.948
2017-05-28 15:58:33.62,-709.517,2831.571,2403.622
2017-05-28 15:58:38.61,-710.060,2831.145,2400.424
2017-05-28 15:58:43.59,-707.518,2831.427,2398.948
2017-05-28 15:58:48.58,-705.736,2831.246,2400.103
2017-05-28 15:58:53.57,-702.670,2829.805,2401.332
2017-05-28 15:58:58.56,-705.857,2830.042,2406.829
2017-05-28 15:59:03.55,-705.965,2828.957,2407.131
2017-05-28 15:59:08.54,-710.068,2829.114,2407.395
2017-05-28 15:59:13.54,-709.660,2825.609,2406.031
2017-05-28 15:59:18.53,-710.135,2827.401,2404.954
2017-05-28 15:59:23.53,-708.902,2829.476,2406.531
2017-05-28 15:59:28.52,-710.853,2828.885,2405.601
2017-05-28 15:59:33.50,-708.827,2828.219,2403.074
2017-05-28 15:59:38.49,-710.145,2828.961,2406.563
2017-05-28 15:59:43.48,-706.644,2829.698,2406.470
2017-05-28 15:59:48.47,-708.584,2830.367,2404.298
2017-05-28 15:59:53.46,-709.748,2827.233,2405.424
2017-05-28 15:59:58.46,-710.824,2827.031,2408.571
2017-05-28 16:00:03.45,-711.832,2828.189,2406.336
2017-05-28 16:00:08.44,-709.167,2829.159,2409.394
2017-05-28 16:00:13.43,-709.056,2828.608,2408.324
2017-05-28 16:00:18.42,-706.867,2832.385,2405.334
2017-05-28 16:00:23.41,-704.582,2831.071,2403.025
2017-05-28 16:00:28.40,-703.710,2834.499,2404.668
2017-05-28 16:00:33.39,-702.688,2833.405,2405.488
2017-05-28 16:00:38.38,-702.456,2833.699,2403.722
2017-05-28 16:00:43.38,-701.285,2831.637,2403.758
2017-05-28 16:00:48.37,-702.013,2834.563,2404.548
2017-05-28 16:00:53.36,-702.014,2834.015,2407.962
2017-05-28 16:00:58.35,-701.878,2832.923,2403.873
2017-05-28 16:01:03.34,-702.413,2830.579,2405.449
2017-05-28 16:01:08.33,-702.539,2828.579,2405.922
2017-05-28 16:01:13.32,-702.916,2829.198,2404.921
2017-05-28 16:01:18.31,-705.286,2829.489,2404.148
2017-05-28 16:01:23.30,-700.996,2830.987,2406.468
2017-05-28 16:01:28.30,-703.721,2829.074,2405.603
2017-05-28 16:01:33.29,-703.253,2829.571,2404.297
2017-05-28 16:01:38.28,-704.446,2827.871,2402.719
2017-05-28 16:01:43.27,-705.705,2828.884,2403.588
2017-05-28 16:01:48.26,-707.691,2828.726,2405.008
2017-05-28 16:01:53.25,-702.129,2828.117,2404.686
2017-05-28 16:01:58.24,-698.649,2829.794,2404.417
2017-05-28 16:02:03.23,-701.932,2829.512,2406.022
2017-05-28 16:02:08.23,-703.067,2830.419,2405.033
2017-05-28 16:02:13.22,-700.973,2831.129,2406.619
2017-05-28 16:02:18.21,-702.948,2831.326,2403.868
2017-05-28 16:02:23.20,-700.931,2832.581,2405.529
2017-05-28 16:02:28.19,-701.050,2833.636,2404.107
2017-05-28 16:02:33.18,-702.352,2832.556,2403.786
2017-05-28 16:02:38.17,-699.438,2831.365,2406.718
2017-05-28 16:02:43.16,-702.076,2832.119,2401.469
2017-05-28 16:02:48.15,-704.537,2830.617,2403.565
2017-05-28 16:02:53.15,-699.879,2833.477,2404.445
2017-05-28 16:02:58.14,-700.508,2830.386,2405.224
2017-05-28 16:03:03.13,-700.847,2831.536,2404.154
2017-05-28 16:03:08.12,-700.855,2831.765,2401.873
2017-05-28 16:03:13.11,-699.016,2831.664,2403.658
2017-05-28 16:03:18.10,-698.487,2831.818,2404.786
2017-05-28 16:03:23.09,-698.405,2827.892,2403.376
2017-05-28 16:03:28.08,-700.192,2829.609,2398.745
2017-05-28 16:03:33.07,-699.890,2831.699,2399.475
2017-05-28 16:03:38.07,-700.325,2831.041,2398.423
2017-05-28 16:03:43.06,-699.486,2828.954,2399.167
2017-05-28 16:03:48.05,-697.794,2831.649,2400.418
2017-05-28 16:03:53.04,-699.901,2833.367,2404.717
2017-05-28 16:03:58.03,-699.705,2830.843,2401.991
2017-05-28 16:04:03.02,-697.958,2832.933,2396.879
2017-05-28 16:04:08.01,-699.454,2833.115,2399.549
2017-05-28 16:04:13.00,-701.350,2829.934,2400.079
2017-05-28 16:04:17.99,-700.878,2832.497,2397.603
2017-05-28 16:04:22.99,-699.944,2831.793,2397.323
2017-05-28 16:04:27.98,-697.176,2834.003,2400.711
2017-05-28 16:04:32.97,-695.866,2834.178,2397.152
2017-05-28 16:04:37.96,-696.370,2830.291,2398.302
2017-05-28 16:04:42.95,-696.594,2830.485,2397.989
2017-05-28 16:04:47.94,-696.912,2831.480,2399.454
2017-05-28 16:04:52.93,-694.576,2833.030,2399.165
2017-05-28 16:04:57.92,-697.090,2832.801,2400.542
2017-05-28 16:05:02.91,-695.936,2830.390,2400.368
2017-05-28 16:05:07.91,-702.795,2830.876,2402.010
2017-05-28 16:05:12.90,-699.266,2831.078,2400.737
2017-05-28 16:05:17.89,-698.213,2833.327,2399.621
2017-05-28 16:05:22.88,-700.954,2835.558,2400.068
2017-05-28 16:05:27.87,-699.901,2829.691,2395.888
2017-05-28 16:05:32.86,-697.089,2831.791,2402.639
2017-05-28 16:05:37.85,-697.643,2830.298,2400.187
2017-05-28 16:05:42.84,-697.901,2831.464,2402.465
2017-05-28 16:05:47.84,-696.945,2832.569,2404.671
2017-05-28 16:05:52.83,-697.619,2831.510,2402.414
2017-05-28 16:05:57.82,-696.851,2832.432,2403.659
2017-05-28 16:06:02.81,-698.850,2828.230,2405.499
2017-05-28 16:06:07.80,-695.269,2829.479,2402.562
2017-05-28 16:06:12.79,-696.834,2834.174,2403.728
2017-05-28 16:06:17.78,-697.245,2832.253,2404.906
2017-05-28 16:06:22.77,-698.497,2831.549,2408.072
2017-05-28 16:06:27.76,-701.081,2832.653,2405.306
2017-05-28 16:06:32.76,-700.626,2831.757,2404.967
2017-05-28 16:06:37.75,-699.296,2829.426,2403.883
2017-05-28 16:06:42.74,-697.915,2829.685,2404.356
2017-05-28 16:06:47.73,-699.871,2830.537,2403.958
2017-05-28 16:06:52.72,-699.780,2832.794,2402.977
2017-05-28 16:06:57.71,-698.885,2828.944,2405.296
2017-05-28 16:07:02.70,-696.628,2830.545,2405.358
2017-05-28 16:07:07.69,-698.418,2829.375,2405.124
2017-05-28 16:07:12.68,-699.653,2832.865,2402.478
2017-05-28 16:07:17.68,-695.413,2830.714,2406.715
2017-05-28 16:07:22.67,-696.054,2831.269,2404.404
2017-05-28 16:07:27.66,-698.206,2830.023,2403.992
2017-05-28 16:07:32.65,-697.321,2829.925,2400.273
2017-05-28 16:07:37.64,-697.324,2829.848,2401.718
2017-05-28 16:07:42.63,-693.839,2832.434,2406.095
2017-05-28 16:07:47.62,-694.284,2830.441,2407.351
2017-05-28 16:07:52.61,-693.588,2831.573,2405.402
2017-05-28 16:07:57.60,-693.991,2833.474,2403.517
2017-05-28 16:08:02.60,-692.183,2833.023,2403.606
2017-05-28 16:08:07.60,-694.148,2829.596,2398.382
2017-05-28 16:08:12.60,-697.299,2833.593,2401.785
2017-05-28 16:08:17.59,-697.956,2832.793,2406.332
2017-05-28 16:08:22.58,-699.465,2832.059,2404.392
2017-05-28 16:08:27.57,-698.818,2834.153,2401.347
2017-05-28 16:08:32.56,-695.477,2834.083,2405.415
2017-05-28 16:08:37.55,-698.196,2832.068,2404.082
2017-05-28 16:08:42.54,-697.384,2832.083,2397.645
2017-05-28 16:08:47.53,-695.508,2831.714,2399.435
2017-05-28 16:08:52.52,-694.664,2835.154,2403.089
2017-05-28 16:08:57.52,-697.414,2836.957,2403.507
2017-05-28 16:09:02.51,-698.649,2834.195,2401.165
2017-05-28 16:09:07.50,-694.899,2834.488,2399.075
2017-05-28 16:09:12.49,-699.151,2834.559,2399.088
2017-05-28 16:09:17.48,-697.179,2833.805,2396.034
2017-05-28 16:09:22.47,-699.481,2833.981,2394.729
2017-05-28 16:09:27.46,-699.210,2833.992,2397.280
2017-05-28 16:09:32.45,-701.850,2832.955,2398.631
2017-05-28 16:09:37.44,-700.639,2831.711,2395.619
2017-05-28 16:09:42.44,-699.119,2831.288,2396.234
2017-05-28 16:09:47.43,-697.539,2831.109,2399.148
2017-05-28 16:09:52.42,-700.424,2833.738,2399.442
2017-05-28 16:09:57.41,-700.289,2831.549,2401.204
2017-05-28 16:10:02.40,-695.471,2833.924,2403.385
2017-05-28 16:10:07.39,-697.496,2831.904,2403.299
2017-05-28 16:10:12.38,-695.689,2833.809,2403.180
2017-05-28 16:10:17.37,-694.851,2833.912,2399.290
2017-05-28 16:10:22.36,-694.449,2834.722,2397.885
2017-05-28 16:10:27.36,-694.616,2833.469,2398.239
2017-05-28 16:10:32.35,-694.392,2835.776,2401.601
2017-05-28 16:10:37.34,-695.939,2835.437,2403.235
2017-05-28 16:10:42.33,-698.188,2835.622,2401.513
2017-05-28 16:10:47.32,-694.358,2834.832,2398.059
2017-05-28 16:10:52.31,-694.536,2833.056,2400.785
2017-05-28 16:10:57.30,-694.918,2833.442,2399.904
2017-05-28 16:11:02.29,-695.321,2835.347,2395.976
2017-05-28 16:11:07.29,-694.628,2836.587,2398.993
2017-05-28 16:11:12.28,-695.035,2837.729,2399.953
2017-05-28 16:11:17.27,-694.446,2836.196,2399.591
2017-05-28 16:11:22.26,-695.771,2836.889,2401.167
2017-05-28 16:11:27.25,-689.307,2837.511,2397.947
2017-05-28 16:11:32.24,-694.514,2834.995,2398.809
2017-05-28 16:11:37.23,-695.179,2833.987,2400.685
2017-05-28 16:11:42.22,-693.916,2833.724,2400.610
2017-05-28 16:11:47.21,-694.008,2831.879,2398.382
2017-05-28 16:11:52.21,-695.965,2832.832,2397.760
2017-05-28 16:11:57.20,-692.106,2835.612,2398.516
2017-05-28 16:12:02.19,-693.599,2833.643,2402.260
2017-05-28 16:12:07.18,-696.083,2835.645,2403.969
2017-05-28 16:12:12.17,-695.672,2834.248,2403.276
2017-05-28 16:12:17.16,-695.035,2836.784,2402.854
2017-05-28 16:12:22.15,-694.319,2835.655,2401.609
2017-05-28 16:12:27.14,-691.571,2832.489,2400.207
2017-05-28 16:12:32.13,-692.156,2833.127,2399.568
2017-05-28 16:12:37.13,-697.376,2832.633,2400.339
2017-05-28 16:12:42.12,-697.313,2834.356,2399.477
2017-05-28 16:12:47.11,-695.149,2833.952,2399.405
2017-05-28 16:12:52.10,-693.882,2833.611,2399.035
2017-05-28 16:12:57.09,-694.424,2835.056,2402.471
2017-05-28 16:13:02.08,-691.651,2835.442,2399.504
2017-05-28 16:13:07.07,-697.219,2833.753,2400.480
2017-05-28 16:13:12.06,-694.223,2833.232,2400.135
2017-05-28 16:13:17.05,-695.606,2834.101,2399.935
2017-05-28 16:13:22.05,-698.919,2829.960,2403.069
2017-05-28 16:13:27.04,-695.702,2832.752,2402.840
2017-05-28 16:13:32.03,-699.224,2831.064,2399.104
2017-05-28 16:13:37.02,-698.954,2833.401,2400.266
2017-05-28 16:13:42.01,-698.481,2833.197,2400.439
2017-05-28 16:13:47.00,-698.112,2832.841,2404.035
2017-05-28 16:13:51.99,-695.618,2834.139,2404.742
2017-05-28 16:13:56.98,-695.632,2836.129,2401.499
2017-05-28 16:14:01.97,-694.499,2835.212,2401.818
2017-05-28 16:14:06.97,-695.616,2834.396,2399.010
2017-05-28 16:14:11.96,-699.085,2833.103,2398.553
2017-05-28 16:14:16.95,-697.201,2833.316,2398.835
2017-05-28 16:14:21.94,-695.943,2833.315,2400.652
2017-05-28 16:14:26.93,-696.218,2831.605,2396.659
2017-05-28 16:14:31.92,-695.065,2831.417,2398.020
2017-05-28 16:14:36.91,-696.248,2831.069,2400.489
2017-05-28 16:14:41.90,-695.638,2829.738,2402.998
2017-05-28 16:14:46.90,-695.962,2829.277,2404.451
2017-05-28 16:14:51.89,-696.561,2832.055,2405.646
2017-05-28 16:14:56.88,-692.648,2831.861,2401.731
2017-05-28 16:15:01.87,-692.449,2834.846,2404.422
2017-05-28 16:15:06.86,-692.182,2836.794,2400.250
2017-05-28 16:15:11.85,-689.704,2834.472,2395.459
2017-05-28 16:15:16.84,-688.590,2834.354,2397.452
2017-05-28 16:15:21.83,-692.925,2834.683,2397.713
2017-05-28 16:15:26.82,-692.814,2834.174,2396.145
2017-05-28 16:15:31.82,-693.107,2832.605,2393.425
2017-05-28 16:15:36.81,-695.879,2831.818,2395.369
2017-05-28 16:15:41.80,-693.899,2830.315,2395.640
2017-05-28 16:15:46.79,-693.795,2831.872,2396.299
2017-05-28 16:15:51.78,-693.745,2832.479,2396.949
2017-05-28 16:15:56.77,-696.260,2830.969,2400.102
2017-05-28 16:16:01.76,-695.049,2831.945,2401.843
2017-05-28 16:16:06.75,-693.709,2832.500,2400.948
2017-05-28 16:16:11.75,-693.617,2833.551,2401.231
2017-05-28 16:16:16.74,-692.979,2834.524,2403.461
2017-05-28 16:16:21.73,-691.869,2833.289,2404.449
2017-05-28 16:16:26.72,-693.108,2836.758,2405.067
2017-05-28 16:16:31.71,-692.551,2833.687,2402.809
2017-05-28 16:16:36.70,-692.488,2833.329,2404.049
2017-05-28 16:16:41.68,-693.449,2834.477,2405.325
2017-05-28 16:16:46.67,-692.334,2834.788,2404.918
2017-05-28 16:16:51.66,-692.186,2832.434,2406.849
2017-05-28 16:16:56.65,-695.147,2832.021,2406.479
2017-05-28 16:17:01.64,-695.183,2834.874,2404.779
2017-05-28 16:17:06.63,-692.630,2836.078,2402.496
2017-05-28 16:17:11.62,-694.311,2836.083,2402.863
2017-05-28 16:17:16.62,-693.010,2832.344,2401.387
2017-05-28 16:17:21.61,-692.199,2832.490,2400.775
2017-05-28 16:17:26.60,-693.314,2831.465,2399.435
2017-05-28 16:17:31.59,-696.356,2832.939,2396.639
2017-05-28 16:17:36.58,-696.664,2832.533,2401.363
2017-05-28 16:17:41.57,-695.258,2830.659,2401.033
2017-05-28 16:17:46.56,-690.515,2831.628,2404.221
2017-05-28 16:17:51.55,-690.846,2832.965,2401.123
2017-05-28 16:17:56.55,-690.815,2832.993,2401.634
2017-05-28 16:18:01.54,-692.665,2832.346,2401.722
2017-05-28 16:18:06.53,-693.763,2836.490,2399.294
2017-05-28 16:18:11.52,-697.549,2834.870,2398.520
2017-05-28 16:18:16.51,-695.650,2833.341,2400.727
2017-05-28 16:18:21.50,-696.444,2832.854,2399.544
2017-05-28 16:18:26.49,-695.949,2831.539,2401.096
2017-05-28 16:18:31.48,-698.561,2832.520,2402.768
2017-05-28 16:18:36.47,-695.051,2833.688,2401.653
2017-05-28 16:18:41.47,-694.792,2833.987,2401.758
2017-05-28 16:18:46.46,-693.544,2831.768,2402.707
2017-05-28 16:18:51.45,-696.721,2831.395,2403.699
2017-05-28 16:18:56.44,-696.465,2834.390,2403.968
2017-05-28 16:19:01.43,-697.737,2834.201,2399.666
2017-05-28 16:19:06.42,-695.868,2832.224,2400.919
2017-05-28 16:19:11.41,-694.522,2834.505,2400.864
2017-05-28 16:19:16.40,-695.791,2835.685,2402.885
2017-05-28 16:19:21.40,-691.918,2834.350,2402.426
2017-05-28 16:19:26.39,-694.588,2833.041,2404.263
2017-05-28 16:19:31.38,-692.022,2830.830,2402.398
2017-05-28 16:19:36.37,-691.597,2832.414,2398.750
2017-05-28 16:19:41.36,-693.746,2831.961,2400.925
2017-05-28 16:19:46.35,-694.268,2833.122,2403.882
2017-05-28 16:19:51.34,-692.324,2830.715,2401.326
2017-05-28 16:19:56.33,-696.765,2833.540,2400.925
2017-05-28 16:20:01.32,-697.226,2833.416,2401.975
2017-05-28 16:20:06.32,-698.054,2831.423,2404.104
2017-05-28 16:20:11.31,-695.372,2833.788,2403.608
2017-05-28 16:20:16.30,-694.999,2834.614,2403.543
2017-05-28 16:20:21.29,-696.327,2832.598,2404.247
2017-05-28 16:20:26.28,-695.549,2833.331,2402.234
2017-05-28 16:20:31.27,-695.988,2832.289,2403.955
2017-05-28 16:20:36.26,-696.616,2833.161,2402.441
2017-05-28 16:20:41.26,-699.972,2833.969,2401.204
2017-05-28 16:20:46.25,-696.777,2834.826,2405.225
2017-05-28 16:20:51.24,-695.957,2832.097,2402.390
2017-05-28 16:20:56.23,-695.979,2832.757,2400.945
2017-05-28 16:21:01.22,-692.920,2836.881,2403.624
2017-05-28 16:21:06.21,-694.564,2834.086,2405.237
2017-05-28 16:21:11.20,-696.842,2833.447,2408.788
2017-05-28 16:21:16.19,-699.075,2837.012,2406.503
2017-05-28 16:21:21.18,-694.363,2833.500,2405.241
2017-05-28 16:21:26.18,-694.091,2834.794,2404.093
2017-05-28 16:21:31.17,-697.334,2834.797,2405.471
2017-05-28 16:21:36.14,-696.354,2835.965,2402.842
2017-05-28 16:21:41.13,-697.962,2834.376,2402.635
2017-05-28 16:21:46.12,-696.969,2835.108,2402.714
2017-05-28 16:21:51.12,-696.511,2833.086,2402.067
2017-05-28 16:21:56.11,-697.245,2832.456,2402.750
2017-05-28 16:22:01.10,-696.865,2836.372,2398.638
2017-05-28 16:22:06.09,-694.304,2835.033,2402.089
2017-05-28 16:22:11.08,-695.895,2833.086,2400.821
2017-05-28 16:22:16.07,-698.153,2836.905,2399.916
2017-05-28 16:22:21.06,-697.157,2836.007,2402.471
2017-05-28 16:22:26.05,-699.401,2837.063,2403.914
2017-05-28 16:22:31.05,-701.531,2834.606,2402.498
2017-05-28 16:22:36.04,-702.742,2833.122,2401.932
2017-05-28 16:22:41.03,-696.598,2835.239,2401.153
2017-05-28 16:22:46.02,-696.429,2835.854,2400.101
2017-05-28 16:22:51.01,-697.832,2836.406,2401.092
2017-05-28 16:22:56.00,-697.764,2838.183,2401.277
2017-05-28 16:23:00.99,-699.772,2835.727,2401.389
2017-05-28 16:23:05.98,-697.688,2832.825,2401.249
2017-05-28 16:23:10.97,-695.470,2834.773,2400.469
2017-05-28 16:23:15.97,-694.025,2835.948,2399.868
2017-05-28 16:23:20.96,-696.544,2837.701,2400.741
2017-05-28 16:23:25.95,-700.592,2836.229,2402.908
2017-05-28 16:23:30.94,-698.688,2836.123,2405.947
2017-05-28 16:23:35.93,-699.221,2834.755,2402.776
2017-05-28 16:23:40.92,-698.371,2835.538,2406.358
2017-05-28 16:23:45.91,-694.914,2833.405,2402.232
2017-05-28 16:23:50.90,-697.603,2835.530,2404.306
2017-05-28 16:23:55.90,-695.321,2835.119,2402.079
2017-05-28 16:24:00.89,-695.867,2832.915,2405.680
2017-05-28 16:24:05.88,-697.329,2832.562,2401.180
2017-05-28 16:24:10.87,-696.535,2835.373,2404.413
2017-05-28 16:24:15.86,-700.447,2835.995,2404.451
2017-05-28 16:24:20.85,-696.551,2835.934,2406.488
2017-05-28 16:24:25.84,-697.158,2835.173,2406.799
2017-05-28 16:24:30.83,-696.171,2834.963,2408.186
2017-05-28 16:24:35.82,-697.700,2833.159,2407.679
2017-05-28 16:24:40.82,-697.942,2835.833,2406.493
2017-05-28 16:24:45.81,-695.982,2835.078,2406.955
2017-05-28 16:24:50.80,-698.713,2835.405,2408.251
2017-05-28 16:24:55.79,-699.183,2833.072,2411.137
2017-05-28 16:25:00.78,-698.069,2834.601,2408.303
2017-05-28 16:25:05.77,-696.710,2834.419,2408.416
2017-05-28 16:25:10.76,-695.751,2833.082,2409.053
2017-05-28 16:25:15.75,-695.762,2833.313,2410.558
2017-05-28 16:25:20.75,-692.815,2832.958,2409.192
2017-05-28 16:25:25.72,-695.278,2833.565,2409.862
2017-05-28 16:25:30.71,-698.901,2829.589,2411.714
2017-05-28 16:25:35.70,-700.494,2831.657,2408.143
2017-05-28 16:25:40.69,-698.149,2829.770,2405.779
2017-05-28 16:25:45.69,-696.713,2829.846,2404.699
2017-05-28 16:25:50.68,-699.139,2832.252,2401.431
2017-05-28 16:25:55.67,-697.545,2833.699,2402.246
2017-05-28 16:26:00.66,-698.740,2832.526,2400.235
2017-05-28 16:26:05.65,-697.948,2832.531,2401.581
2017-05-28 16:26:10.64,-695.155,2833.295,2401.401
2017-05-28 16:26:15.63,-697.212,2830.784,2406.011
2017-05-28 16:26:20.62,-694.325,2831.851,2404.684
2017-05-28 16:26:25.61,-695.321,2831.819,2406.365
2017-05-28 16:26:30.61,-696.981,2832.766,2405.230
2017-05-28 16:26:35.60,-695.924,2832.803,2405.940
2017-05-28 16:26:40.59,-695.795,2830.891,2399.649
2017-05-28 16:26:45.58,-700.931,2833.713,2400.377
2017-05-28 16:26:50.57,-695.013,2835.428,2403.027
2017-05-28 16:26:55.56,-696.559,2834.995,2404.498
2017-05-28 16:27:00.55,-694.390,2832.677,2406.745
2017-05-28 16:27:05.54,-693.745,2834.091,2406.293
2017-05-28 16:27:10.54,-695.765,2834.464,2408.121
2017-05-28 16:27:15.53,-693.970,2835.239,2405.838
2017-05-28 16:27:20.52,-696.829,2834.985,2404.561
2017-05-28 16:27:25.51,-694.493,2836.888,2406.516
2017-05-28 16:27:30.50,-694.315,2836.842,2406.078
2017-05-28 16:27:35.49,-693.684,2836.879,2406.348
2017-05-28 16:27:40.48,-693.104,2835.549,2407.182
2017-05-28 16:27:45.47,-698.025,2834.459,2405.601
2017-05-28 16:27:50.46,-697.062,2834.293,2404.346
2017-05-28 16:27:55.46,-696.191,2836.621,2405.902
2017-05-28 16:28:00.45,-696.582,2836.012,2405.375
2017-05-28 16:28:05.44,-695.723,2832.961,2404.076
2017-05-28 16:28:10.43,-697.619,2832.343,2406.879
2017-05-28 16:28:15.42,-696.339,2834.830,2404.515
2017-05-28 16:28:20.41,-702.202,2831.135,2405.207
2017-05-28 16:28:25.40,-702.360,2832.188,2404.273
2017-05-28 16:28:30.39,-701.580,2833.780,2405.917
2017-05-28 16:28:35.39,-701.171,2834.584,2404.423
2017-05-28 16:28:40.38,-697.867,2833.414,2404.227
2017-05-28 16:28:45.37,-695.064,2833.565,2407.932
2017-05-28 16:28:50.36,-693.906,2833.062,2406.695
2017-05-28 16:28:55.35,-696.692,2831.841,2403.847
2017-05-28 16:29:00.34,-698.246,2832.579,2401.939
2017-05-28 16:29:05.33,-696.972,2833.295,2402.818
2017-05-28 16:29:10.32,-698.922,2833.117,2403.329
2017-05-28 16:29:15.31,-697.682,2831.725,2403.937
2017-05-28 16:29:20.31,-695.052,2833.722,2403.295
2017-05-28 16:29:25.30,-696.904,2832.682,2402.293
2017-05-28 16:29:30.29,-695.148,2832.388,2401.982
2017-05-28 16:29:35.28,-692.960,2833.593,2407.339
2017-05-28 16:29:40.27,-694.463,2833.465,2404.796
2017-05-28 16:29:45.26,-695.991,2835.036,2400.799
2017-05-28 16:29:50.25,-693.666,2833.221,2408.200
2017-05-28 16:29:55.24,-696.710,2832.607,2403.798
2017-05-28 16:30:00.24,-693.052,2834.539,2406.130
2017-05-28 16:30:05.21,-692.982,2834.473,2403.628
2017-05-28 16:30:10.20,-692.876,2834.099,2405.536
2017-05-28 16:30:15.19,-691.100,2834.171,2400.944
2017-05-28 16:30:20.18,-693.271,2834.634,2401.062
2017-05-28 16:30:25.18,-692.802,2834.838,2397.091
2017-05-28 16:30:30.17,-694.645,2835.342,2402.027
2017-05-28 16:30:35.16,-695.064,2834.108,2401.069
2017-05-28 16:30:40.15,-694.110,2833.281,2407.894
2017-05-28 16:30:45.14,-696.180,2833.189,2410.980
2017-05-28 16:30:50.13,-692.672,2833.073,2408.595
2017-05-28 16:30:55.12,-692.899,2831.156,2407.425
2017-05-28 16:31:00.11,-696.623,2830.695,2405.704
2017-05-28 16:31:05.10,-697.072,2833.551,2405.704
2017-05-28 16:31:10.10,-696.349,2832.579,2405.458
2017-05-28 16:31:15.09,-696.102,2833.574,2405.162
2017-05-28 16:31:20.08,-694.192,2833.677,2404.082
2017-05-28 16:31:25.07,-696.765,2833.345,2402.748
2017-05-28 16:31:30.06,-695.102,2834.342,2402.260
2017-05-28 16:31:35.05,-694.618,2835.759,2403.152
2017-05-28 16:31:40.04,-691.935,2837.618,2398.874
2017-05-28 16:31:45.03,-694.256,2835.793,2405.222
2017-05-28 16:31:50.03,-694.365,2836.355,2404.445
2017-05-28 16:31:55.02,-694.409,2836.508,2406.313
2017-05-28 16:32:00.01,-694.088,2837.691,2401.487
2017-05-28 16:32:05.00,-696.634,2835.158,2402.382
2017-05-28 16:32:09.99,-696.094,2835.723,2405.333
2017-05-28 16:32:14.98,-699.764,2833.982,2406.100
2017-05-28 16:32:19.97,-697.242,2834.757,2404.022
2017-05-28 16:32:24.96,-694.552,2835.413,2400.104
2017-05-28 16:32:29.95,-695.615,2834.830,2402.020
2017-05-28 16:32:34.95,-697.159,2833.974,2405.880
2017-05-28 16:32:39.94,-693.935,2833.097,2406.358
2017-05-28 16:32:44.93,-694.776,2833.843,2404.589
2017-05-28 16:32:49.92,-697.038,2833.605,2403.662
2017-05-28 16:32:54.91,-701.112,2833.850,2401.029
2017-05-28 16:32:59.90,-699.811,2833.667,2405.666
2017-05-28 16:33:04.89,-700.852,2833.980,2405.468
2017-05-28 16:33:09.88,-702.601,2831.970,2406.412
2017-05-28 16:33:14.88,-700.648,2830.121,2407.914
2017-05-28 16:33:19.87,-699.305,2830.461,2402.788
2017-05-28 16:33:24.86,-706.448,2825.914,2403.226
2017-05-28 16:33:29.85,-702.393,2827.119,2403.159
2017-05-28 16:33:34.84,-700.006,2831.024,2404.207
2017-05-28 16:33:39.81,-699.242,2830.605,2402.659
2017-05-28 16:33:44.82,-702.997,2830.658,2404.674
2017-05-28 16:33:49.81,-701.598,2833.054,2403.227
2017-05-28 16:33:54.80,-700.182,2831.810,2403.012
2017-05-28 16:33:59.78,-698.682,2832.618,2403.553
2017-05-28 16:34:04.77,-694.679,2831.649,2401.186
2017-05-28 16:34:09.76,-699.031,2832.032,2401.391
2017-05-28 16:34:14.75,-698.799,2832.404,2397.997
2017-05-28 16:34:19.74,-699.588,2833.151,2401.752
2017-05-28 16:34:24.74,-699.099,2832.262,2401.376
2017-05-28 16:34:29.73,-698.162,2832.215,2400.360
2017-05-28 16:34:34.72,-696.528,2831.435,2401.795
2017-05-28 16:34:39.71,-697.851,2831.658,2400.340
2017-05-28 16:34:44.70,-699.866,2831.848,2401.691
2017-05-28 16:34:49.69,-699.197,2832.362,2400.522
2017-05-28 16:34:54.68,-697.037,2832.529,2401.575
2017-05-28 16:34:59.67,-697.342,2831.316,2401.965
2017-05-28 16:35:04.67,-699.259,2829.885,2398.873
2017-05-28 16:35:09.66,-697.725,2830.472,2399.232
2017-05-28 16:35:14.65,-697.813,2831.125,2400.205
2017-05-28 16:35:19.64,-699.278,2830.925,2402.288
2017-05-28 16:35:24.63,-696.572,2831.253,2401.155
2017-05-28 16:35:29.62,-696.274,2831.918,2399.696
2017-05-28 16:35:34.61,-700.360,2830.205,2400.767
2017-05-28 16:35:39.60,-697.705,2830.379,2401.467
2017-05-28 16:35:44.59,-696.894,2832.556,2403.216
2017-05-28 16:35:49.59,-698.149,2831.467,2400.569
2017-05-28 16:35:54.58,-695.482,2832.301,2401.092
2017-05-28 16:35:59.57,-695.473,2833.310,2402.076
2017-05-28 16:36:04.56,-695.360,2831.556,2398.330
2017-05-28 16:36:09.55,-699.848,2830.595,2401.346
2017-05-28 16:36:14.54,-699.441,2832.315,2400.396
2017-05-28 16:36:19.53,-699.613,2831.661,2401.033
2017-05-28 16:36:24.52,-697.087,2832.674,2400.674
2017-05-28 16:36:29.51,-700.727,2833.806,2401.980
2017-05-28 16:36:34.51,-699.072,2831.360,2398.751
2017-05-28 16:36:39.50,-696.007,2831.444,2402.265
2017-05-28 16:36:44.49,-697.700,2830.697,2402.666
2017-05-28 16:36:49.48,-700.000,2830.402,2404.617
2017-05-28 16:36:54.47,-696.372,2830.415,2405.780
2017-05-28 16:36:59.46,-699.444,2830.043,2401.477
2017-05-28 16:37:04.45,-698.626,2830.876,2404.575
2017-05-28 16:37:09.44,-701.182,2830.179,2405.575
2017-05-28 16:37:14.44,-700.549,2832.236,2403.605
2017-05-28 16:37:19.43,-696.136,2831.881,2404.849
2017-05-28 16:37:24.42,-696.728,2830.414,2406.215
2017-05-28 16:37:29.41,-698.161,2829.772,2408.533
2017-05-28 16:37:34.40,-698.069,2831.770,2406.479
2017-05-28 16:37:39.39,-702.112,2829.351,2409.794
2017-05-28 16:37:44.38,-701.117,2830.789,2408.808
2017-05-28 16:37:49.37,-697.794,2833.556,2405.542
2017-05-28 16:37:54.36,-699.872,2834.000,2403.727
2017-05-28 16:37:59.36,-700.962,2831.073,2402.255
2017-05-28 16:38:04.35,-701.903,2831.684,2403.379
2017-05-28 16:38:09.34,-700.842,2831.676,2401.053
2017-05-28 16:38:14.33,-698.479,2832.643,2400.938
2017-05-28 16:38:19.32,-700.419,2835.381,2401.921
2017-05-28 16:38:24.31,-700.440,2833.240,2398.659
2017-05-28 16:38:29.30,-698.509,2834.500,2402.405
2017-05-28 16:38:34.29,-700.215,2831.636,2401.236
2017-05-28 16:38:39.29,-698.289,2832.076,2400.561
2017-05-28 16:38:44.28,-701.648,2829.555,2400.136
2017-05-28 16:38:49.27,-704.135,2829.645,2399.712
2017-05-28 16:38:54.26,-700.220,2830.243,2401.978
2017-05-28 16:38:59.25,-699.964,2833.209,2402.171
2017-05-28 16:39:04.24,-699.509,2833.488,2402.230
2017-05-28 16:39:09.23,-698.241,2835.495,2398.807
2017-05-28 16:39:14.22,-701.984,2834.290,2403.247
2017-05-28 16:39:19.21,-699.607,2833.281,2402.856
2017-05-28 16:39:24.21,-700.217,2833.622,2402.429
2017-05-28 16:39:29.20,-700.716,2833.590,2404.008
2017-05-28 16:39:34.19,-696.492,2833.279,2402.468
2017-05-28 16:39:39.18,-697.601,2832.971,2403.191
2017-05-28 16:39:44.17,-698.346,2836.028,2400.243
2017-05-28 16:39:49.16,-698.136,2834.052,2401.975
2017-05-28 16:39:54.15,-695.129,2835.096,2402.672
2017-05-28 16:39:59.14,-697.566,2836.705,2400.980
2017-05-28 16:40:04.14,-693.446,2832.904,2404.250
2017-05-28 16:40:09.13,-697.732,2831.632,2401.999
2017-05-28 16:40:14.12,-701.699,2830.245,2400.298
2017-05-28 16:40:19.11,-703.681,2831.606,2401.272
2017-05-28 16:40:24.10,-701.286,2831.490,2400.523
2017-05-28 16:40:29.09,-699.880,2830.102,2400.595
2017-05-28 16:40:34.08,-703.281,2831.316,2402.084
2017-05-28 16:40:39.07,-701.322,2833.047,2402.366
2017-05-28 16:40:44.06,-698.451,2834.132,2402.758
2017-05-28 16:40:49.04,-697.716,2835.859,2396.615
2017-05-28 16:40:54.03,-699.072,2834.905,2398.273
2017-05-28 16:40:59.02,-698.375,2833.089,2401.001
2017-05-28 16:41:04.01,-698.135,2830.504,2402.432
2017-05-28 16:41:09.00,-699.205,2831.942,2400.966
2017-05-28 16:41:14.00,-698.599,2830.937,2401.585
2017-05-28 16:41:18.99,-695.152,2833.073,2399.250
2017-05-28 16:41:23.98,-695.614,2833.770,2400.268
2017-05-28 16:41:28.97,-696.271,2835.569,2397.421
2017-05-28 16:41:33.96,-694.162,2834.740,2398.997
2017-05-28 16:41:38.95,-693.571,2833.614,2399.980
2017-05-28 16:41:43.94,-699.676,2831.524,2400.571
2017-05-28 16:41:48.93,-697.507,2835.866,2402.389
2017-05-28 16:41:53.92,-698.236,2833.100,2399.161
2017-05-28 16:41:58.92,-698.103,2832.728,2397.929
2017-05-28 16:42:03.91,-696.409,2832.307,2399.286
2017-05-28 16:42:08.90,-697.052,2833.438,2401.382
2017-05-28 16:42:13.89,-697.179,2833.171,2400.171
2017-05-28 16:42:18.88,-694.634,2835.141,2399.196
2017-05-28 16:42:23.87,-693.267,2837.014,2402.549
2017-05-28 16:42:28.86,-693.809,2835.508,2401.092
2017-05-28 16:42:33.85,-696.459,2833.372,2398.552
2017-05-28 16:42:38.85,-695.768,2833.718,2397.300
2017-05-28 16:42:43.84,-700.427,2832.929,2398.022
2017-05-28 16:42:48.83,-702.786,2832.204,2396.095
2017-05-28 16:42:53.82,-702.241,2831.460,2398.529
2017-05-28 16:42:58.81,-697.521,2834.075,2399.480
2017-05-28 16:43:03.80,-701.166,2834.312,2402.965
2017-05-28 16:43:08.79,-697.585,2836.114,2399.788
2017-05-28 16:43:13.78,-698.072,2834.747,2400.408
2017-05-28 16:43:18.77,-699.605,2834.528,2402.515
2017-05-28 16:43:23.77,-699.281,2833.804,2400.794
2017-05-28 16:43:28.76,-697.773,2836.099,2399.533
2017-05-28 16:43:33.75,-697.945,2834.943,2400.148
2017-05-28 16:43:38.74,-698.066,2833.931,2400.358
2017-05-28 16:43:43.73,-695.708,2834.045,2396.978
2017-05-28 16:43:48.72,-698.365,2835.522,2398.085
2017-05-28 16:43:53.71,-698.536,2834.177,2401.656
2017-05-28 16:43:58.70,-698.399,2834.109,2401.954
2017-05-28 16:44:03.70,-698.939,2833.472,2405.147
2017-05-28 16:44:08.69,-699.314,2831.574,2399.610
2017-05-28 16:44:13.68,-694.395,2834.648,2402.613
2017-05-28 16:44:18.67,-694.899,2836.418,2401.902
2017-05-28 16:44:23.66,-698.855,2833.768,2403.774
2017-05-28 16:44:28.65,-697.545,2834.042,2403.254
2017-05-28 16:44:33.64,-699.936,2833.643,2401.998
2017-05-28 16:44:38.62,-699.434,2833.912,2399.194
2017-05-28 16:44:43.61,-699.796,2834.086,2402.293
2017-05-28 16:44:48.60,-698.118,2833.116,2401.017
2017-05-28 16:44:53.59,-695.409,2832.934,2399.217
2017-05-28 16:44:58.58,-698.186,2834.388,2397.739
2017-05-28 16:45:03.57,-696.346,2832.944,2397.942
2017-05-28 16:45:08.56,-698.602,2831.762,2396.789
2017-05-28 16:45:13.56,-696.280,2830.531,2397.705
2017-05-28 16:45:18.55,-698.739,2828.759,2404.002
2017-05-28 16:45:23.54,-698.499,2832.365,2400.967
2017-05-28 16:45:28.53,-697.984,2833.894,2401.446
2017-05-28 16:45:33.52,-698.814,2833.485,2402.118
2017-05-28 16:45:38.51,-698.755,2836.599,2401.683
2017-05-28 16:45:43.50,-698.434,2833.853,2404.162
2017-05-28 16:45:48.49,-697.278,2832.978,2402.404
2017-05-28 16:45:53.49,-698.018,2835.351,2401.065
2017-05-28 16:45:58.48,-697.891,2834.257,2400.708
2017-05-28 16:46:03.47,-697.365,2833.574,2403.705
2017-05-28 16:46:08.46,-697.971,2833.311,2403.260
2017-05-28 16:46:13.45,-698.550,2830.710,2402.294
2017-05-28 16:46:18.44,-697.672,2831.374,2403.415
2017-05-28 16:46:23.43,-697.382,2832.744,2405.344
2017-05-28 16:46:28.42,-696.111,2833.707,2407.183
2017-05-28 16:46:33.41,-698.734,2832.977,2405.902
2017-05-28 16:46:38.41,-698.800,2831.201,2400.276
2017-05-28 16:46:43.40,-698.415,2831.067,2401.817
2017-05-28 16:46:48.39,-698.950,2830.557,2404.319
2017-05-28 16:46:53.38,-697.822,2832.825,2402.849
2017-05-28 16:46:58.37,-696.473,2834.626,2404.646
2017-05-28 16:47:03.36,-698.380,2833.841,2402.512
2017-05-28 16:47:08.35,-696.862,2835.215,2402.285
2017-05-28 16:47:13.34,-699.319,2834.395,2400.111
2017-05-28 16:47:18.33,-698.596,2828.404,2397.547
2017-05-28 16:47:23.33,-695.521,2832.459,2401.647
2017-05-28 16:47:28.32,-696.196,2831.969,2398.062
2017-05-28 16:47:33.31,-699.333,2833.187,2398.063
2017-05-28 16:47:38.30,-700.688,2831.479,2397.907
2017-05-28 16:47:43.29,-696.352,2832.894,2398.403
2017-05-28 16:47:48.28,-697.780,2830.803,2401.569
2017-05-28 16:47:53.27,-697.505,2830.793,2400.717
2017-05-28 16:47:58.26,-697.087,2831.655,2399.571
2017-05-28 16:48:03.25,-699.525,2832.815,2398.412
2017-05-28 16:48:08.25,-697.611,2833.133,2399.486
2017-05-28 16:48:13.24,-695.765,2834.033,2396.367
2017-05-28 16:48:18.23,-696.009,2831.918,2397.419
2017-05-28 16:48:23.22,-695.316,2832.045,2398.124
2017-05-28 16:48:28.21,-694.416,2834.496,2398.471
2017-05-28 16:48:33.20,-696.265,2832.607,2398.422
2017-05-28 16:48:38.19,-695.767,2831.159,2400.332
2017-05-28 16:48:43.18,-697.400,2830.916,2400.822
2017-05-28 16:48:48.18,-698.541,2831.761,2397.641
2017-05-28 16:48:53.17,-695.984,2834.588,2404.239
2017-05-28 16:48:58.16,-698.961,2832.057,2402.204
2017-05-28 16:49:03.15,-696.506,2830.370,2403.074
2017-05-28 16:49:08.14,-697.915,2834.236,2400.653
2017-05-28 16:49:13.13,-697.308,2832.705,2401.464
2017-05-28 16:49:18.12,-698.911,2831.144,2400.172
2017-05-28 16:49:23.11,-698.088,2833.512,2399.971
2017-05-28 16:49:28.09,-703.458,2832.628,2403.432
2017-05-28 16:49:33.08,-699.013,2833.195,2402.569
2017-05-28 16:49:38.07,-694.622,2835.015,2403.964
2017-05-28 16:49:43.06,-697.178,2833.209,2401.128
2017-05-28 16:49:48.05,-694.659,2835.682,2404.621
2017-05-28 16:49:53.04,-694.529,2836.742,2404.607
2017-05-28 16:49:58.04,-696.708,2833.649,2408.602
2017-05-28 16:50:03.03,-698.656,2834.105,2407.411
2017-05-28 16:50:08.02,-697.678,2833.080,2410.302
2017-05-28 16:50:13.01,-695.801,2835.799,2406.966
2017-05-28 16:50:18.00,-698.668,2834.120,2407.236
2017-05-28 16:50:22.99,-697.791,2835.219,2408.592
2017-05-28 16:50:27.98,-699.305,2836.666,2406.630
2017-05-28 16:50:32.97,-698.659,2836.216,2403.699
2017-05-28 16:50:37.97,-697.329,2834.132,2402.440
2017-05-28 16:50:42.96,-696.325,2834.213,2399.268
2017-05-28 16:50:47.95,-695.056,2833.260,2402.984
2017-05-28 16:50:52.94,-696.688,2833.956,2406.109
2017-05-28 16:50:57.93,-698.419,2833.516,2407.520
2017-05-28 16:51:02.92,-700.662,2833.438,2409.101
2017-05-28 16:51:07.91,-697.426,2834.278,2406.632
2017-05-28 16:51:12.90,-699.299,2830.942,2404.209
2017-05-28 16:51:17.89,-696.567,2831.580,2404.709
2017-05-28 16:51:22.89,-698.026,2830.931,2404.417
2017-05-28 16:51:27.88,-697.001,2829.881,2403.920
2017-05-28 16:51:32.87,-700.005,2831.545,2405.490
2017-05-28 16:51:37.86,-699.931,2830.770,2401.820
2017-05-28 16:51:42.85,-700.481,2831.347,2401.482
2017-05-28 16:51:47.84,-699.617,2831.132,2402.446
2017-05-28 16:51:52.83,-696.385,2833.669,2405.112
2017-05-28 16:51:57.82,-700.922,2829.588,2401.458
2017-05-28 16:52:02.81,-699.634,2831.142,2405.635
2017-05-28 16:52:07.81,-700.756,2829.555,2402.192
2017-05-28 16:52:12.80,-699.509,2829.791,2400.557
2017-05-28 16:52:17.79,-701.841,2829.452,2399.261
2017-05-28 16:52:22.78,-701.110,2830.777,2398.901
2017-05-28 16:52:27.77,-703.846,2832.170,2402.194
2017-05-28 16:52:32.76,-703.734,2831.424,2405.421
2017-05-28 16:52:37.75,-703.265,2829.464,2399.081
2017-05-28 16:52:42.74,-702.886,2830.043,2398.876
2017-05-28 16:52:47.73,-702.335,2832.361,2401.095
2017-05-28 16:52:52.73,-702.169,2832.388,2396.535
2017-05-28 16:52:57.72,-704.809,2833.003,2400.671
2017-05-28 16:53:02.71,-705.291,2831.725,2399.276
2017-05-28 16:53:07.70,-702.202,2830.209,2397.306
2017-05-28 16:53:12.69,-703.841,2828.760,2400.689
2017-05-28 16:53:17.68,-704.827,2830.868,2399.956
2017-05-28 16:53:22.67,-706.308,2830.297,2402.046
2017-05-28 16:53:27.66,-702.915,2830.429,2402.267
2017-05-28 16:53:32.66,-701.762,2830.705,2404.218
2017-05-28 16:53:37.65,-701.748,2832.473,2402.827
2017-05-28 16:53:42.64,-705.401,2831.302,2401.682
2017-05-28 16:53:47.63,-704.959,2830.887,2400.881
2017-05-28 16:53:52.62,-705.815,2829.020,2401.478
2017-05-28 16:53:57.61,-704.721,2830.254,2401.867
2017-05-28 16:54:02.60,-704.032,2829.483,2401.325
2017-05-28 16:54:07.59,-701.745,2831.576,2401.015
2017-05-28 16:54:12.58,-705.001,2832.711,2404.653
2017-05-28 16:54:17.58,-704.675,2832.783,2402.188
2017-05-28 16:54:22.57,-705.098,2832.896,2404.266
2017-05-28 16:54:27.56,-703.319,2833.281,2402.801
2017-05-28 16:54:32.55,-703.206,2834.858,2398.700
2017-05-28 16:54:37.54,-700.189,2833.553,2399.234
2017-05-28 16:54:42.53,-701.191,2833.554,2402.879
2017-05-28 16:54:47.51,-698.649,2832.149,2400.812
2017-05-28 16:54:52.50,-701.165,2831.711,2404.830
2017-05-28 16:54:57.49,-702.723,2832.162,2403.062
2017-05-28 16:55:02.48,-703.878,2831.462,2400.802
2017-05-28 16:55:07.47,-704.917,2831.579,2397.769
2017-05-28 16:55:12.46,-704.112,2832.908,2399.708
2017-05-28 16:55:17.45,-704.004,2831.424,2398.412
2017-05-28 16:55:22.45,-704.535,2832.560,2397.533
2017-05-28 16:55:27.44,-702.059,2833.736,2398.374
2017-05-28 16:55:32.43,-701.170,2833.823,2400.153
2017-05-28 16:55:37.42,-702.886,2835.558,2400.947
2017-05-28 16:55:42.41,-699.533,2832.982,2402.490
2017-05-28 16:55:47.40,-700.086,2832.072,2401.414
2017-05-28 16:55:52.39,-699.705,2832.027,2399.859
2017-05-28 16:55:57.38,-703.112,2831.524,2399.007
2017-05-28 16:56:02.37,-705.222,2829.503,2397.649
2017-05-28 16:56:07.37,-705.284,2830.331,2398.899
2017-05-28 16:56:12.36,-707.629,2829.209,2399.536
2017-05-28 16:56:17.35,-705.335,2828.901,2400.271
2017-05-28 16:56:22.34,-705.467,2834.947,2399.734
2017-05-28 16:56:27.33,-703.201,2833.189,2396.862
2017-05-28 16:56:32.32,-702.666,2834.093,2398.286
2017-05-28 16:56:37.31,-700.923,2832.007,2399.904
2017-05-28 16:56:42.30,-702.509,2834.609,2397.744
2017-05-28 16:56:47.29,-705.732,2833.184,2398.094
2017-05-28 16:56:52.29,-700.541,2834.035,2397.794
2017-05-28 16:56:57.28,-705.574,2832.452,2397.995
2017-05-28 16:57:02.27,-706.672,2831.571,2398.457
2017-05-28 16:57:07.26,-703.381,2832.001,2397.279
2017-05-28 16:57:12.25,-702.381,2833.708,2401.381
2017-05-28 16:57:17.24,-702.292,2832.089,2403.095
2017-05-28 16:57:22.23,-703.683,2833.528,2399.937
2017-05-28 16:57:27.22,-707.031,2835.254,2396.205
2017-05-28 16:57:32.21,-709.345,2834.096,2397.125
2017-05-28 16:57:37.21,-707.432,2831.041,2396.447
2017-05-28 16:57:42.20,-712.066,2831.034,2396.424
2017-05-28 16:57:47.19,-711.395,2833.250,2395.131
2017-05-28 16:57:52.18,-710.009,2833.669,2397.629
2017-05-28 16:57:57.17,-710.656,2832.797,2401.778
2017-05-28 16:58:02.16,-710.914,2831.600,2400.351
2017-05-28 16:58:07.15,-709.884,2828.379,2398.415
2017-05-28 16:58:12.14,-708.932,2832.241,2397.478
2017-05-28 16:58:17.14,-709.911,2829.976,2393.531
2017-05-28 16:58:22.13,-707.545,2832.928,2397.122
2017-05-28 16:58:27.12,-706.559,2829.351,2396.915
2017-05-28 16:58:32.11,-707.095,2830.543,2400.185
2017-05-28 16:58:37.10,-705.726,2830.479,2398.718
2017-05-28 16:58:42.09,-707.736,2830.763,2399.017
2017-05-28 16:58:47.08,-706.682,2832.884,2397.113
2017-05-28 16:58:52.07,-709.861,2829.345,2398.233
2017-05-28 16:58:57.06,-709.760,2829.891,2401.091
2017-05-28 16:59:02.06,-711.339,2830.623,2402.857
2017-05-28 16:59:07.05,-711.019,2831.085,2401.545
2017-05-28 16:59:12.04,-708.219,2829.662,2401.335
2017-05-28 16:59:17.03,-706.386,2829.918,2398.791
2017-05-28 16:59:22.02,-707.026,2828.268,2397.496
2017-05-28 16:59:27.01,-708.848,2828.967,2397.151
2017-05-28 16:59:32.00,-707.231,2827.755,2397.255
2017-05-28 16:59:36.99,-704.612,2829.981,2396.723
2017-05-28 16:59:41.99,-707.446,2829.796,2396.325
2017-05-28 16:59:46.98,-705.982,2831.071,2394.172
2017-05-28 16:59:51.97,-705.972,2831.903,2396.988
2017-05-28 16:59:56.96,-707.965,2831.745,2395.141
2017-05-28 17:00:01.95,-709.922,2827.816,2394.093
2017-05-28 17:00:06.94,-709.874,2829.295,2397.128
2017-05-28 17:00:11.93,-708.975,2830.654,2397.385
2017-05-28 17:00:16.92,-705.361,2832.235,2396.282
2017-05-28 17:00:21.91,-704.139,2831.207,2399.642
2017-05-28 17:00:26.91,-708.697,2831.246,2403.217
2017-05-28 17:00:31.90,-707.957,2834.742,2402.684
2017-05-28 17:00:36.89,-708.700,2830.312,2406.309
2017-05-28 17:00:41.88,-706.476,2831.649,2403.249
2017-05-28 17:00:46.85,-709.584,2830.749,2398.389
2017-05-28 17:00:51.86,-710.936,2831.049,2395.601
2017-05-28 17:00:56.85,-708.561,2831.969,2396.555
2017-05-28 17:01:01.83,-708.000,2831.462,2398.401
2017-05-28 17:01:06.82,-708.871,2831.147,2400.932
2017-05-28 17:01:11.81,-707.741,2832.638,2394.724
2017-05-28 17:01:16.80,-708.169,2832.941,2394.088
2017-05-28 17:01:21.79,-706.774,2833.420,2392.283
2017-05-28 17:01:26.78,-705.473,2834.478,2394.611
2017-05-28 17:01:31.77,-708.477,2833.188,2398.630
2017-05-28 17:01:36.77,-709.178,2833.845,2399.709
2017-05-28 17:01:41.76,-706.885,2832.650,2397.566
2017-05-28 17:01:46.75,-706.164,2831.760,2396.952
2017-05-28 17:01:51.74,-707.293,2832.701,2402.542
2017-05-28 17:01:56.73,-707.979,2833.616,2401.791
2017-05-28 17:02:01.72,-703.674,2831.585,2399.198
2017-05-28 17:02:06.71,-704.840,2832.571,2400.772
2017-05-28 17:02:11.70,-702.410,2833.323,2396.120
2017-05-28 17:02:16.69,-706.558,2834.648,2396.644
2017-05-28 17:02:21.69,-706.139,2832.138,2396.231
2017-05-28 17:02:26.68,-710.605,2831.685,2395.830
2017-05-28 17:02:31.67,-711.124,2831.276,2395.750
2017-05-28 17:02:36.66,-709.526,2831.973,2393.919
2017-05-28 17:02:41.65,-708.306,2832.303,2396.226
2017-05-28 17:02:46.64,-709.217,2834.881,2395.382
2017-05-28 17:02:51.63,-710.578,2831.777,2395.278
2017-05-28 17:02:56.62,-712.265,2831.556,2395.588
2017-05-28 17:03:01.62,-712.006,2834.879,2396.949
2017-05-28 17:03:06.61,-712.146,2833.479,2396.502
2017-05-28 17:03:11.60,-712.375,2833.131,2396.076
2017-05-28 17:03:16.59,-713.080,2831.435,2396.225
2017-05-28 17:03:21.58,-715.436,2831.384,2394.419
2017-05-28 17:03:26.57,-714.212,2829.819,2397.319
2017-05-28 17:03:31.56,-711.245,2828.866,2401.108
2017-05-28 17:03:36.55,-709.602,2829.440,2396.738
2017-05-28 17:03:41.55,-710.852,2830.895,2399.783
2017-05-28 17:03:46.54,-714.762,2829.802,2399.479
2017-05-28 17:03:51.53,-713.009,2832.346,2397.849
2017-05-28 17:03:56.52,-709.338,2832.694,2401.359
2017-05-28 17:04:01.51,-711.625,2831.239,2400.740
2017-05-28 17:04:06.50,-710.101,2829.241,2398.762
2017-05-28 17:04:11.49,-713.574,2828.154,2393.605
2017-05-28 17:04:16.48,-713.636,2826.409,2396.372
2017-05-28 17:04:21.47,-712.458,2828.117,2394.951
2017-05-28 17:04:26.47,-711.768,2830.059,2396.116
2017-05-28 17:04:31.46,-710.826,2829.259,2397.871
2017-05-28 17:04:36.45,-710.275,2830.119,2394.695
2017-05-28 17:04:41.44,-711.124,2830.959,2393.020
2017-05-28 17:04:46.43,-709.787,2830.151,2393.665
2017-05-28 17:04:51.42,-709.128,2830.179,2392.114
2017-05-28 17:04:56.41,-711.336,2828.477,2393.516
2017-05-28 17:05:01.40,-709.678,2826.799,2396.828
2017-05-28 17:05:06.39,-708.719,2826.507,2395.300
2017-05-28 17:05:11.39,-708.766,2827.722,2395.337
2017-05-28 17:05:16.38,-711.775,2828.604,2393.170
2017-05-28 17:05:21.37,-711.160,2829.066,2396.365
2017-05-28 17:05:26.36,-709.413,2828.931,2396.259
2017-05-28 17:05:31.35,-709.783,2827.872,2395.536
2017-05-28 17:05:36.34,-709.454,2830.788,2396.248
2017-05-28 17:05:41.33,-707.711,2830.469,2390.807
2017-05-28 17:05:46.32,-705.508,2832.458,2392.727
2017-05-28 17:05:51.31,-707.743,2831.356,2392.707
2017-05-28 17:05:56.31,-707.415,2830.944,2390.316
2017-05-28 17:06:01.30,-710.442,2830.185,2387.570
2017-05-28 17:06:06.29,-711.705,2830.845,2390.111
2017-05-28 17:06:11.28,-712.041,2828.349,2390.160
2017-05-28 17:06:16.27,-713.796,2827.306,2393.471
2017-05-28 17:06:21.26,-713.869,2824.655,2395.753
2017-05-28 17:06:26.25,-710.882,2828.048,2390.000
2017-05-28 17:06:31.24,-711.851,2827.580,2391.888
2017-05-28 17:06:36.24,-713.513,2829.668,2395.424
2017-05-28 17:06:41.23,-717.081,2830.387,2393.699
2017-05-28 17:06:46.22,-714.016,2832.935,2391.717
2017-05-28 17:06:51.21,-716.015,2829.201,2389.991
2017-05-28 17:06:56.20,-714.308,2831.099,2391.899
2017-05-28 17:07:01.19,-708.019,2829.841,2394.799
2017-05-28 17:07:06.18,-710.114,2832.565,2397.685
2017-05-28 17:07:11.17,-706.482,2833.996,2399.909
2017-05-28 17:07:16.16,-708.615,2832.718,2397.250
2017-05-28 17:07:21.16,-709.308,2833.763,2393.012
2017-05-28 17:07:26.15,-709.465,2833.291,2394.307
2017-05-28 17:07:31.14,-710.875,2830.027,2395.416
2017-05-28 17:07:36.13,-712.509,2829.551,2394.489
2017-05-28 17:07:41.12,-711.332,2833.143,2392.500
2017-05-28 17:07:46.11,-709.578,2832.762,2395.760
2017-05-28 17:07:51.10,-713.195,2832.975,2397.642
2017-05-28 17:07:56.09,-715.015,2829.181,2397.287
2017-05-28 17:08:01.09,-713.056,2829.708,2396.268
2017-05-28 17:08:06.08,-711.911,2827.448,2396.487
2017-05-28 17:08:11.07,-715.071,2826.717,2397.125
2017-05-28 17:08:16.06,-714.326,2828.721,2398.221
2017-05-28 17:08:21.05,-711.011,2827.936,2399.902
2017-05-28 17:08:26.04,-713.454,2826.813,2395.260
2017-05-28 17:08:31.03,-717.411,2828.245,2394.881
2017-05-28 17:08:36.02,-709.750,2827.492,2394.876
2017-05-28 17:08:41.01,-712.967,2827.940,2395.232
2017-05-28 17:08:46.01,-717.642,2825.441,2396.778
2017-05-28 17:08:51.00,-714.429,2824.766,2394.709
2017-05-28 17:08:55.99,-714.833,2827.393,2395.508
2017-05-28 17:09:00.98,-710.294,2828.788,2396.212
2017-05-28 17:09:05.97,-713.000,2829.276,2393.096
2017-05-28 17:09:10.96,-712.115,2830.404,2397.598
2017-05-28 17:09:15.95,-712.721,2828.835,2398.984
2017-05-28 17:09:20.94,-710.361,2831.846,2395.597
2017-05-28 17:09:25.93,-711.225,2831.186,2395.040
2017-05-28 17:09:30.93,-707.430,2828.759,2396.291
2017-05-28 17:09:35.92,-707.781,2830.139,2395.618
2017-05-28 17:09:40.89,-706.589,2829.304,2399.552
2017-05-28 17:09:45.88,-707.963,2830.133,2396.331
2017-05-28 17:09:50.87,-710.565,2830.138,2397.487
2017-05-28 17:09:55.88,-712.253,2829.941,2398.531
2017-05-28 17:10:00.86,-708.539,2831.083,2400.201
2017-05-28 17:10:05.85,-711.472,2829.457,2400.570
2017-05-28 17:10:10.84,-710.675,2829.621,2397.623
2017-05-28 17:10:15.83,-711.948,2827.682,2397.811
2017-05-28 17:10:20.82,-711.016,2829.043,2396.732
2017-05-28 17:10:25.81,-714.002,2827.177,2393.184
2017-05-28 17:10:30.80,-712.816,2828.492,2396.219
2017-05-28 17:10:35.79,-710.801,2828.866,2400.036
2017-05-28 17:10:40.79,-708.922,2830.134,2398.731
2017-05-28 17:10:45.78,-714.100,2828.443,2397.026
2017-05-28 17:10:50.77,-713.931,2827.292,2395.925
2017-05-28 17:10:55.76,-714.305,2828.526,2396.113
2017-05-28 17:11:00.75,-715.462,2826.913,2398.293
2017-05-28 17:11:05.74,-713.606,2829.224,2399.664
2017-05-28 17:11:10.73,-714.891,2824.970,2399.202
2017-05-28 17:11:15.72,-716.411,2824.591,2399.275
2017-05-28 17:11:20.72,-715.459,2827.214,2398.479
2017-05-28 17:11:25.71,-716.619,2826.806,2400.684
2017-05-28 17:11:30.70,-714.546,2829.985,2398.467
2017-05-28 17:11:35.69,-713.778,2829.441,2402.298
2017-05-28 17:11:40.68,-715.301,2829.420,2396.684
2017-05-28 17:11:45.67,-716.853,2828.881,2399.301
2017-05-28 17:11:50.66,-715.097,2828.634,2400.391
2017-05-28 17:11:55.65,-712.333,2831.055,2399.113
2017-05-28 17:12:00.65,-708.956,2834.250,2400.433
2017-05-28 17:12:05.64,-707.339,2835.735,2400.378
2017-05-28 17:12:10.63,-713.319,2832.872,2401.052
2017-05-28 17:12:15.62,-711.484,2832.722,2399.437
2017-05-28 17:12:20.61,-714.817,2831.234,2397.642
2017-05-28 17:12:25.60,-717.324,2831.391,2400.254
2017-05-28 17:12:30.59,-716.602,2828.651,2393.885
2017-05-28 17:12:35.58,-717.725,2826.855,2397.033
2017-05-28 17:12:40.57,-717.774,2826.952,2396.820
2017-05-28 17:12:45.57,-712.352,2827.652,2397.357
2017-05-28 17:12:50.56,-712.269,2829.293,2396.899
2017-05-28 17:12:55.55,-713.478,2828.644,2397.255
2017-05-28 17:13:00.54,-716.244,2826.384,2397.942
2017-05-28 17:13:05.53,-713.314,2827.883,2399.840
2017-05-28 17:13:10.52,-714.260,2828.388,2400.377
2017-05-28 17:13:15.51,-713.205,2829.198,2395.743
2017-05-28 17:13:20.50,-715.109,2828.563,2397.922
2017-05-28 17:13:25.49,-713.167,2827.404,2402.651
2017-05-28 17:13:30.49,-716.789,2827.665,2398.480
2017-05-28 17:13:35.48,-718.993,2824.401,2396.592
2017-05-28 17:13:40.47,-714.837,2824.545,2397.404
2017-05-28 17:13:45.46,-714.505,2826.851,2399.130
2017-05-28 17:13:50.45,-710.732,2826.705,2396.048
2017-05-28 17:13:55.44,-712.542,2830.564,2397.809
2017-05-28 17:14:00.43,-712.463,2830.119,2396.409
2017-05-28 17:14:05.42,-715.293,2826.059,2395.484
2017-05-28 17:14:10.41,-717.105,2824.548,2397.646
2017-05-28 17:14:15.41,-716.109,2827.593,2398.669
2017-05-28 17:14:20.40,-715.683,2828.702,2397.577
2017-05-28 17:14:25.39,-712.946,2828.799,2394.175
2017-05-28 17:14:30.38,-714.288,2828.775,2393.619
2017-05-28 17:14:35.37,-714.302,2829.326,2395.132
2017-05-28 17:14:40.36,-714.587,2829.852,2397.496
2017-05-28 17:14:45.35,-718.416,2829.811,2395.271
2017-05-28 17:14:50.34,-718.965,2827.354,2393.937
2017-05-28 17:14:55.34,-716.510,2829.281,2394.603
2017-05-28 17:15:00.33,-714.954,2828.562,2398.054
2017-05-28 17:15:05.32,-714.603,2831.144,2397.606
2017-05-28 17:15:10.31,-717.703,2827.276,2399.831
2017-05-28 17:15:15.30,-719.308,2827.126,2400.046
2017-05-28 17:15:20.29,-716.618,2828.668,2400.635
2017-05-28 17:15:25.28,-716.395,2828.022,2397.138
2017-05-28 17:15:30.26,-717.679,2827.911,2398.471
2017-05-28 17:15:35.25,-717.573,2827.718,2397.271
2017-05-28 17:15:40.24,-717.800,2828.803,2394.501
2017-05-28 17:15:45.25,-716.372,2825.535,2392.242
2017-05-28 17:15:50.22,-718.358,2828.068,2394.263
2017-05-28 17:15:55.21,-718.866,2827.452,2396.978
2017-05-28 17:16:00.20,-717.743,2827.712,2392.689
2017-05-28 17:16:05.20,-717.556,2823.225,2392.582
2017-05-28 17:16:10.19,-714.985,2826.948,2400.452
2017-05-28 17:16:15.18,-716.806,2825.418,2400.051
2017-05-28 17:16:20.17,-713.717,2825.543,2399.677
2017-05-28 17:16:25.16,-711.988,2826.635,2398.366
2017-05-28 17:16:30.15,-713.903,2826.968,2393.399
2017-05-28 17:16:35.14,-716.091,2826.658,2395.063
2017-05-28 17:16:40.13,-716.949,2824.214,2394.022
2017-05-28 17:16:45.12,-720.890,2822.760,2394.273
2017-05-28 17:16:50.12,-721.164,2823.283,2399.708
2017-05-28 17:16:55.11,-714.504,2826.699,2397.957
2017-05-28 17:17:00.10,-714.716,2826.072,2397.926
2017-05-28 17:17:05.09,-715.696,2828.371,2402.867
2017-05-28 17:17:10.08,-720.632,2826.819,2401.682
2017-05-28 17:17:15.07,-718.801,2828.331,2398.935
2017-05-28 17:17:20.06,-717.385,2826.208,2397.371
2017-05-28 17:17:25.05,-717.045,2825.295,2398.095
2017-05-28 17:17:30.05,-721.688,2823.215,2398.591
2017-05-28 17:17:35.04,-720.051,2824.359,2398.421
2017-05-28 17:17:40.03,-719.212,2823.606,2395.709
2017-05-28 17:17:45.02,-718.283,2821.260,2396.126
2017-05-28 17:17:50.01,-715.638,2822.614,2398.939
2017-05-28 17:17:55.00,-718.693,2825.619,2396.872
2017-05-28 17:17:59.99,-717.192,2824.558,2397.316
2017-05-28 17:18:04.98,-717.721,2824.392,2397.005
2017-05-28 17:18:09.98,-717.158,2825.541,2396.149
2017-05-28 17:18:14.97,-719.573,2823.464,2392.983
2017-05-28 17:18:19.96,-720.894,2820.850,2391.206
2017-05-28 17:18:24.95,-722.263,2824.020,2396.275
2017-05-28 17:18:29.94,-722.147,2824.396,2394.936
2017-05-28 17:18:34.93,-716.834,2825.785,2395.075
2017-05-28 17:18:39.92,-719.820,2823.771,2392.719
2017-05-28 17:18:44.91,-720.514,2825.100,2394.038
2017-05-28 17:18:49.90,-720.942,2822.177,2392.119
2017-05-28 17:18:54.90,-720.998,2824.525,2393.245
2017-05-28 17:18:59.89,-720.618,2822.855,2390.734
2017-05-28 17:19:04.88,-721.832,2822.221,2394.024
2017-05-28 17:19:09.87,-717.725,2822.872,2397.835
2017-05-28 17:19:14.86,-717.213,2823.493,2396.113
2017-05-28 17:19:19.85,-719.162,2822.995,2394.247
2017-05-28 17:19:24.84,-721.463,2822.709,2392.921
2017-05-28 17:19:29.83,-719.962,2825.134,2390.585
2017-05-28 17:19:34.82,-718.301,2822.638,2394.232
2017-05-28 17:19:39.82,-721.099,2821.333,2394.152
2017-05-28 17:19:44.81,-720.648,2824.178,2394.937
2017-05-28 17:19:49.80,-719.137,2825.353,2396.725
2017-05-28 17:19:54.79,-720.933,2825.606,2393.179
2017-05-28 17:19:59.78,-720.878,2824.145,2390.540
2017-05-28 17:20:04.77,-721.703,2821.988,2392.063
2017-05-28 17:20:09.76,-720.114,2825.598,2393.202
2017-05-28 17:20:14.75,-720.919,2824.334,2393.553
2017-05-28 17:20:19.74,-720.400,2823.356,2395.707
2017-05-28 17:20:24.74,-719.581,2826.510,2391.905
2017-05-28 17:20:29.73,-721.646,2822.588,2394.077
2017-05-28 17:20:34.72,-719.475,2820.624,2396.866
2017-05-28 17:20:39.71,-723.923,2820.823,2394.306
2017-05-28 17:20:44.70,-722.153,2822.431,2397.150
2017-05-28 17:20:49.69,-725.378,2827.933,2397.669
2017-05-28 17:20:54.68,-721.023,2829.032,2399.503
2017-05-28 17:20:59.67,-723.673,2825.413,2399.258
2017-05-28 17:21:04.67,-723.465,2824.339,2398.363
2017-05-28 17:21:09.66,-723.845,2826.056,2398.188
2017-05-28 17:21:14.65,-724.698,2826.375,2401.826
2017-05-28 17:21:19.64,-727.739,2823.558,2402.811
2017-05-28 17:21:24.63,-727.375,2823.818,2400.250
2017-05-28 17:21:29.62,-725.331,2823.294,2397.677
2017-05-28 17:21:34.61,-722.174,2824.395,2397.210
2017-05-28 17:21:39.60,-720.122,2825.122,2394.841
2017-05-28 17:21:44.59,-720.374,2825.331,2395.075
2017-05-28 17:21:49.59,-722.918,2824.204,2394.992
2017-05-28 17:21:54.58,-724.023,2820.873,2393.330
2017-05-28 17:21:59.57,-721.684,2822.521,2391.092
2017-05-28 17:22:04.56,-726.685,2822.286,2394.741
2017-05-28 17:22:09.55,-720.260,2824.265,2397.984
2017-05-28 17:22:14.54,-722.944,2823.125,2398.391
2017-05-28 17:22:19.53,-723.346,2824.394,2397.010
2017-05-28 17:22:24.52,-723.717,2825.869,2392.728
2017-05-28 17:22:29.52,-723.609,2824.639,2394.440
2017-05-28 17:22:34.51,-726.250,2824.575,2394.279
2017-05-28 17:22:39.48,-722.550,2826.166,2390.819
2017-05-28 17:22:44.47,-723.139,2825.030,2390.848
2017-05-28 17:22:49.46,-720.386,2825.526,2392.180
2017-05-28 17:22:54.47,-719.924,2824.712,2394.286
2017-05-28 17:22:59.46,-719.106,2824.948,2393.166
2017-05-28 17:23:04.44,-720.739,2824.843,2391.321
2017-05-28 17:23:09.43,-723.079,2822.541,2389.725
2017-05-28 17:23:14.42,-726.142,2823.188,2391.419
2017-05-28 17:23:19.41,-728.334,2821.593,2391.679
2017-05-28 17:23:24.40,-726.662,2821.711,2391.719
2017-05-28 17:23:29.39,-729.581,2823.466,2390.388
2017-05-28 17:23:34.38,-727.947,2822.972,2388.409
2017-05-28 17:23:39.38,-725.948,2823.885,2385.974
2017-05-28 17:23:44.37,-725.721,2822.093,2388.497
2017-05-28 17:23:49.36,-725.999,2823.268,2390.489
2017-05-28 17:23:54.35,-726.572,2822.652,2389.207
2017-05-28 17:23:59.34,-727.686,2819.872,2391.793
2017-05-28 17:24:04.33,-730.430,2821.074,2396.719
2017-05-28 17:24:09.32,-729.948,2822.836,2394.688
2017-05-28 17:24:14.31,-728.358,2821.126,2391.975
2017-05-28 17:24:19.31,-726.374,2824.566,2396.000
2017-05-28 17:24:24.30,-726.679,2826.152,2399.868
2017-05-28 17:24:29.29,-727.740,2825.191,2400.627
2017-05-28 17:24:34.28,-728.496,2822.957,2396.907
2017-05-28 17:24:39.27,-730.597,2821.408,2398.902
2017-05-28 17:24:44.26,-731.982,2822.573,2399.477
2017-05-28 17:24:49.25,-728.262,2824.952,2393.949
2017-05-28 17:24:54.24,-730.682,2824.661,2395.083
2017-05-28 17:24:59.24,-729.574,2824.518,2395.197
2017-05-28 17:25:04.23,-731.124,2825.355,2396.138
2017-05-28 17:25:09.22,-730.066,2823.887,2397.144
2017-05-28 17:25:14.21,-726.626,2823.404,2397.582
2017-05-28 17:25:19.20,-729.262,2822.692,2396.096
2017-05-28 17:25:24.19,-730.435,2826.583,2399.240
2017-05-28 17:25:29.18,-732.006,2824.796,2399.305
2017-05-28 17:25:34.17,-729.041,2824.030,2399.361
2017-05-28 17:25:39.16,-731.338,2823.965,2402.058
2017-05-28 17:25:44.16,-733.738,2823.795,2402.356
2017-05-28 17:25:49.15,-730.202,2826.744,2401.425
2017-05-28 17:25:54.14,-729.108,2824.756,2398.510
2017-05-28 17:25:59.13,-730.872,2823.482,2400.226
2017-05-28 17:26:04.12,-727.302,2825.115,2395.539
2017-05-28 17:26:09.11,-726.445,2823.719,2396.795
2017-05-28 17:26:14.10,-726.568,2824.262,2398.128
2017-05-28 17:26:19.09,-728.159,2823.505,2396.777
2017-05-28 17:26:24.09,-724.332,2823.903,2397.140
2017-05-28 17:26:29.08,-730.358,2824.631,2395.935
2017-05-28 17:26:34.07,-725.471,2825.321,2397.935
2017-05-28 17:26:39.06,-725.559,2825.891,2392.782
2017-05-28 17:26:44.05,-725.121,2825.882,2394.020
2017-05-28 17:26:49.04,-725.784,2824.893,2391.585
2017-05-28 17:26:54.03,-723.902,2827.772,2389.591
2017-05-28 17:26:59.02,-727.295,2825.402,2394.179
2017-05-28 17:27:04.02,-727.513,2824.015,2395.245
2017-05-28 17:27:09.01,-727.316,2823.837,2395.266
2017-05-28 17:27:14.00,-724.666,2825.217,2391.518
2017-05-28 17:27:18.99,-724.531,2824.474,2391.178
2017-05-28 17:27:23.98,-725.102,2824.579,2387.908
2017-05-28 17:27:28.97,-727.162,2821.350,2391.205
2017-05-28 17:27:33.96,-729.394,2821.091,2397.524
2017-05-28 17:27:38.97,-727.546,2824.500,2394.687
2017-05-28 17:27:43.95,-727.635,2823.119,2396.051
2017-05-28 17:27:48.94,-727.411,2821.316,2394.418
2017-05-28 17:27:53.93,-726.148,2824.642,2391.046
2017-05-28 17:27:58.92,-727.276,2824.345,2392.219
2017-05-28 17:28:03.91,-726.670,2825.374,2392.690
2017-05-28 17:28:08.92,-732.474,2822.546,2393.255
2017-05-28 17:28:13.91,-728.236,2822.045,2391.596
2017-05-28 17:28:18.90,-730.396,2821.789,2392.376
2017-05-28 17:28:23.89,-730.928,2821.482,2387.513
2017-05-28 17:28:28.88,-729.095,2820.798,2389.483
2017-05-28 17:28:33.87,-730.928,2819.489,2388.258
2017-05-28 17:28:38.86,-729.662,2821.591,2389.771
2017-05-28 17:28:43.86,-726.829,2820.344,2392.437
2017-05-28 17:28:48.85,-726.912,2821.260,2393.401
2017-05-28 17:28:53.84,-729.103,2822.511,2393.471
2017-05-28 17:28:58.83,-727.105,2821.296,2395.378
2017-05-28 17:29:03.82,-724.921,2823.088,2392.310
2017-05-28 17:29:08.81,-723.131,2823.070,2391.955
2017-05-28 17:29:13.80,-722.604,2822.828,2393.715
2017-05-28 17:29:18.79,-725.311,2821.250,2391.330
2017-05-28 17:29:23.79,-725.808,2820.525,2387.851
2017-05-28 17:29:28.78,-725.536,2821.088,2394.801
2017-05-28 17:29:33.77,-727.889,2820.135,2391.792
2017-05-28 17:29:38.76,-727.072,2820.351,2391.172
2017-05-28 17:29:43.75,-726.766,2821.521,2390.875
2017-05-28 17:29:48.74,-724.606,2821.278,2388.348
2017-05-28 17:29:53.73,-727.222,2821.027,2391.291
2017-05-28 17:29:58.72,-729.436,2820.344,2392.513
2017-05-28 17:30:03.72,-730.522,2821.968,2391.137
2017-05-28 17:30:08.71,-728.356,2821.760,2391.992
2017-05-28 17:30:13.70,-727.975,2821.861,2393.952
2017-05-28 17:30:18.69,-727.485,2819.818,2392.554
2017-05-28 17:30:23.68,-728.166,2820.428,2393.088
2017-05-28 17:30:28.67,-726.786,2819.538,2393.198
2017-05-28 17:30:33.66,-729.645,2820.239,2393.458
2017-05-28 17:30:38.65,-727.319,2821.843,2393.335
2017-05-28 17:30:43.65,-726.584,2820.500,2392.798
2017-05-28 17:30:48.64,-726.498,2821.516,2394.186
2017-05-28 17:30:53.63,-725.982,2821.977,2393.268
2017-05-28 17:30:58.62,-730.038,2821.812,2394.964
2017-05-28 17:31:03.61,-729.030,2823.119,2392.075
2017-05-28 17:31:08.60,-728.630,2820.979,2391.067
2017-05-28 17:31:13.59,-727.684,2819.866,2395.496
2017-05-28 17:31:18.58,-729.694,2820.327,2393.555
2017-05-28 17:31:23.58,-728.782,2821.294,2395.510
2017-05-28 17:31:28.57,-729.101,2822.023,2396.846
2017-05-28 17:31:33.56,-729.294,2823.075,2393.666
2017-05-28 17:31:38.55,-726.052,2823.704,2395.588
2017-05-28 17:31:43.54,-725.435,2822.013,2397.415
2017-05-28 17:31:48.53,-722.701,2820.384,2395.901
2017-05-28 17:31:53.52,-725.688,2820.146,2397.922
2017-05-28 17:31:58.51,-725.638,2819.046,2397.507
2017-05-28 17:32:03.50,-728.870,2821.025,2395.225
2017-05-28 17:32:08.50,-727.896,2823.605,2394.078
2017-05-28 17:32:13.49,-728.078,2822.365,2395.990
2017-05-28 17:32:18.48,-728.312,2821.234,2398.662
2017-05-28 17:32:23.47,-726.548,2821.344,2400.615
2017-05-28 17:32:28.46,-724.022,2821.973,2400.190
2017-05-28 17:32:33.45,-727.218,2819.631,2401.162
2017-05-28 17:32:38.44,-724.476,2821.045,2399.313
2017-05-28 17:32:43.43,-726.122,2818.538,2401.030
2017-05-28 17:32:48.43,-726.121,2818.768,2400.098
2017-05-28 17:32:53.42,-725.523,2821.433,2397.959
2017-05-28 17:32:58.41,-719.261,2819.791,2400.477
2017-05-28 17:33:03.40,-726.535,2819.260,2400.846
2017-05-28 17:33:08.39,-723.382,2822.102,2400.174
2017-05-28 17:33:13.38,-724.239,2820.419,2399.243
2017-05-28 17:33:18.37,-726.658,2818.301,2396.635
2017-05-28 17:33:23.36,-725.632,2818.487,2396.700
2017-05-28 17:33:28.35,-726.017,2818.131,2394.204
2017-05-28 17:33:33.35,-723.537,2822.253,2395.662
2017-05-28 17:33:38.34,-723.464,2822.059,2393.693
2017-05-28 17:33:43.33,-725.965,2820.260,2390.703
2017-05-28 17:33:48.32,-724.608,2821.447,2394.731
2017-05-28 17:33:53.31,-722.971,2820.724,2391.940
2017-05-28 17:33:58.30,-723.359,2823.312,2390.651
2017-05-28 17:34:03.29,-724.751,2823.235,2393.488
2017-05-28 17:34:08.28,-723.086,2822.165,2393.656
2017-05-28 17:34:13.28,-727.572,2818.896,2393.946
2017-05-28 17:34:18.27,-727.542,2818.866,2391.550
2017-05-28 17:34:23.26,-725.449,2819.112,2390.566
2017-05-28 17:34:28.25,-724.003,2819.125,2395.144
2017-05-28 17:34:33.24,-723.588,2818.298,2396.433
2017-05-28 17:34:38.23,-724.473,2817.566,2394.751
2017-05-28 17:34:43.22,-721.826,2820.760,2395.834
2017-05-28 17:34:48.21,-726.871,2822.612,2397.957
2017-05-28 17:34:53.21,-725.422,2817.582,2395.855
2017-05-28 17:34:58.20,-725.511,2818.703,2397.106
2017-05-28 17:35:03.19,-722.151,2820.283,2397.513
2017-05-28 17:35:08.18,-725.728,2819.250,2392.969
2017-05-28 17:35:13.17,-726.381,2818.880,2389.703
2017-05-28 17:35:18.16,-725.667,2820.892,2387.096
2017-05-28 17:35:23.15,-726.705,2819.598,2388.444
2017-05-28 17:35:28.14,-724.659,2819.951,2390.039
2017-05-28 17:35:33.14,-725.675,2817.901,2391.695
2017-05-28 17:35:38.13,-725.358,2816.452,2393.184
2017-05-28 17:35:43.12,-725.802,2817.987,2398.541
2017-05-28 17:35:48.11,-727.548,2818.751,2398.408
2017-05-28 17:35:53.10,-726.232,2818.513,2398.484
2017-05-28 17:35:58.09,-728.696,2818.545,2396.255
2017-05-28 17:36:03.08,-726.774,2820.035,2397.509
2017-05-28 17:36:08.07,-725.940,2822.535,2395.111
2017-05-28 17:36:13.06,-723.901,2819.718,2395.235
2017-05-28 17:36:18.06,-727.778,2820.664,2395.887
2017-05-28 17:36:23.06,-726.405,2819.928,2397.819
2017-05-28 17:36:28.05,-726.822,2821.321,2396.444
2017-05-28 17:36:33.04,-726.746,2818.386,2395.895
2017-05-28 17:36:38.04,-725.942,2820.958,2397.077
2017-05-28 17:36:43.03,-727.270,2820.282,2398.345
2017-05-28 17:36:48.02,-728.039,2820.555,2400.890
2017-05-28 17:36:53.01,-729.391,2820.528,2399.220
2017-05-28 17:36:58.00,-726.566,2820.457,2398.795
2017-05-28 17:37:02.99,-726.132,2816.685,2401.498
2017-05-28 17:37:07.98,-726.615,2819.544,2403.053
2017-05-28 17:37:12.97,-725.639,2819.202,2399.194
2017-05-28 17:37:17.97,-725.589,2818.180,2399.877
2017-05-28 17:37:22.96,-723.996,2818.974,2398.703
2017-05-28 17:37:27.95,-725.853,2819.037,2396.951
2017-05-28 17:37:32.94,-724.985,2819.757,2393.319
2017-05-28 17:37:37.93,-726.015,2819.358,2400.281
2017-05-28 17:37:42.92,-726.589,2819.612,2394.752
2017-05-28 17:37:47.91,-727.209,2819.954,2393.894
2017-05-28 17:37:52.90,-721.101,2819.022,2402.332
2017-05-28 17:37:57.90,-723.165,2818.871,2400.435
2017-05-28 17:38:02.89,-724.428,2820.979,2398.878
2017-05-28 17:38:07.88,-722.819,2819.764,2399.244
2017-05-28 17:38:12.87,-727.145,2819.263,2402.042
2017-05-28 17:38:17.86,-725.227,2822.007,2400.841
2017-05-28 17:38:22.85,-727.425,2818.978,2401.505
2017-05-28 17:38:27.84,-727.137,2818.974,2401.438
2017-05-28 17:38:32.83,-728.249,2820.369,2402.108
2017-05-28 17:38:37.83,-726.826,2820.012,2398.075
2017-05-28 17:38:42.82,-726.275,2821.845,2395.045
2017-05-28 17:38:47.81,-724.827,2823.390,2396.844
2017-05-28 17:38:52.80,-727.312,2820.813,2400.016
2017-05-28 17:38:57.79,-728.257,2823.551,2402.199
2017-05-28 17:39:02.78,-721.136,2822.704,2400.921
2017-05-28 17:39:07.77,-723.265,2821.192,2399.547
2017-05-28 17:39:12.76,-723.821,2821.927,2399.832
2017-05-28 17:39:17.75,-724.082,2819.754,2401.246
2017-05-28 17:39:22.75,-724.251,2820.264,2399.834
2017-05-28 17:39:27.74,-725.976,2821.045,2402.165
2017-05-28 17:39:32.73,-726.288,2819.954,2403.518
2017-05-28 17:39:37.72,-725.555,2822.825,2400.179
2017-05-28 17:39:42.71,-725.634,2820.596,2400.856
2017-05-28 17:39:47.70,-722.222,2818.417,2401.901
2017-05-28 17:39:52.69,-722.361,2822.508,2399.513
2017-05-28 17:39:57.68,-724.849,2820.086,2400.230
2017-05-28 17:40:02.68,-724.614,2819.386,2404.011
2017-05-28 17:40:07.67,-727.511,2819.777,2404.175
2017-05-28 17:40:12.66,-726.050,2820.257,2404.471
2017-05-28 17:40:17.65,-727.229,2820.737,2400.583
2017-05-28 17:40:22.64,-726.779,2823.111,2396.905
2017-05-28 17:40:27.63,-726.809,2821.965,2396.189
2017-05-28 17:40:32.62,-727.688,2822.283,2398.475
2017-05-28 17:40:37.61,-730.108,2820.586,2398.123
2017-05-28 17:40:42.60,-727.001,2821.937,2401.286
2017-05-28 17:40:47.60,-725.912,2823.414,2402.341
2017-05-28 17:40:52.59,-723.601,2824.791,2401.336
2017-05-28 17:40:57.58,-727.609,2823.890,2399.383
2017-05-28 17:41:02.57,-729.238,2823.155,2396.485
2017-05-28 17:41:07.56,-726.103,2819.400,2397.166
2017-05-28 17:41:12.55,-727.482,2821.314,2397.086
2017-05-28 17:41:17.54,-726.759,2821.886,2397.893
2017-05-28 17:41:22.53,-726.250,2822.899,2396.659
2017-05-28 17:41:27.53,-727.443,2823.122,2400.813
2017-05-28 17:41:32.52,-728.490,2821.165,2403.133
2017-05-28 17:41:37.51,-728.463,2821.406,2400.140
2017-05-28 17:41:42.50,-729.188,2820.901,2403.659
2017-05-28 17:41:47.49,-729.144,2822.034,2405.329
2017-05-28 17:41:52.48,-731.545,2822.021,2408.419
2017-05-28 17:41:57.47,-729.840,2823.052,2410.628
2017-05-28 17:42:02.46,-730.721,2822.401,2408.832
2017-05-28 17:42:07.46,-730.438,2823.000,2405.253
2017-05-28 17:42:12.45,-731.114,2820.206,2402.203
2017-05-28 17:42:17.44,-730.045,2820.138,2402.689
2017-05-28 17:42:22.43,-731.332,2822.929,2402.129
2017-05-28 17:42:27.42,-731.596,2820.593,2401.333
2017-05-28 17:42:32.41,-728.348,2821.375,2401.975
2017-05-28 17:42:37.40,-731.036,2821.239,2396.813
2017-05-28 17:42:42.39,-732.356,2820.982,2398.057
2017-05-28 17:42:47.38,-730.005,2821.722,2397.688
2017-05-28 17:42:52.38,-727.460,2823.113,2401.812
2017-05-28 17:42:57.37,-728.034,2821.265,2398.673
2017-05-28 17:43:02.36,-726.111,2821.112,2400.528
2017-05-28 17:43:07.35,-726.529,2823.088,2399.072
2017-05-28 17:43:12.36,-728.766,2822.065,2403.961
2017-05-28 17:43:17.35,-729.577,2821.020,2402.113
2017-05-28 17:43:22.34,-731.005,2822.508,2397.043
2017-05-28 17:43:27.33,-729.909,2823.078,2400.765
2017-05-28 17:43:32.32,-730.060,2822.449,2399.055
2017-05-28 17:43:37.31,-729.481,2820.742,2396.175
2017-05-28 17:43:42.30,-729.724,2820.991,2396.702
2017-05-28 17:43:47.29,-729.263,2819.861,2396.335
2017-05-28 17:43:52.29,-727.941,2819.988,2396.216
2017-05-28 17:43:57.28,-729.366,2819.938,2400.659
2017-05-28 17:44:02.27,-727.306,2821.984,2401.485
2017-05-28 17:44:07.26,-725.322,2821.222,2403.036
2017-05-28 17:44:12.25,-729.831,2820.438,2400.906
2017-05-28 17:44:17.24,-729.765,2820.424,2396.982
2017-05-28 17:44:22.23,-731.737,2821.535,2395.825
2017-05-28 17:44:27.22,-729.990,2820.972,2401.899
2017-05-28 17:44:32.22,-731.946,2820.465,2401.633
2017-05-28 17:44:37.21,-731.379,2820.642,2403.513
2017-05-28 17:44:42.20,-731.799,2821.511,2400.777
2017-05-28 17:44:47.19,-730.180,2820.635,2397.826
2017-05-28 17:44:52.18,-727.832,2819.471,2400.222
2017-05-28 17:44:57.17,-729.603,2817.089,2404.044
2017-05-28 17:45:02.16,-728.829,2818.861,2401.748
2017-05-28 17:45:07.15,-728.931,2818.439,2402.867
2017-05-28 17:45:12.14,-731.866,2817.976,2401.601
2017-05-28 17:45:17.14,-730.150,2821.545,2404.010
2017-05-28 17:45:22.13,-729.057,2822.865,2399.296
2017-05-28 17:45:27.12,-730.086,2820.839,2397.826
2017-05-28 17:45:32.11,-726.401,2819.708,2398.411
2017-05-28 17:45:37.10,-730.929,2818.722,2400.640
2017-05-28 17:45:42.09,-731.376,2817.657,2398.225
2017-05-28 17:45:47.08,-730.979,2818.158,2394.806
2017-05-28 17:45:52.07,-725.899,2818.995,2396.447
2017-05-28 17:45:57.07,-729.466,2821.616,2400.247
2017-05-28 17:46:02.06,-727.132,2821.214,2398.439
2017-05-28 17:46:07.05,-730.072,2821.791,2396.714
2017-05-28 17:46:12.04,-727.739,2821.068,2400.628
2017-05-28 17:46:17.05,-724.053,2820.728,2407.105
2017-05-28 17:46:22.04,-726.532,2821.628,2401.238
2017-05-28 17:46:27.03,-724.875,2820.997,2403.642
2017-05-28 17:46:32.02,-727.635,2820.052,2403.427
2017-05-28 17:46:37.01,-727.829,2821.588,2404.863
2017-05-28 17:46:42.00,-730.185,2820.704,2406.682
2017-05-28 17:46:46.99,-730.496,2819.380,2404.928
2017-05-28 17:46:51.98,-730.715,2819.722,2406.859
2017-05-28 17:46:56.98,-728.927,2821.165,2406.924
2017-05-28 17:47:01.97,-728.708,2821.000,2400.623
2017-05-28 17:47:06.96,-728.561,2822.104,2399.136
2017-05-28 17:47:11.95,-728.368,2820.158,2397.809
2017-05-28 17:47:16.94,-730.460,2819.542,2395.957
2017-05-28 17:47:21.93,-729.548,2822.039,2393.652
2017-05-28 17:47:26.92,-725.701,2822.581,2393.883
2017-05-28 17:47:31.91,-726.254,2821.656,2397.186
2017-05-28 17:47:36.90,-729.162,2824.671,2400.392
2017-05-28 17:47:41.90,-729.893,2823.402,2400.356
2017-05-28 17:47:46.89,-730.592,2822.058,2400.599
2017-05-28 17:47:51.88,-727.999,2819.258,2399.085
2017-05-28 17:47:56.87,-728.762,2822.180,2396.668
2017-05-28 17:48:01.86,-727.485,2822.586,2394.679
2017-05-28 17:48:06.85,-729.058,2820.685,2401.876
2017-05-28 17:48:11.84,-727.455,2823.857,2400.216
2017-05-28 17:48:16.83,-725.368,2825.432,2400.705
2017-05-28 17:48:21.83,-730.272,2823.037,2399.500
2017-05-28 17:48:26.82,-730.046,2822.342,2399.471
2017-05-28 17:48:31.81,-730.236,2819.806,2397.956
2017-05-28 17:48:36.80,-732.720,2820.229,2399.766
2017-05-28 17:48:41.79,-728.866,2820.948,2397.466
2017-05-28 17:48:46.78,-729.964,2824.108,2402.562
2017-05-28 17:48:51.77,-725.264,2822.779,2402.566
2017-05-28 17:48:56.76,-725.802,2822.838,2400.083
2017-05-28 17:49:01.75,-723.751,2825.594,2400.831
2017-05-28 17:49:06.75,-726.503,2822.421,2399.495
2017-05-28 17:49:11.74,-729.107,2821.727,2399.724
2017-05-28 17:49:16.73,-727.165,2820.562,2398.952
2017-05-28 17:49:21.72,-728.386,2820.691,2399.137
2017-05-28 17:49:26.71,-731.538,2821.728,2398.239
2017-05-28 17:49:31.70,-728.449,2821.167,2398.992
2017-05-28 17:49:36.71,-727.149,2822.189,2400.498
2017-05-28 17:49:41.70,-728.726,2821.955,2399.025
2017-05-28 17:49:46.68,-727.717,2821.966,2399.782
2017-05-28 17:49:51.68,-728.589,2821.285,2399.131
2017-05-28 17:49:56.67,-730.289,2818.232,2404.459
2017-05-28 17:50:01.67,-729.152,2820.774,2403.545
2017-05-28 17:50:06.66,-731.822,2820.441,2408.730
2017-05-28 17:50:11.65,-730.631,2821.531,2408.072
2017-05-28 17:50:16.64,-729.682,2820.762,2409.472
2017-05-28 17:50:21.63,-731.011,2820.062,2404.892
2017-05-28 17:50:26.62,-728.606,2823.052,2405.089
2017-05-28 17:50:31.61,-731.148,2822.265,2404.166
2017-05-28 17:50:36.60,-730.086,2822.028,2402.954
2017-05-28 17:50:41.59,-730.070,2821.493,2401.783
2017-05-28 17:50:46.59,-732.560,2820.344,2403.181
2017-05-28 17:50:51.58,-733.109,2823.611,2401.952
2017-05-28 17:50:56.57,-731.698,2823.318,2401.911
2017-05-28 17:51:01.56,-727.401,2824.814,2403.350
2017-05-28 17:51:06.55,-731.631,2821.915,2398.715
2017-05-28 17:51:11.54,-727.825,2821.603,2400.865
2017-05-28 17:51:16.53,-728.725,2821.579,2400.429
2017-05-28 17:51:21.52,-726.817,2819.475,2397.775
2017-05-28 17:51:26.51,-730.742,2821.599,2397.451
2017-05-28 17:51:31.51,-732.913,2821.816,2400.355
2017-05-28 17:51:36.50,-727.837,2823.023,2400.975
2017-05-28 17:51:41.49,-727.699,2821.402,2398.077
2017-05-28 17:51:46.48,-726.843,2822.247,2397.914
2017-05-28 17:51:51.47,-725.599,2823.336,2400.452
2017-05-28 17:51:56.46,-729.444,2824.241,2402.803
2017-05-28 17:52:01.45,-727.859,2825.982,2401.583
2017-05-28 17:52:06.44,-727.432,2823.081,2399.464
2017-05-28 17:52:11.44,-726.581,2823.316,2402.000
2017-05-28 17:52:16.43,-728.889,2822.291,2397.671
2017-05-28 17:52:21.42,-728.359,2824.440,2398.170
2017-05-28 17:52:26.41,-723.916,2826.136,2397.737
2017-05-28 17:52:31.40,-726.621,2824.204,2397.680
2017-05-28 17:52:36.39,-729.592,2821.566,2399.379
2017-05-28 17:52:41.38,-728.822,2821.596,2403.326
2017-05-28 17:52:46.37,-728.182,2821.964,2402.119
2017-05-28 17:52:51.36,-727.488,2823.270,2403.605
2017-05-28 17:52:56.36,-726.900,2822.055,2405.408
2017-05-28 17:53:01.35,-729.218,2819.338,2407.250
2017-05-28 17:53:06.34,-728.804,2821.315,2407.135
2017-05-28 17:53:11.33,-731.066,2820.950,2408.568
2017-05-28 17:53:16.32,-728.176,2820.925,2406.465
2017-05-28 17:53:21.31,-724.968,2819.899,2407.283
2017-05-28 17:53:26.30,-728.059,2821.199,2405.329
2017-05-28 17:53:31.29,-724.592,2823.028,2403.712
2017-05-28 17:53:36.29,-728.132,2821.246,2404.831
2017-05-28 17:53:41.28,-727.299,2821.555,2404.979
2017-05-28 17:53:46.27,-726.812,2820.601,2403.320
2017-05-28 17:53:51.26,-727.525,2820.811,2406.861
2017-05-28 17:53:56.25,-724.117,2822.321,2402.881
2017-05-28 17:54:01.24,-724.823,2821.989,2399.906
2017-05-28 17:54:06.23,-725.684,2822.494,2395.982
2017-05-28 17:54:11.22,-726.960,2823.848,2400.311
2017-05-28 17:54:16.22,-724.409,2821.729,2396.679
2017-05-28 17:54:21.22,-728.471,2821.592,2396.258
2017-05-28 17:54:26.21,-726.878,2821.359,2395.681
2017-05-28 17:54:31.20,-725.238,2820.304,2399.043
2017-05-28 17:54:36.20,-722.533,2819.420,2398.688
2017-05-28 17:54:41.19,-725.086,2818.702,2398.518
2017-05-28 17:54:46.18,-728.688,2817.508,2397.938
2017-05-28 17:54:51.17,-726.591,2820.108,2395.192
2017-05-28 17:54:56.16,-726.278,2820.807,2397.628
2017-05-28 17:55:01.15,-725.434,2818.661,2399.476
2017-05-28 17:55:06.14,-723.995,2820.149,2397.093
2017-05-28 17:55:11.13,-723.795,2819.634,2394.508
2017-05-28 17:55:16.12,-726.381,2821.550,2397.801
2017-05-28 17:55:21.12,-726.350,2820.391,2397.364
2017-05-28 17:55:26.11,-727.218,2821.119,2399.750
2017-05-28 17:55:31.10,-724.825,2821.731,2401.285
2017-05-28 17:55:36.09,-727.181,2820.726,2400.701
2017-05-28 17:55:41.08,-725.212,2819.199,2403.164
2017-05-28 17:55:46.07,-725.598,2820.278,2400.754
2017-05-28 17:55:51.06,-726.429,2822.510,2403.482
2017-05-28 17:55:56.05,-730.099,2822.282,2399.631
2017-05-28 17:56:01.05,-729.582,2819.439,2395.615
2017-05-28 17:56:06.04,-728.369,2816.259,2395.781
2017-05-28 17:56:11.03,-725.391,2817.945,2399.119
2017-05-28 17:56:16.02,-723.415,2816.345,2402.014
2017-05-28 17:56:21.01,-724.117,2818.602,2398.130
2017-05-28 17:56:26.00,-725.002,2819.955,2396.024
2017-05-28 17:56:30.99,-726.380,2817.598,2398.924
2017-05-28 17:56:35.98,-727.785,2817.665,2398.219
2017-05-28 17:56:40.98,-729.852,2816.888,2397.611
2017-05-28 17:56:45.97,-731.333,2817.390,2399.855
2017-05-28 17:56:50.96,-729.500,2818.577,2401.318
2017-05-28 17:56:55.95,-727.506,2818.951,2402.125
2017-05-28 17:57:00.94,-727.535,2820.464,2404.121
2017-05-28 17:57:05.93,-730.520,2819.096,2401.766
2017-05-28 17:57:10.92,-727.939,2817.806,2401.536
2017-05-28 17:57:15.91,-728.165,2817.795,2399.476
2017-05-28 17:57:20.90,-730.571,2817.000,2399.518
2017-05-28 17:57:25.90,-729.754,2819.866,2400.010
2017-05-28 17:57:30.89,-729.499,2819.971,2397.632
2017-05-28 17:57:35.88,-732.593,2819.709,2400.497
2017-05-28 17:57:40.87,-732.720,2817.336,2396.902
2017-05-28 17:57:45.86,-730.348,2818.155,2400.299
2017-05-28 17:57:50.85,-727.366,2818.228,2399.387
2017-05-28 17:57:55.84,-729.016,2818.604,2401.356
2017-05-28 17:58:00.83,-730.170,2820.368,2400.737
2017-05-28 17:58:05.83,-729.538,2821.967,2401.196
2017-05-28 17:58:10.83,-727.493,2822.063,2399.158
2017-05-28 17:58:15.82,-727.919,2821.685,2401.898
2017-05-28 17:58:20.82,-725.624,2822.816,2398.099
2017-05-28 17:58:25.81,-725.401,2821.045,2402.026
2017-05-28 17:58:30.80,-727.908,2820.341,2397.815
2017-05-28 17:58:35.79,-725.956,2820.892,2400.855
2017-05-28 17:58:40.76,-725.428,2823.099,2401.976
2017-05-28 17:58:45.76,-722.354,2819.930,2398.928
2017-05-28 17:58:50.75,-725.432,2823.318,2400.358
2017-05-28 17:58:55.74,-725.467,2823.817,2399.504
2017-05-28 17:59:00.75,-726.326,2822.982,2402.380
2017-05-28 17:59:05.74,-729.734,2824.951,2401.815
2017-05-28 17:59:10.73,-724.794,2825.694,2399.288
2017-05-28 17:59:15.72,-726.219,2825.219,2396.983
2017-05-28 17:59:20.71,-724.795,2827.038,2399.571
2017-05-28 17:59:25.70,-726.801,2823.133,2401.204
2017-05-28 17:59:30.69,-726.112,2824.292,2403.309
2017-05-28 17:59:35.68,-723.792,2827.889,2400.581
2017-05-28 17:59:40.68,-725.435,2824.415,2398.157
2017-05-28 17:59:45.67,-725.038,2825.618,2399.465
2017-05-28 17:59:50.66,-726.039,2825.497,2397.163
2017-05-28 17:59:55.65,-726.283,2825.769,2399.304
2017-05-28 18:00:00.64,-727.963,2823.424,2400.385
2017-05-28 18:00:05.63,-726.260,2823.331,2399.922
2017-05-28 18:00:10.62,-724.634,2823.930,2398.298
2017-05-28 18:00:15.62,-726.973,2822.231,2395.265
2017-05-28 18:00:20.61,-728.111,2824.247,2398.311
2017-05-28 18:00:25.60,-732.525,2822.009,2399.956
2017-05-28 18:00:30.59,-728.342,2826.093,2399.340
2017-05-28 18:00:35.58,-726.817,2824.580,2397.878
2017-05-28 18:00:40.57,-724.589,2825.737,2398.918
2017-05-28 18:00:45.56,-727.019,2826.530,2393.889
2017-05-28 18:00:50.55,-729.884,2826.552,2395.896
2017-05-28 18:00:55.55,-726.823,2824.992,2396.308
2017-05-28 18:01:00.54,-727.521,2824.929,2398.344
2017-05-28 18:01:05.53,-727.338,2825.128,2399.148
2017-05-28 18:01:10.52,-724.653,2827.533,2396.906
2017-05-28 18:01:15.51,-725.119,2827.029,2396.210
2017-05-28 18:01:20.50,-723.960,2826.041,2396.497
2017-05-28 18:01:25.49,-725.778,2825.467,2396.974
2017-05-28 18:01:30.48,-725.956,2827.419,2402.609
2017-05-28 18:01:35.48,-726.493,2827.298,2402.379
2017-05-28 18:01:40.47,-727.773,2827.018,2400.576
2017-05-28 18:01:45.46,-727.992,2825.914,2400.278
2017-05-28 18:01:50.45,-729.594,2825.304,2398.172
2017-05-28 18:01:55.44,-727.021,2825.783,2398.189
2017-05-28 18:02:00.43,-728.781,2825.796,2399.317
2017-05-28 18:02:05.42,-728.457,2826.752,2398.474
2017-05-28 18:02:10.41,-730.462,2825.563,2400.065
2017-05-28 18:02:15.41,-727.987,2825.006,2398.289
2017-05-28 18:02:20.40,-729.622,2823.260,2397.565
2017-05-28 18:02:25.39,-729.900,2825.020,2398.989
2017-05-28 18:02:30.38,-730.231,2824.493,2400.685
2017-05-28 18:02:35.37,-728.485,2826.778,2402.012
2017-05-28 18:02:40.36,-729.886,2825.210,2400.438
2017-05-28 18:02:45.35,-728.209,2823.756,2399.457
2017-05-28 18:02:50.34,-726.725,2823.572,2401.331
2017-05-28 18:02:55.34,-727.544,2823.276,2400.819
2017-05-28 18:03:00.33,-728.722,2825.081,2402.505
2017-05-28 18:03:05.32,-726.593,2825.096,2401.407
2017-05-28 18:03:10.31,-728.426,2825.599,2398.776
2017-05-28 18:03:15.32,-729.824,2825.223,2398.767
2017-05-28 18:03:20.31,-727.951,2826.646,2398.878
2017-05-28 18:03:25.30,-724.913,2826.689,2397.880
2017-05-28 18:03:30.29,-726.979,2826.477,2397.925
2017-05-28 18:03:35.28,-725.652,2824.454,2396.403
2017-05-28 18:03:40.27,-727.919,2823.348,2402.843
2017-05-28 18:03:45.26,-726.445,2826.182,2400.689
2017-05-28 18:03:50.26,-727.004,2825.704,2400.687
2017-05-28 18:03:55.25,-726.258,2826.224,2399.427
2017-05-28 18:04:00.24,-724.285,2825.770,2398.325
2017-05-28 18:04:05.23,-724.479,2824.560,2397.302
2017-05-28 18:04:10.22,-725.972,2825.046,2396.281
2017-05-28 18:04:15.21,-729.851,2824.774,2394.628
2017-05-28 18:04:20.20,-730.924,2822.915,2396.230
2017-05-28 18:04:25.19,-728.816,2824.864,2396.166
2017-05-28 18:04:30.19,-729.160,2824.307,2398.821
2017-05-28 18:04:35.18,-728.711,2825.691,2398.281
2017-05-28 18:04:40.17,-728.924,2825.629,2397.541
2017-05-28 18:04:45.16,-729.726,2823.308,2394.765
2017-05-28 18:04:50.15,-728.984,2825.406,2396.758
2017-05-28 18:04:55.14,-728.921,2824.396,2397.125
2017-05-28 18:05:00.13,-730.513,2820.773,2398.620
2017-05-28 18:05:05.12,-731.245,2820.575,2398.790
2017-05-28 18:05:10.12,-732.044,2819.005,2401.301
2017-05-28 18:05:15.11,-730.951,2820.575,2401.182
2017-05-28 18:05:20.10,-733.100,2819.020,2398.453
2017-05-28 18:05:25.09,-729.778,2820.688,2397.591
2017-05-28 18:05:30.08,-728.619,2819.288,2395.129
2017-05-28 18:05:35.07,-727.298,2819.849,2395.106
2017-05-28 18:05:40.06,-729.713,2820.688,2397.678
2017-05-28 18:05:45.05,-726.822,2822.189,2401.199
2017-05-28 18:05:50.05,-726.925,2823.008,2397.429
2017-05-28 18:05:55.04,-728.752,2820.098,2395.290
2017-05-28 18:06:00.03,-727.896,2819.853,2398.974
2017-05-28 18:06:05.02,-729.278,2818.745,2402.561
2017-05-28 18:06:10.01,-728.136,2821.833,2401.119
2017-05-28 18:06:15.00,-725.105,2823.569,2397.249
2017-05-28 18:06:19.99,-723.603,2823.388,2399.027
2017-05-28 18:06:24.98,-725.170,2824.092,2400.054
2017-05-28 18:06:29.98,-726.056,2820.971,2398.393
2017-05-28 18:06:34.97,-729.391,2823.365,2396.560
2017-05-28 18:06:39.97,-727.836,2822.438,2394.800
2017-05-28 18:06:44.97,-727.000,2819.181,2398.250
2017-05-28 18:06:49.96,-725.054,2820.338,2397.013
2017-05-28 18:06:54.95,-726.082,2820.702,2393.162
2017-05-28 18:06:59.94,-725.673,2820.497,2394.363
2017-05-28 18:07:04.93,-725.028,2822.102,2393.806
2017-05-28 18:07:09.92,-727.579,2824.576,2398.423
2017-05-28 18:07:14.91,-725.155,2826.432,2399.023
2017-05-28 18:07:19.90,-726.194,2824.266,2400.515
2017-05-28 18:07:24.89,-731.002,2821.968,2397.355
2017-05-28 18:07:29.89,-728.805,2822.322,2398.415
2017-05-28 18:07:34.88,-725.464,2823.652,2398.766
2017-05-28 18:07:39.87,-724.954,2826.899,2397.828
2017-05-28 18:07:44.86,-724.005,2824.677,2400.881
2017-05-28 18:07:49.85,-728.511,2823.054,2398.415
2017-05-28 18:07:54.84,-724.666,2825.102,2398.495
2017-05-28 18:07:59.83,-726.095,2822.312,2400.309
2017-05-28 18:08:04.82,-728.990,2823.905,2396.522
2017-05-28 18:08:09.82,-729.161,2823.005,2396.345
2017-05-28 18:08:14.81,-728.263,2823.297,2397.787
2017-05-28 18:08:19.80,-731.249,2819.490,2401.876
2017-05-28 18:08:24.79,-728.316,2821.493,2402.505
2017-05-28 18:08:29.78,-730.049,2821.263,2399.831
2017-05-28 18:08:34.77,-724.958,2825.632,2396.248
2017-05-28 18:08:39.76,-727.867,2824.362,2397.023
2017-05-28 18:08:44.75,-729.075,2824.288,2397.125
2017-05-28 18:08:49.75,-726.977,2825.099,2399.086
2017-05-28 18:08:54.74,-728.781,2824.578,2398.919
2017-05-28 18:08:59.73,-729.702,2823.752,2398.305
2017-05-28 18:09:04.72,-731.626,2824.234,2398.156
2017-05-28 18:09:09.71,-729.925,2825.148,2396.132
2017-05-28 18:09:14.70,-729.129,2825.691,2394.952
2017-05-28 18:09:19.69,-731.972,2825.664,2397.723
2017-05-28 18:09:24.68,-733.509,2824.968,2399.955
2017-05-28 18:09:29.68,-729.936,2827.481,2402.434
2017-05-28 18:09:34.67,-728.711,2827.498,2399.895
2017-05-28 18:09:39.66,-728.554,2825.194,2398.782
2017-05-28 18:09:44.65,-733.227,2823.756,2399.102
2017-05-28 18:09:49.64,-731.082,2824.722,2396.869
2017-05-28 18:09:54.65,-727.410,2827.038,2399.974
2017-05-28 18:09:59.64,-729.249,2824.500,2396.816
2017-05-28 18:10:04.63,-728.789,2825.195,2399.853
2017-05-28 18:10:09.62,-728.305,2823.428,2402.084
2017-05-28 18:10:14.61,-726.621,2821.026,2401.108
2017-05-28 18:10:19.60,-725.038,2823.858,2402.370
2017-05-28 18:10:24.60,-727.479,2821.042,2404.400
2017-05-28 18:10:29.59,-727.459,2822.982,2401.606
2017-05-28 18:10:34.58,-727.129,2827.233,2401.549
2017-05-28 18:10:39.57,-730.144,2823.250,2403.060
2017-05-28 18:10:44.56,-730.618,2823.598,2402.272
2017-05-28 18:10:49.55,-734.725,2823.505,2401.750
2017-05-28 18:10:54.54,-730.119,2823.913,2400.458
2017-05-28 18:10:59.53,-729.008,2821.968,2401.733
2017-05-28 18:11:04.52,-727.315,2823.546,2401.002
2017-05-28 18:11:09.52,-726.626,2823.822,2399.243
2017-05-28 18:11:14.51,-727.331,2826.483,2397.704
2017-05-28 18:11:19.50,-725.215,2827.028,2401.999
2017-05-28 18:11:24.49,-728.890,2822.615,2403.370
2017-05-28 18:11:29.48,-730.745,2821.757,2401.269
2017-05-28 18:11:34.47,-728.159,2824.419,2400.436
2017-05-28 18:11:39.46,-729.938,2824.187,2401.250
2017-05-28 18:11:44.45,-728.723,2823.644,2399.908
2017-05-28 18:11:49.45,-731.966,2822.564,2402.299
2017-05-28 18:11:54.44,-730.758,2822.913,2402.555
2017-05-28 18:11:59.43,-731.002,2825.534,2400.241
2017-05-28 18:12:04.42,-730.903,2824.046,2399.464
2017-05-28 18:12:09.41,-730.583,2823.318,2403.248
2017-05-28 18:12:14.40,-732.422,2822.211,2396.355
2017-05-28 18:12:19.39,-731.681,2824.007,2400.556
2017-05-28 18:12:24.38,-732.858,2822.834,2400.032
2017-05-28 18:12:29.38,-732.055,2823.243,2401.619
2017-05-28 18:12:34.37,-731.521,2825.842,2399.870
2017-05-28 18:12:39.36,-729.753,2826.467,2403.588
2017-05-28 18:12:44.35,-731.982,2826.972,2402.894
2017-05-28 18:12:49.34,-735.022,2826.090,2399.392
2017-05-28 18:12:54.33,-733.120,2826.721,2398.322
2017-05-28 18:12:59.32,-731.501,2825.462,2399.726
2017-05-28 18:13:04.31,-732.638,2824.211,2402.573
2017-05-28 18:13:09.30,-735.884,2821.020,2403.774
2017-05-28 18:13:14.30,-734.019,2820.535,2402.598
2017-05-28 18:13:19.27,-734.591,2821.989,2400.868
2017-05-28 18:13:24.28,-734.521,2822.571,2403.536
2017-05-28 18:13:29.25,-732.382,2822.103,2400.151
2017-05-28 18:13:34.26,-730.501,2822.132,2401.740
2017-05-28 18:13:39.24,-731.182,2819.822,2399.947
2017-05-28 18:13:44.24,-731.371,2821.649,2402.409
2017-05-28 18:13:49.23,-734.734,2819.891,2401.802
2017-05-28 18:13:54.23,-732.976,2821.032,2400.419
2017-05-28 18:13:59.22,-732.675,2821.535,2399.353
2017-05-28 18:14:04.21,-735.074,2819.266,2400.879
2017-05-28 18:14:09.20,-732.568,2819.805,2401.118
2017-05-28 18:14:14.19,-732.926,2819.876,2402.148
2017-05-28 18:14:19.18,-733.414,2817.896,2403.063
2017-05-28 18:14:24.17,-737.605,2818.268,2400.563
2017-05-28 18:14:29.16,-737.782,2818.396,2402.005
2017-05-28 18:14:34.16,-737.520,2816.607,2399.729
2017-05-28 18:14:39.15,-737.819,2816.327,2402.496
2017-05-28 18:14:44.14,-736.285,2817.646,2400.784
2017-05-28 18:14:49.13,-735.633,2820.556,2398.344
2017-05-28 18:14:54.12,-733.817,2818.629,2400.179
2017-05-28 18:14:59.11,-735.264,2818.621,2401.925
2017-05-28 18:15:04.10,-735.189,2817.832,2399.997
2017-05-28 18:15:09.09,-732.871,2820.212,2402.166
2017-05-28 18:15:14.09,-731.086,2821.198,2403.654
2017-05-28 18:15:19.08,-732.216,2820.766,2403.199
2017-05-28 18:15:24.07,-731.601,2820.568,2402.931
2017-05-28 18:15:29.06,-733.557,2819.407,2397.580
2017-05-28 18:15:34.05,-732.071,2819.572,2396.984
2017-05-28 18:15:39.04,-733.744,2820.793,2398.495
2017-05-28 18:15:44.03,-734.509,2819.679,2401.529
2017-05-28 18:15:49.02,-731.552,2820.335,2400.453
2017-05-28 18:15:54.02,-732.128,2820.134,2398.719
2017-05-28 18:15:59.01,-731.419,2822.829,2401.235
2017-05-28 18:16:04.00,-732.463,2821.941,2398.538
2017-05-28 18:16:08.99,-734.569,2821.928,2400.553
2017-05-28 18:16:13.98,-734.093,2823.291,2399.322
2017-05-28 18:16:18.97,-734.135,2824.189,2402.208
2017-05-28 18:16:23.96,-731.998,2824.840,2398.310
2017-05-28 18:16:28.95,-730.219,2822.943,2398.705
2017-05-28 18:16:33.94,-735.448,2820.202,2400.372
2017-05-28 18:16:38.94,-733.558,2821.262,2397.708
2017-05-28 18:16:43.93,-734.812,2821.649,2393.063
2017-05-28 18:16:48.92,-733.585,2821.094,2394.968
2017-05-28 18:16:53.91,-731.656,2822.077,2395.329
2017-05-28 18:16:58.90,-731.675,2820.308,2392.219
2017-05-28 18:17:03.89,-731.416,2820.543,2395.619
2017-05-28 18:17:08.90,-729.924,2821.312,2397.281
2017-05-28 18:17:13.89,-733.315,2820.971,2394.152
2017-05-28 18:17:18.88,-734.205,2820.139,2395.287
2017-05-28 18:17:23.87,-735.028,2821.596,2399.642
2017-05-28 18:17:28.86,-732.792,2820.318,2398.112
2017-05-28 18:17:33.86,-732.647,2818.438,2394.153
2017-05-28 18:17:38.85,-732.528,2818.144,2399.635
2017-05-28 18:17:43.84,-734.546,2817.270,2395.562
2017-05-28 18:17:48.83,-731.534,2821.728,2395.113
2017-05-28 18:17:53.82,-732.306,2820.442,2395.038
2017-05-28 18:17:58.81,-731.929,2820.348,2395.849
2017-05-28 18:18:03.80,-735.690,2821.459,2398.972
2017-05-28 18:18:08.79,-737.073,2819.629,2398.831
2017-05-28 18:18:13.79,-740.015,2818.619,2399.070
2017-05-28 18:18:18.78,-734.379,2819.836,2396.430
2017-05-28 18:18:23.77,-732.814,2819.301,2398.799
2017-05-28 18:18:28.76,-733.910,2819.361,2399.927
2017-05-28 18:18:33.75,-733.392,2819.736,2400.411
2017-05-28 18:18:38.74,-732.775,2821.829,2403.655
2017-05-28 18:18:43.73,-732.530,2821.356,2402.533
2017-05-28 18:18:48.72,-732.612,2821.331,2399.203
2017-05-28 18:18:53.72,-734.688,2818.896,2401.989
2017-05-28 18:18:58.71,-734.995,2819.369,2398.802
2017-05-28 18:19:03.70,-733.814,2819.488,2402.684
2017-05-28 18:19:08.69,-734.559,2818.414,2399.579
2017-05-28 18:19:13.68,-733.920,2818.682,2400.017
2017-05-28 18:19:18.67,-733.721,2818.979,2392.398
2017-05-28 18:19:23.66,-734.305,2817.041,2400.510
2017-05-28 18:19:28.65,-737.480,2817.665,2401.134
2017-05-28 18:19:33.64,-736.398,2818.369,2400.149
2017-05-28 18:19:38.64,-733.532,2816.673,2396.257
2017-05-28 18:19:43.63,-732.505,2815.927,2399.293
2017-05-28 18:19:48.62,-730.575,2817.772,2401.630
2017-05-28 18:19:53.61,-731.586,2816.056,2400.104
2017-05-28 18:19:58.60,-730.758,2813.861,2404.062
2017-05-28 18:20:03.59,-734.169,2815.420,2399.475
2017-05-28 18:20:08.58,-736.244,2814.975,2398.679
2017-05-28 18:20:13.57,-732.641,2819.552,2398.501
2017-05-28 18:20:18.56,-736.118,2815.263,2397.343
2017-05-28 18:20:23.56,-731.257,2818.305,2396.794
2017-05-28 18:20:28.55,-731.406,2817.957,2396.836
2017-05-28 18:20:33.54,-735.324,2816.655,2396.505
2017-05-28 18:20:38.55,-733.639,2818.188,2398.568
2017-05-28 18:20:43.54,-734.333,2817.435,2397.768
2017-05-28 18:20:48.53,-731.148,2817.707,2401.272
2017-05-28 18:20:53.52,-731.785,2818.926,2399.548
2017-05-28 18:20:58.51,-729.893,2821.370,2400.088
2017-05-28 18:21:03.50,-732.228,2818.632,2398.229
2017-05-28 18:21:08.49,-732.223,2819.785,2396.591
2017-05-28 18:21:13.48,-734.445,2819.311,2396.485
2017-05-28 18:21:18.48,-733.426,2819.170,2393.881
2017-05-28 18:21:23.47,-734.756,2818.465,2398.934
2017-05-28 18:21:28.46,-734.652,2819.207,2394.343
2017-05-28 18:21:33.45,-734.459,2819.264,2393.962
2017-05-28 18:21:38.44,-734.036,2818.704,2391.499
2017-05-28 18:21:43.43,-732.292,2819.900,2387.854
2017-05-28 18:21:48.42,-732.584,2821.894,2389.291
2017-05-28 18:21:53.41,-735.572,2819.900,2389.569
2017-05-28 18:21:58.41,-732.011,2817.946,2393.275
2017-05-28 18:22:03.40,-733.478,2819.316,2391.454
2017-05-28 18:22:08.39,-734.946,2818.914,2390.366
2017-05-28 18:22:13.38,-733.958,2818.430,2390.812
2017-05-28 18:22:18.37,-732.755,2819.768,2392.388
2017-05-28 18:22:23.36,-733.801,2820.331,2393.418
2017-05-28 18:22:28.35,-738.376,2818.479,2393.635
2017-05-28 18:22:33.36,-734.927,2818.202,2392.078
2017-05-28 18:22:38.35,-737.081,2817.562,2390.618
2017-05-28 18:22:43.34,-735.326,2818.681,2389.608
2017-05-28 18:22:48.33,-735.556,2817.858,2389.198
2017-05-28 18:22:53.32,-734.422,2821.040,2392.632
2017-05-28 18:22:58.32,-737.110,2821.171,2392.444
2017-05-28 18:23:03.31,-737.016,2820.671,2394.084
2017-05-28 18:23:08.30,-736.990,2821.659,2395.961
2017-05-28 18:23:13.29,-737.919,2817.992,2391.041
2017-05-28 18:23:18.28,-738.153,2819.025,2390.747
2017-05-28 18:23:23.27,-738.288,2817.537,2392.656
2017-05-28 18:23:28.26,-737.624,2819.186,2391.423
2017-05-28 18:23:33.25,-737.164,2821.083,2390.306
2017-05-28 18:23:38.25,-738.771,2817.713,2390.825
2017-05-28 18:23:43.24,-740.211,2817.333,2392.604
2017-05-28 18:23:48.23,-739.329,2816.704,2392.489
2017-05-28 18:23:53.22,-737.354,2821.313,2393.927
2017-05-28 18:23:58.21,-738.223,2821.111,2389.739
2017-05-28 18:24:03.20,-737.709,2820.545,2390.068
2017-05-28 18:24:08.19,-736.623,2821.465,2391.533
2017-05-28 18:24:13.18,-740.955,2818.598,2392.138
2017-05-28 18:24:18.17,-740.504,2817.582,2389.068
2017-05-28 18:24:23.17,-740.153,2819.569,2392.464
2017-05-28 18:24:28.16,-740.352,2819.163,2389.835
2017-05-28 18:24:33.15,-738.559,2819.783,2393.478
2017-05-28 18:24:38.14,-737.446,2817.485,2396.562
2017-05-28 18:24:43.13,-739.672,2818.901,2395.707
2017-05-28 18:24:48.12,-738.069,2820.522,2395.342
2017-05-28 18:24:53.11,-740.358,2818.212,2392.898
2017-05-28 18:24:58.10,-739.702,2820.221,2391.085
2017-05-28 18:25:03.10,-742.290,2818.523,2392.477
2017-05-28 18:25:08.09,-740.695,2820.740,2396.915
2017-05-28 18:25:13.08,-739.568,2819.902,2396.541
2017-05-28 18:25:18.07,-741.031,2815.954,2397.594
2017-05-28 18:25:23.06,-745.809,2815.500,2397.048
2017-05-28 18:25:28.05,-743.015,2814.814,2397.398
2017-05-28 18:25:33.04,-742.899,2814.737,2394.792
2017-05-28 18:25:38.03,-742.570,2816.775,2399.416
2017-05-28 18:25:43.02,-742.258,2816.531,2399.665
2017-05-28 18:25:48.02,-740.315,2816.598,2400.334
2017-05-28 18:25:53.01,-739.541,2817.709,2398.670
2017-05-28 18:25:58.00,-737.404,2818.967,2398.812
2017-05-28 18:26:02.99,-739.634,2816.811,2400.583
2017-05-28 18:26:08.00,-741.787,2815.927,2401.922
2017-05-28 18:26:12.99,-741.544,2816.412,2398.756
2017-05-28 18:26:17.98,-741.861,2817.970,2397.782
2017-05-28 18:26:22.97,-742.407,2817.812,2398.199
2017-05-28 18:26:27.96,-740.965,2817.881,2397.000
2017-05-28 18:26:32.95,-741.308,2818.995,2396.004
2017-05-28 18:26:37.94,-741.301,2818.526,2401.546
2017-05-28 18:26:42.94,-741.623,2818.900,2400.064
2017-05-28 18:26:47.93,-742.785,2817.490,2397.241
2017-05-28 18:26:52.92,-741.633,2817.182,2397.394
2017-05-28 18:26:57.91,-746.699,2819.058,2398.682
2017-05-28 18:27:02.90,-742.885,2818.191,2401.062
2017-05-28 18:27:07.89,-743.501,2816.749,2400.490
2017-05-28 18:27:12.88,-744.351,2816.055,2400.213
2017-05-28 18:27:17.87,-742.688,2819.452,2398.657
2017-05-28 18:27:22.87,-741.976,2818.548,2396.242
2017-05-28 18:27:27.86,-745.519,2815.591,2397.202
2017-05-28 18:27:32.85,-743.994,2815.126,2397.243
2017-05-28 18:27:37.84,-741.219,2819.124,2394.574
2017-05-28 18:27:42.83,-740.607,2818.273,2390.077
2017-05-28 18:27:47.82,-743.441,2815.953,2393.187
2017-05-28 18:27:52.81,-744.341,2817.392,2397.062
2017-05-28 18:27:57.80,-742.256,2818.587,2401.321
2017-05-28 18:28:02.79,-741.800,2818.181,2398.351
2017-05-28 18:28:07.79,-741.663,2814.715,2395.616
2017-05-28 18:28:12.78,-743.199,2815.568,2397.896
2017-05-28 18:28:17.77,-739.276,2819.308,2394.979
2017-05-28 18:28:22.76,-740.124,2818.538,2394.942
2017-05-28 18:28:27.75,-742.816,2819.328,2395.199
2017-05-28 18:28:32.74,-741.689,2818.384,2397.114
2017-05-28 18:28:37.73,-741.681,2818.639,2399.321
2017-05-28 18:28:42.72,-745.451,2818.425,2400.644
2017-05-28 18:28:47.72,-743.057,2820.648,2398.303
2017-05-28 18:28:52.71,-745.337,2820.889,2397.190
2017-05-28 18:28:57.70,-742.480,2821.003,2399.687
2017-05-28 18:29:02.69,-745.474,2817.869,2397.974
2017-05-28 18:29:07.68,-742.941,2816.487,2398.228
2017-05-28 18:29:12.67,-744.527,2816.885,2398.500
2017-05-28 18:29:17.66,-743.928,2817.951,2396.803
2017-05-28 18:29:22.65,-742.029,2818.028,2396.662
2017-05-28 18:29:27.65,-742.485,2813.685,2395.871
2017-05-28 18:29:32.64,-743.996,2811.856,2396.540
2017-05-28 18:29:37.63,-739.966,2814.122,2397.215
2017-05-28 18:29:42.62,-742.013,2814.345,2397.496
2017-05-28 18:29:47.61,-743.295,2813.225,2397.218
2017-05-28 18:29:52.60,-741.615,2812.850,2395.554
2017-05-28 18:29:57.59,-739.998,2815.578,2393.315
2017-05-28 18:30:02.58,-741.249,2814.083,2395.224
2017-05-28 18:30:07.59,-741.186,2816.260,2398.835
2017-05-28 18:30:12.58,-741.538,2816.816,2400.701
2017-05-28 18:30:17.57,-741.410,2817.361,2397.727
2017-05-28 18:30:22.56,-741.799,2816.878,2398.061
2017-05-28 18:30:27.56,-744.783,2816.678,2398.763
2017-05-28 18:30:32.55,-741.224,2817.352,2396.738
2017-05-28 18:30:37.54,-743.969,2815.052,2396.825
2017-05-28 18:30:42.53,-743.700,2815.438,2398.294
2017-05-28 18:30:47.52,-743.237,2817.728,2401.625
2017-05-28 18:30:52.51,-739.671,2816.414,2399.500
2017-05-28 18:30:57.50,-743.361,2815.249,2399.982
2017-05-28 18:31:02.49,-745.015,2815.471,2402.629
2017-05-28 18:31:07.48,-742.581,2815.195,2400.175
2017-05-28 18:31:12.48,-745.691,2816.177,2400.781
2017-05-28 18:31:17.47,-743.452,2817.418,2401.383
2017-05-28 18:31:22.46,-741.704,2817.656,2400.063
2017-05-28 18:31:27.45,-742.444,2817.428,2398.104
2017-05-28 18:31:32.44,-741.798,2816.573,2396.295
2017-05-28 18:31:37.43,-742.728,2816.882,2396.019
2017-05-28 18:31:42.42,-743.658,2819.560,2394.706
2017-05-28 18:31:47.42,-741.875,2819.179,2394.191
2017-05-28 18:31:52.41,-743.565,2818.628,2393.777
2017-05-28 18:31:57.40,-742.117,2819.878,2395.587
2017-05-28 18:32:02.39,-740.826,2818.642,2395.695
2017-05-28 18:32:07.38,-743.111,2818.996,2398.487
2017-05-28 18:32:12.37,-745.592,2820.458,2400.392
2017-05-28 18:32:17.36,-744.049,2822.346,2398.646
2017-05-28 18:32:22.35,-744.839,2821.015,2398.960
2017-05-28 18:32:27.34,-745.991,2821.507,2399.052
2017-05-28 18:32:32.34,-750.058,2817.868,2401.380
2017-05-28 18:32:37.33,-748.875,2819.498,2404.757
2017-05-28 18:32:42.32,-746.184,2820.085,2402.014
2017-05-28 18:32:47.31,-746.456,2820.702,2401.689
2017-05-28 18:32:52.30,-743.521,2823.305,2400.695
2017-05-28 18:32:57.29,-745.116,2820.010,2403.742
2017-05-28 18:33:02.28,-746.538,2819.480,2402.234
2017-05-28 18:33:07.27,-744.554,2820.868,2401.472
2017-05-28 18:33:12.27,-743.631,2817.998,2399.844
2017-05-28 18:33:17.26,-743.200,2817.174,2399.361
2017-05-28 18:33:22.25,-745.648,2819.750,2399.372
2017-05-28 18:33:27.24,-747.631,2820.676,2402.479
2017-05-28 18:33:32.23,-749.371,2818.526,2400.868
2017-05-28 18:33:37.22,-746.124,2822.322,2400.242
2017-05-28 18:33:42.21,-747.584,2821.815,2396.977
2017-05-28 18:33:47.20,-748.130,2822.784,2400.071
2017-05-28 18:33:52.19,-747.614,2820.449,2396.953
2017-05-28 18:33:57.19,-747.774,2818.178,2396.139
2017-05-28 18:34:02.18,-749.111,2817.646,2393.212
2017-05-28 18:34:07.17,-749.781,2817.762,2395.176
2017-05-28 18:34:12.16,-747.198,2816.536,2393.262
2017-05-28 18:34:17.17,-746.441,2817.115,2395.750
2017-05-28 18:34:22.16,-748.775,2815.679,2398.239
2017-05-28 18:34:27.15,-747.981,2816.252,2394.760
2017-05-28 18:34:32.14,-747.728,2816.851,2395.880
2017-05-28 18:34:37.13,-746.442,2815.831,2396.561
2017-05-28 18:34:42.12,-745.128,2819.708,2398.464
2017-05-28 18:34:47.11,-745.264,2816.260,2398.381
2017-05-28 18:34:52.11,-745.913,2815.613,2395.053
2017-05-28 18:34:57.10,-748.256,2813.980,2397.873
2017-05-28 18:35:02.09,-747.909,2813.992,2398.075
2017-05-28 18:35:07.08,-747.894,2815.167,2396.873
2017-05-28 18:35:12.07,-747.391,2812.033,2394.945
2017-05-28 18:35:17.06,-751.051,2813.590,2393.631
2017-05-28 18:35:22.05,-748.763,2816.588,2397.083
2017-05-28 18:35:27.04,-746.256,2817.342,2396.405
2017-05-28 18:35:32.03,-747.239,2817.275,2392.280
2017-05-28 18:35:37.03,-747.105,2817.710,2393.486
2017-05-28 18:35:42.02,-748.431,2814.763,2397.135
2017-05-28 18:35:47.01,-749.712,2814.340,2396.758
2017-05-28 18:35:52.00,-747.727,2813.630,2394.748
2017-05-28 18:35:56.99,-749.858,2814.966,2398.303
2017-05-28 18:36:01.98,-747.374,2817.293,2394.302
2017-05-28 18:36:06.97,-747.764,2814.832,2395.028
2017-05-28 18:36:11.96,-746.407,2816.593,2394.234
2017-05-28 18:36:16.96,-749.160,2817.245,2392.912
2017-05-28 18:36:21.95,-753.758,2817.720,2397.858
2017-05-28 18:36:26.94,-751.928,2816.205,2393.948
2017-05-28 18:36:31.93,-750.785,2816.425,2391.218
2017-05-28 18:36:36.92,-751.910,2818.712,2393.128
2017-05-28 18:36:41.91,-750.189,2820.684,2392.892
2017-05-28 18:36:46.90,-750.498,2819.285,2394.174
2017-05-28 18:36:51.89,-748.944,2819.987,2395.199
2017-05-28 18:36:56.89,-753.185,2816.500,2395.914
2017-05-28 18:37:01.89,-753.555,2815.569,2395.773
2017-05-28 18:37:06.88,-751.135,2816.013,2394.572
2017-05-28 18:37:11.87,-750.656,2814.570,2395.437
2017-05-28 18:37:16.87,-749.184,2817.093,2395.772
2017-05-28 18:37:21.86,-746.877,2818.048,2397.311
2017-05-28 18:37:26.85,-745.738,2818.849,2399.108
2017-05-28 18:37:31.84,-742.662,2817.850,2393.250
2017-05-28 18:37:36.83,-748.359,2816.479,2393.743
2017-05-28 18:37:41.82,-746.199,2817.951,2394.166
2017-05-28 18:37:46.81,-745.707,2818.944,2395.121
2017-05-28 18:37:51.80,-742.887,2818.408,2399.276
2017-05-28 18:37:56.80,-744.072,2817.400,2398.135
2017-05-28 18:38:01.79,-747.022,2815.198,2400.373
2017-05-28 18:38:06.78,-747.174,2817.279,2398.871
2017-05-28 18:38:11.77,-747.497,2816.954,2395.883
2017-05-28 18:38:16.76,-748.068,2816.354,2398.400
2017-05-28 18:38:21.75,-749.913,2815.453,2402.432
2017-05-28 18:38:26.74,-746.936,2815.584,2402.077
2017-05-28 18:38:31.73,-746.601,2816.121,2400.529
2017-05-28 18:38:36.73,-746.256,2816.694,2400.582
2017-05-28 18:38:41.72,-746.612,2818.895,2399.854
2017-05-28 18:38:46.71,-745.484,2818.260,2400.205
2017-05-28 18:38:51.70,-745.384,2816.270,2403.092
2017-05-28 18:38:56.69,-751.897,2815.672,2401.172
2017-05-28 18:39:01.68,-749.785,2819.345,2404.368
2017-05-28 18:39:06.67,-747.535,2819.529,2400.949
2017-05-28 18:39:11.66,-748.366,2816.735,2396.510
2017-05-28 18:39:16.65,-747.682,2816.962,2399.595
2017-05-28 18:39:21.65,-744.824,2817.093,2399.466
2017-05-28 18:39:26.64,-746.675,2816.939,2396.408
2017-05-28 18:39:31.63,-747.379,2815.743,2399.490
2017-05-28 18:39:36.62,-745.041,2817.139,2398.252
2017-05-28 18:39:41.61,-746.277,2817.228,2397.946
2017-05-28 18:39:46.62,-744.114,2815.710,2400.686
2017-05-28 18:39:51.61,-747.022,2814.467,2399.254
2017-05-28 18:39:56.60,-745.748,2817.553,2396.778
2017-05-28 18:40:01.59,-745.811,2815.272,2394.586
2017-05-28 18:40:06.58,-748.222,2815.192,2397.864
2017-05-28 18:40:11.57,-744.813,2816.932,2399.382
2017-05-28 18:40:16.57,-745.011,2817.166,2398.484
2017-05-28 18:40:21.56,-743.672,2818.720,2399.899
2017-05-28 18:40:26.55,-742.074,2819.121,2400.148
2017-05-28 18:40:31.54,-740.894,2819.558,2397.431
2017-05-28 18:40:36.53,-741.773,2817.830,2398.975
2017-05-28 18:40:41.52,-744.860,2815.614,2399.123
2017-05-28 18:40:46.51,-743.796,2814.378,2398.719
2017-05-28 18:40:51.50,-743.681,2816.843,2400.539
2017-05-28 18:40:56.49,-742.711,2814.832,2400.243
2017-05-28 18:41:01.49,-745.152,2813.245,2397.757
2017-05-28 18:41:06.48,-743.092,2813.741,2400.566
2017-05-28 18:41:11.47,-744.681,2813.598,2398.812
2017-05-28 18:41:16.46,-744.082,2816.423,2397.598
2017-05-28 18:41:21.45,-749.943,2813.768,2397.265
2017-05-28 18:41:26.44,-748.599,2814.133,2396.524
2017-05-28 18:41:31.43,-748.026,2816.219,2398.926
2017-05-28 18:41:36.42,-746.646,2816.372,2401.390
2017-05-28 18:41:41.42,-744.533,2818.218,2398.612
2017-05-28 18:41:46.41,-745.583,2815.934,2398.836
2017-05-28 18:41:51.40,-746.428,2817.695,2396.320
2017-05-28 18:41:56.39,-743.861,2817.439,2398.358
2017-05-28 18:42:01.38,-746.908,2813.124,2399.121
2017-05-28 18:42:06.37,-747.708,2815.422,2398.879
2017-05-28 18:42:11.36,-743.226,2816.386,2400.954
2017-05-28 18:42:16.35,-746.001,2814.077,2399.051
2017-05-28 18:42:21.34,-740.949,2816.107,2398.139
2017-05-28 18:42:26.34,-740.946,2817.572,2395.672
2017-05-28 18:42:31.33,-740.781,2816.870,2396.040
2017-05-28 18:42:36.32,-745.266,2814.290,2395.274
2017-05-28 18:42:41.31,-742.501,2816.637,2398.515
2017-05-28 18:42:46.30,-741.511,2815.866,2397.734
2017-05-28 18:42:51.29,-741.337,2815.399,2395.807
2017-05-28 18:42:56.28,-743.385,2815.822,2396.155
2017-05-28 18:43:01.27,-744.441,2815.382,2395.509
2017-05-28 18:43:06.27,-741.694,2813.753,2396.959
2017-05-28 18:43:11.26,-742.789,2813.998,2396.624
2017-05-28 18:43:16.25,-742.849,2813.831,2396.488
2017-05-28 18:43:21.24,-744.358,2813.278,2397.179
2017-05-28 18:43:26.23,-743.301,2812.579,2395.388
2017-05-28 18:43:31.22,-743.988,2813.475,2401.311
2017-05-28 18:43:36.21,-746.968,2811.823,2400.717
2017-05-28 18:43:41.20,-744.545,2810.638,2397.379
2017-05-28 18:43:46.20,-744.685,2812.068,2399.293
2017-05-28 18:43:51.20,-745.486,2810.736,2398.382
2017-05-28 18:43:56.19,-748.170,2812.439,2399.648
2017-05-28 18:44:01.18,-746.580,2811.221,2400.726
2017-05-28 18:44:06.18,-747.135,2811.785,2401.998
2017-05-28 18:44:11.17,-746.839,2814.740,2398.078
2017-05-28 18:44:16.16,-747.409,2812.992,2400.558
2017-05-28 18:44:21.15,-747.122,2814.214,2397.345
2017-05-28 18:44:26.14,-749.470,2813.881,2395.462
2017-05-28 18:44:31.13,-745.926,2813.745,2395.562
2017-05-28 18:44:36.12,-747.435,2812.048,2396.911
2017-05-28 18:44:41.11,-748.652,2810.039,2400.621
2017-05-28 18:44:46.11,-749.412,2811.260,2399.811
2017-05-28 18:44:51.10,-750.603,2812.795,2400.958
2017-05-28 18:44:56.09,-753.741,2811.128,2400.121
2017-05-28 18:45:01.08,-749.992,2812.090,2398.169
2017-05-28 18:45:06.07,-752.674,2809.572,2397.935
2017-05-28 18:45:11.06,-751.206,2808.534,2397.828
2017-05-28 18:45:16.05,-752.073,2810.466,2397.915
2017-05-28 18:45:21.04,-747.529,2809.192,2397.619
2017-05-28 18:45:26.04,-745.566,2810.601,2397.574
2017-05-28 18:45:31.03,-753.310,2809.893,2399.704
2017-05-28 18:45:36.02,-747.822,2813.343,2398.028
2017-05-28 18:45:41.01,-745.204,2812.267,2395.727
2017-05-28 18:45:46.00,-750.538,2811.527,2395.675
2017-05-28 18:45:50.99,-749.851,2812.631,2397.783
2017-05-28 18:45:55.98,-753.816,2811.980,2399.743
2017-05-28 18:46:00.97,-751.432,2810.716,2398.498
2017-05-28 18:46:05.97,-752.229,2811.512,2395.167
2017-05-28 18:46:10.96,-754.340,2814.089,2400.161
2017-05-28 18:46:15.95,-753.719,2815.392,2396.323
2017-05-28 18:46:20.94,-749.927,2814.678,2396.572
2017-05-28 18:46:25.93,-748.286,2814.237,2397.931
2017-05-28 18:46:30.92,-748.283,2813.394,2394.035
2017-05-28 18:46:35.91,-747.093,2815.317,2396.219
2017-05-28 18:46:40.90,-748.215,2816.310,2395.647
2017-05-28 18:46:45.89,-744.897,2818.425,2397.534
2017-05-28 18:46:50.89,-745.037,2820.044,2397.995
2017-05-28 18:46:55.88,-747.146,2814.848,2402.143
2017-05-28 18:47:00.87,-746.866,2816.638,2396.583
2017-05-28 18:47:05.86,-747.339,2814.399,2399.947
2017-05-28 18:47:10.85,-748.662,2813.680,2400.303
2017-05-28 18:47:15.84,-747.535,2812.824,2400.789
2017-05-28 18:47:20.83,-748.028,2813.358,2396.703
2017-05-28 18:47:25.82,-751.497,2810.507,2400.154
2017-05-28 18:47:30.82,-750.425,2810.435,2398.485
2017-05-28 18:47:35.81,-747.866,2812.814,2396.727
2017-05-28 18:47:40.80,-750.381,2812.323,2396.891
2017-05-28 18:47:45.80,-745.835,2812.645,2398.083
2017-05-28 18:47:50.80,-747.192,2813.776,2396.750
2017-05-28 18:47:55.79,-748.565,2814.343,2397.648
2017-05-28 18:48:00.78,-753.269,2812.339,2395.260
2017-05-28 18:48:05.77,-752.095,2811.592,2395.631
2017-05-28 18:48:10.76,-748.266,2811.828,2395.854
2017-05-28 18:48:15.75,-748.643,2810.738,2394.308
2017-05-28 18:48:20.74,-748.023,2810.191,2397.779
2017-05-28 18:48:25.73,-749.896,2810.673,2400.887
2017-05-28 18:48:30.73,-748.343,2811.608,2399.707
2017-05-28 18:48:35.72,-745.369,2812.614,2399.839
2017-05-28 18:48:40.71,-747.579,2812.676,2399.169
2017-05-28 18:48:45.70,-751.772,2811.455,2397.581
2017-05-28 18:48:50.69,-750.745,2812.043,2397.646
2017-05-28 18:48:55.68,-752.628,2810.281,2396.553
2017-05-28 18:49:00.67,-749.732,2809.044,2393.200
2017-05-28 18:49:05.66,-749.507,2808.956,2398.480
2017-05-28 18:49:10.66,-751.751,2808.117,2398.407
2017-05-28 18:49:15.65,-751.406,2806.717,2397.829
2017-05-28 18:49:20.64,-748.908,2807.857,2398.525
2017-05-28 18:49:25.63,-750.296,2808.060,2398.625
2017-05-28 18:49:30.62,-755.341,2806.798,2402.025
2017-05-28 18:49:35.61,-754.567,2807.927,2398.717
2017-05-28 18:49:40.60,-754.455,2808.833,2399.270
2017-05-28 18:49:45.59,-752.704,2809.727,2402.329
2017-05-28 18:49:50.58,-753.677,2811.741,2397.652
2017-05-28 18:49:55.58,-751.359,2812.586,2396.026
2017-05-28 18:50:00.57,-748.705,2812.007,2392.978
2017-05-28 18:50:05.56,-749.721,2810.140,2398.048
2017-05-28 18:50:10.55,-749.976,2809.223,2396.548
2017-05-28 18:50:15.54,-747.664,2809.823,2398.682
2017-05-28 18:50:20.53,-748.462,2811.316,2397.182
2017-05-28 18:50:25.52,-749.207,2812.419,2396.850
2017-05-28 18:50:30.51,-748.550,2813.056,2397.673
2017-05-28 18:50:35.51,-755.866,2811.211,2396.724
2017-05-28 18:50:40.50,-753.966,2812.630,2394.941
2017-05-28 18:50:45.49,-754.298,2812.138,2396.223
2017-05-28 18:50:50.48,-752.022,2812.542,2396.117
2017-05-28 18:50:55.47,-752.137,2814.031,2397.928
2017-05-28 18:51:00.46,-751.477,2812.247,2398.109
2017-05-28 18:51:05.45,-752.389,2809.655,2397.129
2017-05-28 18:51:10.44,-749.794,2810.870,2392.792
2017-05-28 18:51:15.45,-751.834,2810.288,2392.699
2017-05-28 18:51:20.44,-754.159,2811.796,2396.122
2017-05-28 18:51:25.43,-753.435,2812.952,2396.199
2017-05-28 18:51:30.42,-756.266,2810.875,2398.646
2017-05-28 18:51:35.42,-752.071,2812.821,2399.201
2017-05-28 18:51:40.41,-752.653,2812.397,2397.792
2017-05-28 18:51:45.40,-754.126,2811.465,2399.257
2017-05-28 18:51:50.39,-751.677,2812.797,2396.367
2017-05-28 18:51:55.38,-755.209,2811.121,2396.779
2017-05-28 18:52:00.37,-755.978,2810.235,2395.886
2017-05-28 18:52:05.36,-750.721,2811.252,2395.853
2017-05-28 18:52:10.35,-754.666,2809.225,2395.258
2017-05-28 18:52:15.35,-756.665,2808.101,2395.890
2017-05-28 18:52:20.34,-753.606,2811.950,2397.671
2017-05-28 18:52:25.33,-755.140,2809.260,2400.909
2017-05-28 18:52:30.32,-755.632,2808.187,2398.045
2017-05-28 18:52:35.31,-752.832,2810.366,2397.648
2017-05-28 18:52:40.30,-752.059,2812.340,2401.630
2017-05-28 18:52:45.29,-751.549,2814.197,2395.555
2017-05-28 18:52:50.28,-751.689,2810.505,2397.553
2017-05-28 18:52:55.28,-750.756,2812.748,2394.885
2017-05-28 18:53:00.27,-752.826,2813.305,2395.760
2017-05-28 18:53:05.26,-753.108,2810.641,2396.195
2017-05-28 18:53:10.25,-752.654,2809.234,2398.029
2017-05-28 18:53:15.24,-750.993,2812.457,2395.478
2017-05-28 18:53:20.23,-752.985,2810.986,2394.648
2017-05-28 18:53:25.22,-756.625,2808.196,2393.647
2017-05-28 18:53:30.21,-753.982,2809.702,2395.067
2017-05-28 18:53:35.20,-750.954,2811.762,2396.913
2017-05-28 18:53:40.20,-753.948,2806.987,2397.431
2017-05-28 18:53:45.19,-752.231,2805.792,2397.260
2017-05-28 18:53:50.18,-752.208,2807.380,2395.856
2017-05-28 18:53:55.17,-755.570,2805.551,2397.007
2017-05-28 18:54:00.16,-754.376,2807.755,2400.291
2017-05-28 18:54:05.15,-752.182,2808.781,2398.596
2017-05-28 18:54:10.14,-751.242,2811.469,2399.667
2017-05-28 18:54:15.13,-753.321,2809.505,2397.295
2017-05-28 18:54:20.13,-755.105,2808.978,2397.917
2017-05-28 18:54:25.12,-750.159,2810.888,2397.204
2017-05-28 18:54:30.11,-752.432,2810.522,2397.903
2017-05-28 18:54:35.10,-752.465,2810.669,2399.172
2017-05-28 18:54:40.09,-752.502,2810.246,2397.160
2017-05-28 18:54:45.08,-754.179,2812.162,2395.201
2017-05-28 18:54:50.07,-753.529,2810.194,2396.039
2017-05-28 18:54:55.06,-752.736,2811.428,2396.266
2017-05-28 18:55:00.07,-752.422,2810.919,2399.677
2017-05-28 18:55:05.06,-753.136,2810.308,2400.612
2017-05-28 18:55:10.05,-750.663,2812.668,2397.673
2017-05-28 18:55:15.04,-752.976,2811.985,2395.498
2017-05-28 18:55:20.04,-750.096,2813.787,2392.168
2017-05-28 18:55:25.03,-752.054,2813.153,2391.325
2017-05-28 18:55:30.02,-755.211,2812.187,2392.645
2017-05-28 18:55:35.01,-754.599,2810.091,2390.832
2017-05-28 18:55:40.00,-754.931,2811.226,2394.989
2017-05-28 18:55:44.99,-751.541,2811.141,2397.951
2017-05-28 18:55:49.98,-750.455,2811.425,2395.606
2017-05-28 18:55:54.97,-749.819,2811.781,2397.260
2017-05-28 18:55:59.97,-751.708,2809.750,2394.412
2017-05-28 18:56:04.96,-751.236,2812.099,2398.243
2017-05-28 18:56:09.95,-750.652,2812.653,2394.838
2017-05-28 18:56:14.94,-751.285,2811.066,2396.093
2017-05-28 18:56:19.93,-750.184,2811.411,2396.161
2017-05-28 18:56:24.92,-748.968,2810.339,2398.432
2017-05-28 18:56:29.91,-751.132,2810.168,2399.074
2017-05-28 18:56:34.90,-751.797,2809.682,2397.955
2017-05-28 18:56:39.89,-750.984,2809.718,2393.334
2017-05-28 18:56:44.89,-749.812,2810.599,2395.246
2017-05-28 18:56:49.88,-748.326,2807.905,2392.944
2017-05-28 18:56:54.87,-751.552,2809.464,2392.385
2017-05-28 18:56:59.86,-754.158,2806.485,2393.220
2017-05-28 18:57:04.85,-752.745,2809.526,2395.051
2017-05-28 18:57:09.84,-753.991,2809.092,2392.732
2017-05-28 18:57:14.83,-751.511,2808.287,2396.685
2017-05-28 18:57:19.82,-748.877,2808.576,2397.620
2017-05-28 18:57:24.82,-748.682,2812.074,2395.194
2017-05-28 18:57:29.81,-754.226,2809.964,2395.397
2017-05-28 18:57:34.80,-749.824,2811.070,2391.262
2017-05-28 18:57:39.79,-753.351,2809.756,2391.700
2017-05-28 18:57:44.78,-751.546,2812.951,2393.527
2017-05-28 18:57:49.77,-752.747,2811.954,2393.451
2017-05-28 18:57:54.76,-754.553,2810.095,2397.969
2017-05-28 18:57:59.77,-755.665,2809.283,2395.793
2017-05-28 18:58:04.76,-755.064,2809.064,2396.593
2017-05-28 18:58:09.75,-756.118,2809.956,2392.986
2017-05-28 18:58:14.74,-754.826,2809.425,2391.348
2017-05-28 18:58:19.73,-755.433,2809.842,2392.218
2017-05-28 18:58:24.73,-756.795,2809.556,2397.691
2017-05-28 18:58:29.72,-758.546,2810.819,2394.820
2017-05-28 18:58:34.71,-756.425,2811.564,2392.178
2017-05-28 18:58:39.70,-755.004,2808.837,2389.408
2017-05-28 18:58:44.69,-754.291,2811.852,2392.444
2017-05-28 18:58:49.68,-753.899,2815.273,2392.242
2017-05-28 18:58:54.67,-751.856,2813.771,2390.010
2017-05-28 18:58:59.66,-748.452,2812.520,2391.853
2017-05-28 18:59:04.66,-753.389,2810.289,2391.515
2017-05-28 18:59:09.65,-751.444,2809.645,2393.453
2017-05-28 18:59:14.64,-751.893,2808.797,2397.784
2017-05-28 18:59:19.63,-751.562,2810.438,2394.858
2017-05-28 18:59:24.62,-750.176,2810.394,2392.262
2017-05-28 18:59:29.61,-750.010,2809.908,2390.419
2017-05-28 18:59:34.60,-748.295,2809.743,2392.685
2017-05-28 18:59:39.59,-749.546,2810.728,2389.993
2017-05-28 18:59:44.59,-751.306,2811.076,2388.684
2017-05-28 18:59:49.58,-751.128,2811.298,2392.159
2017-05-28 18:59:54.57,-752.342,2808.811,2395.848
2017-05-28 18:59:59.56,-753.104,2811.401,2395.015
2017-05-28 19:00:04.55,-751.266,2811.962,2397.413
2017-05-28 19:00:09.54,-751.709,2811.833,2397.631
2017-05-28 19:00:14.53,-752.441,2810.188,2395.637
2017-05-28 19:00:19.52,-752.459,2811.039,2395.144
2017-05-28 19:00:24.52,-751.900,2812.581,2392.562
2017-05-28 19:00:29.51,-752.195,2811.834,2392.439
2017-05-28 19:00:34.50,-751.697,2815.795,2398.795
2017-05-28 19:00:39.49,-751.008,2812.059,2399.298
2017-05-28 19:00:44.48,-751.199,2809.484,2396.255
2017-05-28 19:00:49.47,-751.684,2810.792,2395.502
2017-05-28 19:00:54.46,-748.863,2812.589,2396.925
2017-05-28 19:00:59.47,-752.519,2813.169,2395.299
2017-05-28 19:01:04.46,-753.848,2814.356,2395.500
2017-05-28 19:01:09.45,-751.614,2814.399,2394.951
2017-05-28 19:01:14.44,-752.380,2811.366,2394.209
2017-05-28 19:01:19.43,-755.146,2809.531,2394.898
2017-05-28 19:01:24.42,-751.513,2810.782,2393.224
2017-05-28 19:01:29.42,-747.668,2811.941,2390.265
2017-05-28 19:01:34.41,-752.031,2811.412,2394.866
2017-05-28 19:01:39.40,-748.003,2810.132,2394.110
2017-05-28 19:01:44.39,-751.942,2810.234,2395.078
2017-05-28 19:01:49.38,-751.298,2812.181,2391.469
2017-05-28 19:01:54.37,-749.090,2811.524,2390.218
2017-05-28 19:01:59.36,-751.848,2811.313,2392.695
2017-05-28 19:02:04.35,-753.595,2809.823,2392.500
2017-05-28 19:02:09.35,-752.461,2811.805,2395.109
2017-05-28 19:02:14.34,-752.090,2812.467,2395.673
2017-05-28 19:02:19.33,-752.377,2809.858,2393.017
2017-05-28 19:02:24.32,-749.834,2812.207,2393.308
2017-05-28 19:02:29.31,-747.668,2815.020,2393.008
2017-05-28 19:02:34.30,-747.742,2813.922,2390.922
2017-05-28 19:02:39.29,-747.314,2815.521,2392.508
2017-05-28 19:02:44.28,-740.081,2817.291,2394.270
2017-05-28 19:02:49.28,-749.491,2812.255,2393.652
2017-05-28 19:02:54.27,-750.712,2810.910,2394.916
2017-05-28 19:02:59.26,-752.385,2811.402,2398.849
2017-05-28 19:03:04.25,-751.403,2810.305,2400.022
2017-05-28 19:03:09.24,-746.337,2812.141,2396.906
2017-05-28 19:03:14.23,-750.346,2810.899,2396.105
2017-05-28 19:03:19.22,-749.279,2812.519,2398.178
2017-05-28 19:03:24.21,-746.524,2812.538,2402.628
2017-05-28 19:03:29.21,-751.466,2810.485,2400.606
2017-05-28 19:03:34.20,-748.905,2811.179,2399.869
2017-05-28 19:03:39.19,-750.348,2810.593,2397.372
2017-05-28 19:03:44.18,-751.010,2808.569,2400.680
2017-05-28 19:03:49.17,-751.281,2810.020,2400.891
2017-05-28 19:03:54.16,-747.375,2811.856,2398.802
2017-05-28 19:03:59.15,-749.033,2812.562,2398.525
2017-05-28 19:04:04.14,-748.941,2811.469,2399.635
2017-05-28 19:04:09.15,-748.494,2813.705,2400.912
2017-05-28 19:04:14.14,-749.211,2814.100,2397.169
2017-05-28 19:04:19.13,-752.109,2811.385,2398.475
2017-05-28 19:04:24.12,-747.952,2813.147,2395.328
2017-05-28 19:04:29.12,-752.118,2811.384,2396.288
2017-05-28 19:04:34.11,-749.933,2810.739,2399.592
2017-05-28 19:04:39.10,-748.248,2811.093,2402.203
2017-05-28 19:04:44.09,-751.382,2810.621,2399.305
2017-05-28 19:04:49.08,-751.004,2811.698,2393.299
2017-05-28 19:04:54.07,-751.659,2811.792,2393.702
2017-05-28 19:04:59.06,-751.867,2812.002,2395.211
2017-05-28 19:05:04.05,-752.198,2809.678,2393.265
2017-05-28 19:05:09.05,-749.346,2810.051,2396.044
2017-05-28 19:05:14.04,-751.791,2807.726,2393.243
2017-05-28 19:05:19.03,-750.796,2810.583,2395.721
2017-05-28 19:05:24.02,-755.452,2808.865,2393.144
2017-05-28 19:05:29.01,-753.744,2808.343,2393.593
2017-05-28 19:05:34.00,-753.779,2808.872,2396.974
2017-05-28 19:05:38.99,-753.184,2809.998,2394.955
2017-05-28 19:05:43.98,-753.066,2810.896,2394.608
2017-05-28 19:05:48.97,-754.828,2809.111,2390.455
2017-05-28 19:05:53.97,-754.558,2809.031,2392.682
2017-05-28 19:05:58.96,-751.762,2809.222,2396.000
2017-05-28 19:06:03.95,-752.117,2808.586,2397.156
2017-05-28 19:06:08.94,-753.065,2810.729,2395.028
2017-05-28 19:06:13.93,-756.291,2809.483,2393.762
2017-05-28 19:06:18.92,-754.823,2812.313,2393.901
2017-05-28 19:06:23.91,-750.689,2809.889,2396.928
2017-05-28 19:06:28.92,-752.373,2810.020,2395.018
2017-05-28 19:06:33.89,-751.339,2809.240,2393.033
2017-05-28 19:06:38.90,-752.981,2810.207,2393.045
2017-05-28 19:06:43.89,-753.051,2811.291,2392.490
2017-05-28 19:06:48.88,-753.675,2810.209,2389.819
2017-05-28 19:06:53.87,-752.334,2811.721,2392.172
2017-05-28 19:06:58.86,-751.963,2810.718,2389.933
2017-05-28 19:07:03.85,-753.844,2811.630,2391.255
2017-05-28 19:07:08.85,-754.737,2811.520,2393.015
2017-05-28 19:07:13.84,-753.776,2811.131,2391.680
2017-05-28 19:07:18.83,-753.156,2810.717,2390.394
2017-05-28 19:07:23.82,-754.077,2808.118,2390.947
2017-05-28 19:07:28.81,-752.712,2809.594,2391.164
2017-05-28 19:07:33.80,-752.742,2808.222,2393.105
2017-05-28 19:07:38.79,-748.128,2809.149,2390.512
2017-05-28 19:07:43.78,-750.089,2806.829,2389.636
2017-05-28 19:07:48.77,-752.586,2806.652,2390.898
2017-05-28 19:07:53.76,-752.652,2808.314,2392.404
2017-05-28 19:07:58.75,-753.062,2808.227,2392.248
2017-05-28 19:08:03.74,-752.987,2808.056,2394.030
2017-05-28 19:08:08.74,-751.304,2807.523,2392.391
2017-05-28 19:08:13.73,-751.430,2807.104,2393.404
2017-05-28 19:08:18.72,-753.996,2808.872,2394.406
2017-05-28 19:08:23.71,-753.013,2810.564,2391.879
2017-05-28 19:08:28.70,-753.622,2811.935,2394.477
2017-05-28 19:08:33.69,-756.367,2810.715,2393.437
2017-05-28 19:08:38.68,-751.612,2811.817,2392.676
2017-05-28 19:08:43.67,-752.512,2807.705,2393.472
2017-05-28 19:08:48.66,-752.904,2807.881,2393.935
2017-05-28 19:08:53.65,-753.682,2807.819,2393.725
2017-05-28 19:08:58.64,-752.304,2808.929,2395.818
2017-05-28 19:09:03.63,-752.889,2809.055,2398.541
2017-05-28 19:09:08.62,-753.616,2810.716,2396.755
2017-05-28 19:09:13.62,-751.351,2812.512,2399.682
2017-05-28 19:09:18.61,-752.062,2810.958,2397.104
2017-05-28 19:09:23.60,-755.137,2807.914,2396.348
2017-05-28 19:09:28.59,-755.743,2808.380,2395.151
2017-05-28 19:09:33.58,-755.662,2807.377,2395.831
2017-05-28 19:09:38.59,-758.130,2809.046,2395.894
2017-05-28 19:09:43.58,-754.969,2810.446,2396.392
2017-05-28 19:09:48.57,-753.206,2812.148,2397.578
2017-05-28 19:09:53.56,-746.934,2813.679,2395.229
2017-05-28 19:09:58.55,-750.387,2811.957,2395.920
2017-05-28 19:10:03.54,-756.855,2807.335,2397.085
2017-05-28 19:10:08.53,-755.190,2808.494,2396.173
2017-05-28 19:10:13.52,-754.266,2808.858,2396.175
2017-05-28 19:10:18.51,-752.676,2810.488,2394.069
2017-05-28 19:10:23.50,-753.097,2811.318,2397.587
2017-05-28 19:10:28.50,-755.165,2810.732,2396.359
2017-05-28 19:10:33.49,-754.861,2810.058,2393.808
2017-05-28 19:10:38.48,-755.398,2809.941,2394.320
2017-05-28 19:10:43.47,-750.602,2810.365,2392.058
2017-05-28 19:10:48.46,-753.327,2810.428,2392.118
2017-05-28 19:10:53.45,-753.081,2813.002,2390.322
2017-05-28 19:10:58.44,-752.239,2811.725,2393.382
2017-05-28 19:11:03.43,-754.259,2809.566,2394.018
2017-05-28 19:11:08.42,-750.879,2812.625,2396.441
2017-05-28 19:11:13.41,-753.698,2811.906,2396.732
2017-05-28 19:11:18.40,-754.481,2811.778,2397.749
2017-05-28 19:11:23.40,-752.208,2812.463,2394.079
2017-05-28 19:11:28.39,-753.025,2811.690,2395.552
2017-05-28 19:11:33.38,-751.435,2811.466,2397.602
2017-05-28 19:11:38.37,-753.980,2812.839,2396.662
2017-05-28 19:11:43.36,-754.952,2811.306,2397.877
2017-05-28 19:11:48.35,-755.595,2812.888,2397.503
2017-05-28 19:11:53.34,-756.914,2813.553,2397.751
2017-05-28 19:11:58.33,-756.136,2812.726,2399.776
2017-05-28 19:12:03.32,-756.578,2810.644,2398.002
2017-05-28 19:12:08.31,-755.060,2811.459,2392.521
2017-05-28 19:12:13.30,-754.168,2810.885,2395.988
2017-05-28 19:12:18.30,-752.125,2811.520,2397.035
2017-05-28 19:12:23.29,-750.644,2812.899,2399.281
2017-05-28 19:12:28.28,-747.648,2812.703,2398.965
2017-05-28 19:12:33.27,-751.573,2812.201,2396.630
2017-05-28 19:12:38.28,-750.935,2811.785,2396.260
2017-05-28 19:12:43.27,-753.260,2810.815,2398.177
2017-05-28 19:12:48.26,-754.858,2809.441,2397.312
2017-05-28 19:12:53.25,-752.512,2810.065,2397.136
2017-05-28 19:12:58.24,-752.493,2809.836,2395.902
2017-05-28 19:13:03.23,-752.889,2810.946,2395.081
2017-05-28 19:13:08.22,-752.728,2811.619,2395.963
2017-05-28 19:13:13.21,-751.495,2809.951,2396.011
2017-05-28 19:13:18.21,-751.332,2813.062,2399.377
2017-05-28 19:13:23.19,-753.107,2812.207,2396.264
2017-05-28 19:13:28.19,-755.288,2813.784,2398.258
2017-05-28 19:13:33.18,-756.212,2813.125,2400.968
2017-05-28 19:13:38.17,-752.462,2813.339,2395.808
2017-05-28 19:13:43.16,-751.129,2815.753,2397.301
2017-05-28 19:13:48.15,-751.848,2813.412,2394.112
2017-05-28 19:13:53.14,-751.734,2813.763,2396.165
2017-05-28 19:13:58.13,-752.331,2811.422,2401.175
2017-05-28 19:14:03.12,-754.286,2811.851,2398.916
2017-05-28 19:14:08.11,-754.454,2810.935,2399.043
2017-05-28 19:14:13.10,-755.298,2810.184,2397.482
2017-05-28 19:14:18.09,-754.245,2809.895,2397.852
2017-05-28 19:14:23.09,-754.689,2811.479,2398.026
2017-05-28 19:14:28.08,-754.962,2810.078,2398.435
2017-05-28 19:14:33.07,-754.545,2809.282,2398.392
2017-05-28 19:14:38.06,-752.275,2810.659,2399.026
2017-05-28 19:14:43.05,-749.765,2813.174,2399.263
2017-05-28 19:14:48.04,-750.456,2813.651,2402.632
2017-05-28 19:14:53.03,-751.159,2813.675,2400.606
2017-05-28 19:14:58.02,-752.882,2816.222,2404.293
2017-05-28 19:15:03.01,-748.436,2815.513,2402.597
2017-05-28 19:15:08.00,-749.653,2816.218,2400.138
2017-05-28 19:15:13.00,-750.100,2813.754,2401.665
2017-05-28 19:15:17.99,-749.767,2817.486,2403.111
2017-05-28 19:15:22.99,-751.390,2815.561,2398.825
2017-05-28 19:15:27.98,-753.328,2812.006,2402.755
2017-05-28 19:15:32.98,-752.509,2810.358,2403.368
2017-05-28 19:15:37.97,-755.009,2811.942,2401.885
2017-05-28 19:15:42.96,-755.281,2810.317,2404.238
2017-05-28 19:15:47.95,-751.896,2810.099,2402.706
2017-05-28 19:15:52.94,-752.969,2811.623,2402.159
2017-05-28 19:15:57.93,-750.371,2812.356,2402.422
2017-05-28 19:16:02.92,-751.083,2810.829,2401.606
2017-05-28 19:16:07.91,-749.562,2812.449,2403.024
2017-05-28 19:16:12.90,-748.559,2814.669,2401.355
2017-05-28 19:16:17.89,-748.679,2814.728,2399.909
2017-05-28 19:16:22.89,-750.795,2810.325,2400.906
2017-05-28 19:16:27.88,-752.991,2810.208,2400.601
2017-05-28 19:16:32.87,-756.021,2810.027,2400.278
2017-05-28 19:16:37.86,-751.274,2811.285,2402.856
2017-05-28 19:16:42.85,-749.719,2812.485,2402.899
2017-05-28 19:16:47.84,-753.821,2814.257,2402.748
2017-05-28 19:16:52.83,-751.882,2813.973,2404.708
2017-05-28 19:16:57.82,-751.764,2812.362,2401.967
2017-05-28 19:17:02.81,-752.282,2813.118,2402.733
2017-05-28 19:17:07.81,-749.941,2814.586,2400.426
2017-05-28 19:17:12.80,-753.158,2813.536,2401.988
2017-05-28 19:17:17.79,-753.957,2814.359,2403.505
2017-05-28 19:17:22.78,-751.928,2814.060,2401.815
2017-05-28 19:17:27.77,-750.568,2814.753,2398.134
2017-05-28 19:17:32.76,-759.742,2807.838,2397.809
2017-05-28 19:17:37.75,-746.084,2814.908,2398.821
2017-05-28 19:17:42.74,-749.435,2815.282,2395.381
2017-05-28 19:17:47.73,-750.379,2816.234,2394.362
2017-05-28 19:17:52.72,-751.854,2816.392,2396.578
2017-05-28 19:17:57.72,-752.972,2816.961,2397.059
2017-05-28 19:18:02.71,-752.819,2813.013,2399.895
2017-05-28 19:18:07.70,-756.388,2811.844,2396.428
2017-05-28 19:18:12.69,-756.634,2812.357,2394.683
2017-05-28 19:18:17.68,-754.085,2810.332,2394.995
2017-05-28 19:18:22.67,-752.076,2812.435,2396.574
2017-05-28 19:18:27.66,-752.809,2815.310,2397.425
2017-05-28 19:18:32.65,-750.893,2814.351,2400.332
2017-05-28 19:18:37.64,-754.784,2811.403,2400.919
2017-05-28 19:18:42.63,-751.362,2810.656,2400.766
2017-05-28 19:18:47.63,-751.395,2810.545,2398.872
2017-05-28 19:18:52.62,-753.044,2812.525,2394.431
2017-05-28 19:18:57.61,-752.979,2810.923,2395.461
2017-05-28 19:19:02.60,-752.274,2810.869,2395.201
2017-05-28 19:19:07.59,-754.360,2812.533,2397.275
2017-05-28 19:19:12.58,-751.095,2813.414,2395.679
2017-05-28 19:19:17.57,-751.506,2814.560,2395.015
2017-05-28 19:19:22.56,-753.845,2813.960,2398.548
2017-05-28 19:19:27.55,-753.961,2812.680,2398.178
2017-05-28 19:19:32.55,-752.576,2813.425,2397.897
2017-05-28 19:19:37.54,-753.502,2812.701,2401.356
2017-05-28 19:19:42.54,-753.099,2812.719,2399.602
2017-05-28 19:19:47.53,-753.247,2812.714,2395.377
2017-05-28 19:19:52.53,-753.424,2814.749,2393.412
2017-05-28 19:19:57.52,-753.775,2816.851,2394.826
2017-05-28 19:20:02.51,-756.624,2813.227,2398.047
2017-05-28 19:20:07.50,-757.707,2813.510,2400.479
2017-05-28 19:20:12.49,-754.089,2815.068,2399.737
2017-05-28 19:20:17.48,-753.088,2813.152,2396.967
2017-05-28 19:20:22.47,-751.101,2813.046,2397.306
2017-05-28 19:20:27.46,-753.807,2811.062,2395.558
2017-05-28 19:20:32.45,-754.254,2811.616,2399.045
2017-05-28 19:20:37.44,-757.145,2812.830,2398.093
2017-05-28 19:20:42.44,-757.991,2811.875,2397.412
2017-05-28 19:20:47.43,-756.908,2814.071,2396.449
2017-05-28 19:20:52.42,-759.259,2813.866,2398.970
2017-05-28 19:20:57.41,-757.304,2814.850,2396.948
2017-05-28 19:21:02.40,-757.770,2814.305,2396.834
2017-05-28 19:21:07.39,-758.060,2812.963,2397.442
2017-05-28 19:21:12.38,-756.266,2815.516,2394.104
2017-05-28 19:21:17.37,-759.516,2812.596,2396.306
2017-05-28 19:21:22.37,-761.269,2813.429,2396.514
2017-05-28 19:21:27.36,-759.117,2814.713,2395.293
2017-05-28 19:21:32.35,-756.411,2813.579,2396.184
2017-05-28 19:21:37.34,-758.165,2816.029,2395.725
2017-05-28 19:21:42.33,-757.406,2818.120,2397.222
2017-05-28 19:21:47.32,-759.107,2817.169,2394.801
2017-05-28 19:21:52.31,-758.632,2816.836,2395.258
2017-05-28 19:21:57.30,-758.636,2814.781,2398.229
2017-05-28 19:22:02.29,-756.289,2816.664,2397.084
2017-05-28 19:22:07.28,-755.231,2817.409,2396.990
2017-05-28 19:22:12.28,-758.376,2816.811,2396.461
2017-05-28 19:22:17.27,-758.671,2815.347,2398.479
2017-05-28 19:22:22.26,-761.050,2815.435,2402.411
2017-05-28 19:22:27.25,-760.041,2816.018,2400.817
2017-05-28 19:22:32.24,-756.314,2815.356,2400.406
2017-05-28 19:22:37.23,-759.101,2812.848,2400.513
2017-05-28 19:22:42.22,-756.096,2816.489,2400.687
2017-05-28 19:22:47.21,-759.130,2815.270,2396.755
2017-05-28 19:22:52.20,-760.191,2814.891,2402.579
2017-05-28 19:22:57.20,-757.281,2817.329,2399.887
2017-05-28 19:23:02.19,-755.913,2816.831,2400.169
2017-05-28 19:23:07.18,-759.678,2816.648,2403.066
2017-05-28 19:23:12.17,-761.702,2815.218,2397.992
2017-05-28 19:23:17.18,-759.056,2817.676,2397.156
2017-05-28 19:23:22.17,-761.322,2817.631,2399.480
2017-05-28 19:23:27.16,-759.330,2818.299,2399.116
2017-05-28 19:23:32.15,-759.608,2816.361,2400.957
2017-05-28 19:23:37.14,-760.155,2815.861,2398.148
2017-05-28 19:23:42.13,-759.446,2816.575,2400.937
2017-05-28 19:23:47.12,-758.706,2816.589,2400.118
2017-05-28 19:23:52.11,-759.838,2816.965,2402.454
2017-05-28 19:23:57.10,-756.844,2816.392,2401.378
2017-05-28 19:24:02.10,-759.660,2815.602,2401.975
2017-05-28 19:24:07.09,-756.594,2817.918,2404.153
2017-05-28 19:24:12.08,-753.999,2815.638,2405.381
2017-05-28 19:24:17.07,-757.312,2816.095,2403.919
2017-05-28 19:24:22.06,-754.391,2815.732,2401.644
2017-05-28 19:24:27.05,-758.175,2816.757,2402.925
2017-05-28 19:24:32.04,-758.416,2815.803,2402.699
2017-05-28 19:24:37.03,-751.711,2820.958,2400.084
2017-05-28 19:24:42.02,-757.358,2817.679,2400.517
2017-05-28 19:24:47.01,-758.795,2816.157,2398.180
2017-05-28 19:24:52.01,-757.475,2816.932,2396.045
2017-05-28 19:24:57.00,-758.214,2818.362,2397.152
2017-05-28 19:25:01.99,-757.819,2820.287,2400.134
2017-05-28 19:25:06.98,-757.406,2817.265,2399.613
2017-05-28 19:25:11.97,-759.029,2815.826,2399.856
2017-05-28 19:25:16.96,-757.614,2814.288,2398.490
2017-05-28 19:25:21.95,-758.679,2811.739,2399.291
2017-05-28 19:25:26.94,-758.187,2813.875,2400.491
2017-05-28 19:25:31.94,-758.723,2816.856,2402.180
2017-05-28 19:25:36.93,-760.114,2814.644,2398.266
2017-05-28 19:25:41.92,-760.972,2813.710,2401.308
2017-05-28 19:25:46.91,-759.509,2812.491,2402.812
2017-05-28 19:25:51.90,-761.125,2813.291,2402.382
2017-05-28 19:25:56.89,-760.223,2813.785,2402.488
2017-05-28 19:26:01.88,-759.036,2814.448,2397.884
2017-05-28 19:26:06.87,-757.922,2816.003,2398.667
2017-05-28 19:26:11.86,-758.124,2817.136,2398.922
2017-05-28 19:26:16.86,-760.098,2814.144,2398.138
2017-05-28 19:26:21.85,-759.730,2812.205,2399.861
2017-05-28 19:26:26.84,-760.614,2812.522,2398.589
2017-05-28 19:26:31.84,-761.925,2809.104,2399.355
2017-05-28 19:26:36.83,-760.528,2809.084,2399.204
2017-05-28 19:26:41.83,-760.615,2813.701,2395.704
2017-05-28 19:26:46.82,-758.602,2814.386,2396.953
2017-05-28 19:26:51.81,-757.550,2813.888,2396.086
2017-05-28 19:26:56.80,-759.065,2811.773,2399.000
2017-05-28 19:27:01.79,-759.704,2813.814,2400.934
2017-05-28 19:27:06.78,-757.523,2815.792,2402.424
2017-05-28 19:27:11.77,-757.215,2817.582,2398.597
2017-05-28 19:27:16.76,-759.751,2814.695,2396.896
2017-05-28 19:27:21.76,-759.251,2814.567,2397.768
2017-05-28 19:27:26.75,-755.821,2814.941,2397.908
2017-05-28 19:27:31.74,-759.430,2813.343,2399.450
2017-05-28 19:27:36.73,-760.067,2811.081,2397.046
2017-05-28 19:27:41.72,-759.174,2812.319,2397.450
2017-05-28 19:27:46.71,-757.687,2813.195,2394.149
2017-05-28 19:27:51.70,-759.176,2811.815,2394.543
2017-05-28 19:27:56.69,-757.173,2813.517,2397.615
2017-05-28 19:28:01.68,-758.997,2813.959,2397.042
2017-05-28 19:28:06.68,-757.108,2815.418,2395.789
2017-05-28 19:28:11.67,-758.869,2812.385,2392.994
2017-05-28 19:28:16.66,-759.467,2812.178,2396.398
2017-05-28 19:28:21.65,-761.259,2811.459,2397.298
2017-05-28 19:28:26.64,-759.462,2812.416,2398.057
2017-05-28 19:28:31.63,-759.782,2808.980,2397.592
2017-05-28 19:28:36.62,-761.336,2810.262,2398.325
2017-05-28 19:28:41.61,-758.446,2810.245,2400.467
2017-05-28 19:28:46.60,-758.888,2812.672,2398.957
2017-05-28 19:28:51.60,-754.245,2812.828,2399.665
2017-05-28 19:28:56.59,-761.173,2813.166,2398.689
2017-05-28 19:29:01.58,-762.121,2814.522,2396.789
2017-05-28 19:29:06.57,-761.459,2812.609,2397.049
2017-05-28 19:29:11.56,-756.629,2814.833,2398.235
2017-05-28 19:29:16.55,-758.632,2812.379,2397.697
2017-05-28 19:29:21.54,-757.379,2811.965,2401.813
2017-05-28 19:29:26.53,-761.316,2810.868,2400.526
2017-05-28 19:29:31.52,-759.635,2811.563,2400.515
2017-05-28 19:29:36.51,-756.689,2812.760,2399.114
2017-05-28 19:29:41.51,-757.891,2813.803,2397.954
2017-05-28 19:29:46.50,-759.855,2812.341,2399.797
2017-05-28 19:29:51.49,-759.656,2809.029,2403.214
2017-05-28 19:29:56.48,-757.651,2812.132,2398.995
2017-05-28 19:30:01.47,-763.992,2811.109,2400.382
2017-05-28 19:30:06.48,-761.726,2812.854,2397.699
2017-05-28 19:30:11.47,-758.860,2816.026,2399.954
2017-05-28 19:30:16.46,-761.430,2811.370,2397.366
2017-05-28 19:30:21.45,-763.387,2812.056,2395.670
2017-05-28 19:30:26.44,-759.165,2812.020,2396.516
2017-05-28 19:30:31.43,-757.044,2811.316,2397.897
2017-05-28 19:30:36.42,-756.906,2812.194,2395.426
2017-05-28 19:30:41.42,-760.290,2809.498,2397.161
2017-05-28 19:30:46.41,-760.124,2810.198,2397.492
2017-05-28 19:30:51.40,-758.494,2809.507,2397.374
2017-05-28 19:30:56.39,-758.571,2812.684,2392.875
2017-05-28 19:31:01.38,-756.671,2811.002,2394.774
2017-05-28 19:31:06.37,-760.108,2810.754,2393.776
2017-05-28 19:31:11.36,-759.602,2810.373,2385.259
2017-05-28 19:31:16.35,-764.038,2809.911,2387.139
2017-05-28 19:31:21.34,-760.546,2810.181,2390.333
2017-05-28 19:31:26.34,-759.819,2811.514,2391.813
2017-05-28 19:31:31.33,-760.362,2814.039,2388.161
2017-05-28 19:31:36.32,-760.595,2814.175,2392.989
2017-05-28 19:31:41.31,-759.997,2812.836,2391.250
2017-05-28 19:31:46.30,-758.862,2813.792,2393.498
2017-05-28 19:31:51.29,-759.595,2813.520,2395.734
2017-05-28 19:31:56.28,-757.228,2814.546,2394.027
2017-05-28 19:32:01.27,-759.466,2814.084,2391.395
2017-05-28 19:32:06.27,-756.889,2813.507,2394.351
2017-05-28 19:32:11.26,-757.621,2816.929,2396.077
2017-05-28 19:32:16.25,-762.106,2814.866,2396.472
2017-05-28 19:32:21.24,-757.297,2815.269,2398.717
2017-05-28 19:32:26.23,-757.086,2813.642,2400.609
2017-05-28 19:32:31.22,-757.492,2812.385,2398.399
2017-05-28 19:32:36.21,-758.004,2812.382,2394.289
2017-05-28 19:32:41.20,-760.655,2814.131,2391.585
2017-05-28 19:32:46.19,-760.311,2812.470,2391.081
2017-05-28 19:32:51.19,-757.668,2814.147,2394.363
2017-05-28 19:32:56.18,-759.832,2813.026,2392.671
2017-05-28 19:33:01.17,-758.648,2815.374,2389.231
2017-05-28 19:33:06.16,-755.754,2814.385,2391.093
2017-05-28 19:33:11.15,-757.519,2811.899,2393.191
2017-05-28 19:33:16.14,-754.065,2813.769,2393.218
2017-05-28 19:33:21.13,-756.653,2812.562,2395.079
2017-05-28 19:33:26.12,-754.662,2812.155,2396.491
2017-05-28 19:33:31.11,-756.621,2810.283,2397.565
2017-05-28 19:33:36.10,-758.584,2810.422,2400.762
2017-05-28 19:33:41.11,-755.513,2814.788,2394.354
2017-05-28 19:33:46.10,-757.749,2814.671,2392.675
2017-05-28 19:33:51.09,-759.692,2809.422,2389.366
2017-05-28 19:33:56.09,-761.653,2807.865,2394.577
2017-05-28 19:34:01.08,-758.618,2810.612,2396.019
2017-05-28 19:34:06.07,-761.623,2812.348,2398.351
2017-05-28 19:34:11.06,-760.082,2812.087,2395.475
2017-05-28 19:34:16.05,-757.703,2810.298,2396.347
2017-05-28 19:34:21.04,-757.444,2812.481,2395.843
2017-05-28 19:34:26.03,-760.676,2811.181,2393.592
2017-05-28 19:34:31.02,-758.217,2811.431,2395.261
2017-05-28 19:34:36.01,-757.524,2810.803,2399.682
2017-05-28 19:34:41.01,-760.682,2811.561,2398.388
2017-05-28 19:34:46.00,-760.781,2808.789,2396.652
2017-05-28 19:34:50.99,-762.651,2810.021,2399.525
2017-05-28 19:34:55.98,-761.151,2810.744,2398.434
2017-05-28 19:35:00.97,-761.783,2810.863,2396.591
2017-05-28 19:35:05.96,-763.215,2813.581,2390.980
2017-05-28 19:35:10.95,-758.571,2812.929,2392.215
2017-05-28 19:35:15.94,-763.142,2810.146,2393.156
2017-05-28 19:35:20.93,-761.676,2809.378,2398.045
2017-05-28 19:35:25.93,-761.460,2809.333,2397.078
2017-05-28 19:35:30.92,-765.213,2806.484,2398.625
2017-05-28 19:35:35.91,-766.046,2804.497,2401.278
2017-05-28 19:35:40.90,-766.910,2805.237,2400.058
2017-05-28 19:35:45.89,-761.676,2807.451,2398.989
2017-05-28 19:35:50.88,-760.359,2809.406,2396.874
2017-05-28 19:35:55.87,-758.087,2809.674,2397.021
2017-05-28 19:36:00.86,-759.615,2806.867,2397.639
2017-05-28 19:36:05.85,-766.872,2805.710,2398.222
2017-05-28 19:36:10.85,-754.565,2811.572,2398.053
2017-05-28 19:36:15.84,-758.538,2809.156,2394.220
2017-05-28 19:36:20.83,-757.913,2810.898,2397.086
2017-05-28 19:36:25.82,-759.606,2811.126,2396.153
2017-05-28 19:36:30.83,-756.015,2812.017,2401.543
2017-05-28 19:36:35.82,-760.887,2812.451,2400.015
2017-05-28 19:36:40.81,-766.686,2810.130,2397.713
2017-05-28 19:36:45.80,-762.637,2808.823,2399.312
2017-05-28 19:36:50.79,-764.196,2808.142,2397.067
2017-05-28 19:36:55.78,-759.618,2812.283,2396.848
2017-05-28 19:37:00.77,-761.225,2812.634,2397.688
2017-05-28 19:37:05.76,-764.358,2809.549,2399.253
2017-05-28 19:37:10.76,-765.816,2808.462,2396.737
2017-05-28 19:37:15.75,-765.285,2809.889,2399.338
2017-05-28 19:37:20.74,-763.919,2807.533,2398.712
2017-05-28 19:37:25.73,-763.202,2809.335,2398.147
2017-05-28 19:37:30.72,-764.377,2807.879,2396.262
2017-05-28 19:37:35.71,-764.965,2807.212,2399.575
2017-05-28 19:37:40.70,-762.061,2806.835,2397.791
2017-05-28 19:37:45.69,-763.458,2808.588,2393.788
2017-05-28 19:37:50.68,-765.202,2809.618,2402.585
2017-05-28 19:37:55.68,-765.715,2805.805,2399.810
2017-05-28 19:38:00.67,-762.775,2807.845,2398.855
2017-05-28 19:38:05.66,-767.482,2806.922,2399.716
2017-05-28 19:38:10.65,-767.546,2807.652,2396.912
2017-05-28 19:38:15.64,-761.824,2809.966,2393.467
2017-05-28 19:38:20.63,-762.056,2809.478,2399.793
2017-05-28 19:38:25.62,-762.341,2809.274,2395.796
2017-05-28 19:38:30.61,-763.754,2810.161,2397.146
2017-05-28 19:38:35.60,-764.736,2810.141,2400.171
2017-05-28 19:38:40.60,-763.116,2809.908,2396.749
2017-05-28 19:38:45.59,-775.180,2802.798,2400.086
2017-05-28 19:38:50.58,-789.449,2795.268,2399.172
2017-05-28 19:38:55.57,-780.296,2799.167,2396.734
2017-05-28 19:39:00.56,-769.642,2805.652,2399.904
2017-05-28 19:39:05.55,-768.398,2806.128,2401.742
2017-05-28 19:39:10.54,-768.777,2806.978,2400.594
2017-05-28 19:39:15.53,-769.348,2806.447,2399.379
2017-05-28 19:39:20.52,-766.242,2807.723,2400.375
2017-05-28 19:39:25.52,-767.199,2808.129,2398.287
2017-05-28 19:39:30.51,-768.212,2809.652,2397.651
2017-05-28 19:39:35.50,-766.131,2809.854,2404.435
2017-05-28 19:39:40.49,-765.644,2807.899,2403.884
2017-05-28 19:39:45.48,-770.412,2808.071,2400.889
2017-05-28 19:39:50.47,-769.102,2806.522,2398.760
2017-05-28 19:39:55.46,-768.236,2806.971,2396.165
2017-05-28 19:40:00.45,-769.190,2806.465,2400.642
2017-05-28 19:40:05.44,-770.668,2806.598,2399.148
2017-05-28 19:40:10.44,-769.629,2807.175,2399.968
2017-05-28 19:40:15.44,-767.588,2806.195,2398.939
2017-05-28 19:40:20.43,-768.261,2805.316,2400.703
2017-05-28 19:40:25.43,-768.605,2803.704,2401.849
2017-05-28 19:40:30.42,-770.409,2807.998,2400.622
2017-05-28 19:40:35.41,-768.694,2808.495,2400.524
2017-05-28 19:40:40.40,-768.530,2808.702,2403.414
2017-05-28 19:40:45.39,-770.274,2806.968,2401.390
2017-05-28 19:40:50.38,-767.671,2808.784,2401.614
2017-05-28 19:40:55.37,-768.646,2809.625,2397.940
2017-05-28 19:41:00.36,-768.476,2808.915,2401.583
2017-05-28 19:41:05.35,-770.334,2808.920,2400.396
2017-05-28 19:41:10.35,-770.586,2807.747,2398.452
2017-05-28 19:41:15.34,-772.215,2807.128,2398.473
2017-05-28 19:41:20.33,-769.962,2808.863,2398.329
2017-05-28 19:41:25.32,-768.541,2809.316,2396.736
2017-05-28 19:41:30.31,-770.072,2803.217,2396.263
2017-05-28 19:41:35.30,-765.379,2807.770,2398.060
2017-05-28 19:41:40.29,-768.713,2804.744,2396.626
2017-05-28 19:41:45.28,-770.622,2805.755,2397.260
2017-05-28 19:41:50.27,-769.571,2806.410,2398.780
2017-05-28 19:41:55.27,-768.846,2807.625,2398.272
2017-05-28 19:42:00.26,-769.215,2806.072,2399.018
2017-05-28 19:42:05.25,-766.691,2807.897,2399.263
2017-05-28 19:42:10.24,-768.132,2811.767,2401.065
2017-05-28 19:42:15.23,-769.854,2807.968,2403.533
2017-05-28 19:42:20.22,-770.972,2806.900,2404.900
2017-05-28 19:42:25.21,-772.658,2805.747,2400.301
2017-05-28 19:42:30.20,-771.644,2805.132,2400.962
2017-05-28 19:42:35.19,-770.256,2805.327,2399.301
2017-05-28 19:42:40.19,-769.846,2805.522,2400.214
2017-05-28 19:42:45.18,-771.916,2804.397,2400.807
2017-05-28 19:42:50.17,-770.691,2800.884,2401.883
2017-05-28 19:42:55.16,-769.045,2805.303,2404.002
2017-05-28 19:43:00.15,-766.999,2804.154,2403.300
2017-05-28 19:43:05.14,-769.145,2801.675,2403.502
2017-05-28 19:43:10.13,-771.570,2801.717,2404.508
2017-05-28 19:43:15.12,-770.406,2802.181,2406.250
2017-05-28 19:43:20.11,-772.097,2801.759,2405.570
2017-05-28 19:43:25.11,-770.550,2801.655,2405.775
2017-05-28 19:43:30.10,-768.973,2803.259,2401.924
2017-05-28 19:43:35.09,-772.169,2800.557,2403.850
2017-05-28 19:43:40.08,-774.058,2800.241,2404.230
2017-05-28 19:43:45.07,-774.132,2800.076,2404.371
2017-05-28 19:43:50.06,-771.426,2802.052,2402.750
2017-05-28 19:43:55.05,-772.137,2802.015,2404.115
2017-05-28 19:44:00.04,-771.074,2802.291,2399.421
2017-05-28 19:44:05.04,-773.766,2801.272,2400.355
2017-05-28 19:44:10.03,-769.108,2803.091,2403.124
2017-05-28 19:44:15.02,-768.131,2804.399,2402.896
2017-05-28 19:44:20.01,-766.975,2803.162,2404.085
2017-05-28 19:44:25.00,-768.135,2804.188,2402.361
2017-05-28 19:44:29.99,-771.882,2802.430,2400.286
2017-05-28 19:44:34.98,-774.825,2801.811,2404.979
2017-05-28 19:44:39.97,-773.914,2804.835,2405.281
2017-05-28 19:44:44.96,-770.011,2805.425,2400.246
2017-05-28 19:44:49.96,-769.894,2805.061,2400.407
2017-05-28 19:44:54.95,-768.508,2803.022,2399.665
2017-05-28 19:44:59.94,-772.175,2801.407,2402.914
2017-05-28 19:45:04.94,-774.467,2798.661,2402.824
2017-05-28 19:45:09.94,-770.275,2800.750,2400.031
2017-05-28 19:45:14.93,-772.851,2802.349,2402.243
2017-05-28 19:45:19.92,-774.412,2800.209,2398.644
2017-05-28 19:45:24.91,-773.438,2800.841,2399.938
2017-05-28 19:45:29.90,-773.296,2798.232,2398.474
2017-05-28 19:45:34.89,-774.466,2798.823,2404.283
2017-05-28 19:45:39.88,-770.192,2801.885,2403.566
2017-05-28 19:45:44.87,-772.210,2802.612,2398.925
2017-05-28 19:45:49.87,-773.545,2800.861,2401.272
2017-05-28 19:45:54.86,-769.583,2802.773,2403.289
2017-05-28 19:45:59.85,-769.335,2800.621,2401.965
2017-05-28 19:46:04.84,-766.242,2801.777,2400.790
2017-05-28 19:46:09.83,-769.042,2802.795,2400.925
2017-05-28 19:46:14.82,-767.877,2805.182,2399.810
2017-05-28 19:46:19.81,-762.571,2806.219,2397.555
2017-05-28 19:46:24.80,-764.832,2801.657,2400.682
2017-05-28 19:46:29.79,-773.414,2801.408,2400.090
2017-05-28 19:46:34.79,-772.755,2801.852,2404.866
2017-05-28 19:46:39.78,-772.291,2800.790,2402.124
2017-05-28 19:46:44.77,-770.428,2803.102,2400.402
2017-05-28 19:46:49.76,-766.844,2804.736,2399.395
2017-05-28 19:46:54.75,-765.580,2803.606,2398.733
2017-05-28 19:46:59.74,-769.925,2803.056,2395.728
2017-05-28 19:47:04.73,-768.468,2804.168,2398.772
2017-05-28 19:47:09.72,-770.872,2804.985,2400.112
2017-05-28 19:47:14.71,-771.905,2801.461,2402.772
2017-05-28 19:47:19.71,-766.163,2806.720,2404.905
2017-05-28 19:47:24.70,-768.886,2806.391,2401.448
2017-05-28 19:47:29.69,-770.962,2803.237,2405.908
2017-05-28 19:47:34.68,-769.618,2802.683,2400.979
2017-05-28 19:47:39.67,-770.994,2801.560,2403.336
2017-05-28 19:47:44.66,-768.926,2805.684,2401.556
2017-05-28 19:47:49.65,-769.803,2806.224,2397.792
2017-05-28 19:47:54.64,-768.748,2803.980,2398.740
2017-05-28 19:47:59.63,-771.749,2801.541,2395.401
2017-05-28 19:48:04.63,-772.929,2801.531,2397.155
2017-05-28 19:48:09.62,-771.059,2804.122,2395.514
2017-05-28 19:48:14.61,-772.424,2803.076,2397.165
2017-05-28 19:48:19.60,-773.781,2803.531,2398.782
2017-05-28 19:48:24.59,-771.941,2806.745,2399.224
2017-05-28 19:48:29.58,-772.878,2805.615,2399.455
2017-05-28 19:48:34.57,-774.292,2806.409,2401.063
2017-05-28 19:48:39.56,-771.608,2806.108,2401.885
2017-05-28 19:48:44.55,-773.375,2806.014,2394.757
2017-05-28 19:48:49.55,-773.357,2806.432,2398.081
2017-05-28 19:48:54.54,-772.192,2808.010,2401.129
2017-05-28 19:48:59.53,-772.744,2806.384,2400.155
2017-05-28 19:49:04.52,-767.664,2808.132,2402.402
2017-05-28 19:49:09.51,-765.831,2808.287,2403.400
2017-05-28 19:49:14.50,-763.435,2813.617,2403.040
2017-05-28 19:49:19.49,-767.139,2812.531,2403.597
2017-05-28 19:49:24.48,-767.327,2812.669,2403.728
2017-05-28 19:49:29.48,-773.193,2809.507,2399.725
2017-05-28 19:49:34.47,-772.453,2811.889,2401.598
2017-05-28 19:49:39.47,-774.621,2810.335,2400.792
2017-05-28 19:49:44.46,-775.491,2805.758,2405.073
2017-05-28 19:49:49.45,-777.718,2806.832,2403.007
2017-05-28 19:49:54.45,-771.850,2810.513,2404.778
2017-05-28 19:49:59.44,-771.678,2808.884,2404.213
2017-05-28 19:50:04.43,-773.975,2808.638,2401.058
2017-05-28 19:50:09.42,-772.966,2808.500,2403.449
2017-05-28 19:50:14.41,-772.127,2805.290,2403.984
2017-05-28 19:50:19.40,-771.733,2807.605,2400.128
2017-05-28 19:50:24.39,-774.317,2806.624,2400.151
2017-05-28 19:50:29.38,-773.633,2805.109,2401.646
2017-05-28 19:50:34.38,-774.688,2804.121,2400.323
2017-05-28 19:50:39.37,-774.100,2806.383,2398.912
2017-05-28 19:50:44.36,-772.699,2806.393,2402.492
2017-05-28 19:50:49.35,-773.449,2806.529,2401.613
2017-05-28 19:50:54.34,-771.358,2806.270,2403.661
2017-05-28 19:50:59.33,-769.800,2806.027,2401.961
2017-05-28 19:51:04.32,-772.147,2803.480,2401.085
2017-05-28 19:51:09.31,-769.734,2803.766,2396.416
2017-05-28 19:51:14.30,-771.516,2805.645,2398.628
2017-05-28 19:51:19.30,-772.665,2805.150,2399.065
2017-05-28 19:51:24.29,-769.198,2806.261,2398.288
2017-05-28 19:51:29.28,-770.215,2807.179,2397.429
2017-05-28 19:51:34.27,-769.069,2807.866,2396.991
2017-05-28 19:51:39.26,-766.434,2809.472,2395.218
2017-05-28 19:51:44.25,-768.217,2805.799,2399.778
2017-05-28 19:51:49.24,-770.211,2806.723,2394.992
2017-05-28 19:51:54.23,-769.532,2805.687,2395.116
2017-05-28 19:51:59.22,-771.168,2805.291,2397.600
2017-05-28 19:52:04.22,-773.570,2805.285,2399.971
2017-05-28 19:52:09.21,-772.935,2806.151,2396.109
2017-05-28 19:52:14.20,-773.805,2805.029,2393.144
2017-05-28 19:52:19.19,-772.197,2804.893,2397.477
2017-05-28 19:52:24.18,-772.447,2802.905,2396.809
2017-05-28 19:52:29.17,-771.149,2802.804,2399.616
2017-05-28 19:52:34.16,-770.995,2800.193,2399.773
2017-05-28 19:52:39.15,-770.691,2802.879,2398.508
2017-05-28 19:52:44.14,-772.520,2803.717,2397.374
2017-05-28 19:52:49.14,-771.374,2803.912,2398.618
2017-05-28 19:52:54.13,-773.443,2804.688,2400.217
2017-05-28 19:52:59.12,-772.391,2805.645,2401.801
2017-05-28 19:53:04.11,-771.069,2805.748,2398.481
2017-05-28 19:53:09.10,-771.080,2805.060,2396.457
2017-05-28 19:53:14.09,-771.469,2804.142,2399.924
2017-05-28 19:53:19.08,-771.806,2804.095,2398.260
2017-05-28 19:53:24.07,-770.899,2803.389,2397.898
2017-05-28 19:53:29.08,-772.574,2805.816,2397.388
2017-05-28 19:53:34.07,-769.664,2801.862,2397.566
2017-05-28 19:53:39.06,-769.066,2802.977,2398.227
2017-05-28 19:53:44.05,-771.812,2801.985,2393.214
2017-05-28 19:53:49.05,-769.143,2804.987,2395.832
2017-05-28 19:53:54.04,-767.393,2805.114,2395.965
2017-05-28 19:53:59.03,-772.268,2806.722,2396.935
2017-05-28 19:54:04.02,-771.626,2805.651,2398.805
2017-05-28 19:54:09.01,-772.045,2807.693,2396.807
2017-05-28 19:54:14.00,-770.419,2805.147,2396.997
2017-05-28 19:54:18.99,-773.181,2804.779,2397.088
2017-05-28 19:54:23.98,-772.065,2805.176,2396.582
2017-05-28 19:54:28.97,-771.618,2804.948,2397.957
2017-05-28 19:54:33.97,-771.958,2804.637,2399.846
2017-05-28 19:54:38.96,-770.042,2805.928,2398.326
2017-05-28 19:54:43.95,-770.389,2805.197,2399.260
2017-05-28 19:54:48.94,-772.689,2804.357,2403.939
2017-05-28 19:54:53.93,-767.611,2806.914,2401.627
2017-05-28 19:54:58.92,-770.767,2804.585,2399.205
2017-05-28 19:55:03.91,-771.163,2803.833,2399.537
2017-05-28 19:55:08.90,-771.566,2802.722,2399.285
2017-05-28 19:55:13.89,-773.598,2803.761,2401.386
2017-05-28 19:55:18.89,-772.713,2804.291,2399.330
2017-05-28 19:55:23.88,-776.185,2803.566,2398.845
2017-05-28 19:55:28.87,-773.389,2806.841,2400.795
2017-05-28 19:55:33.86,-771.276,2808.122,2402.132
2017-05-28 19:55:38.85,-773.339,2806.428,2401.733
2017-05-28 19:55:43.84,-771.454,2805.974,2399.826
2017-05-28 19:55:48.83,-768.304,2806.752,2401.090
2017-05-28 19:55:53.82,-769.216,2805.418,2402.562
2017-05-28 19:55:58.82,-772.505,2804.734,2399.369
2017-05-28 19:56:03.81,-772.516,2806.958,2401.980
2017-05-28 19:56:08.80,-775.859,2803.801,2397.069
2017-05-28 19:56:13.79,-774.754,2805.681,2395.254
2017-05-28 19:56:18.78,-769.594,2807.367,2397.110
2017-05-28 19:56:23.77,-771.591,2806.979,2400.528
2017-05-28 19:56:28.76,-770.842,2806.451,2398.655
2017-05-28 19:56:33.75,-772.866,2806.386,2395.446
2017-05-28 19:56:38.74,-772.472,2805.108,2395.676
2017-05-28 19:56:43.74,-772.150,2805.855,2395.722
2017-05-28 19:56:48.73,-775.683,2805.312,2395.801
2017-05-28 19:56:53.72,-771.693,2803.347,2397.591
2017-05-28 19:56:58.71,-773.619,2804.685,2395.778
2017-05-28 19:57:03.70,-774.165,2804.548,2390.826
2017-05-28 19:57:08.71,-776.918,2803.010,2392.250
2017-05-28 19:57:13.70,-772.480,2804.126,2393.861
2017-05-28 19:57:18.69,-773.851,2801.243,2399.230
2017-05-28 19:57:23.68,-775.385,2800.204,2400.833
2017-05-28 19:57:28.67,-770.557,2800.239,2399.176
2017-05-28 19:57:33.66,-773.624,2803.118,2399.213
2017-05-28 19:57:38.65,-774.414,2802.902,2398.102
2017-05-28 19:57:43.64,-775.779,2803.423,2402.438
2017-05-28 19:57:48.64,-773.017,2802.709,2399.606
2017-05-28 19:57:53.63,-769.466,2803.198,2401.149
2017-05-28 19:57:58.62,-773.482,2802.953,2396.987
2017-05-28 19:58:03.61,-777.633,2799.791,2399.316
2017-05-28 19:58:08.60,-772.915,2802.932,2399.125
2017-05-28 19:58:13.59,-776.396,2801.461,2397.783
2017-05-28 19:58:18.58,-776.056,2800.458,2401.156
2017-05-28 19:58:23.57,-776.593,2801.826,2399.281
2017-05-28 19:58:28.57,-772.934,2802.855,2399.279
2017-05-28 19:58:33.56,-769.294,2802.380,2397.852
2017-05-28 19:58:38.55,-772.959,2803.908,2398.114
2017-05-28 19:58:43.54,-770.472,2806.872,2398.512
2017-05-28 19:58:48.53,-767.936,2809.327,2400.191
2017-05-28 19:58:53.52,-770.062,2806.023,2402.465
2017-05-28 19:58:58.51,-770.463,2805.262,2403.701
2017-05-28 19:59:03.50,-771.222,2802.931,2401.742
2017-05-28 19:59:08.49,-773.935,2802.778,2399.781
2017-05-28 19:59:13.49,-773.486,2803.431,2395.508
2017-05-28 19:59:18.48,-774.975,2803.179,2399.593
2017-05-28 19:59:23.47,-776.021,2803.972,2397.747
2017-05-28 19:59:28.46,-774.612,2804.195,2399.482
2017-05-28 19:59:33.45,-772.446,2804.237,2396.659
2017-05-28 19:59:38.44,-774.740,2803.346,2397.653
2017-05-28 19:59:43.43,-773.521,2803.410,2403.441
2017-05-28 19:59:48.42,-771.215,2803.368,2402.248
2017-05-28 19:59:53.41,-765.809,2807.675,2404.069
2017-05-28 19:59:58.41,-774.354,2803.999,2398.380
2017-05-28 20:00:03.40,-775.129,2803.937,2401.174
2017-05-28 20:00:08.39,-771.024,2803.896,2402.543
2017-05-28 20:00:13.38,-768.517,2802.949,2398.913
2017-05-28 20:00:18.37,-770.909,2801.883,2402.578
2017-05-28 20:00:23.36,-769.202,2800.777,2402.058
2017-05-28 20:00:28.35,-767.605,2803.135,2399.758
2017-05-28 20:00:33.34,-769.171,2805.333,2400.985
2017-05-28 20:00:38.33,-773.681,2803.988,2398.784
2017-05-28 20:00:43.33,-774.642,2801.419,2398.239
2017-05-28 20:00:48.32,-777.520,2803.199,2399.673
2017-05-28 20:00:53.32,-776.852,2804.607,2397.437
2017-05-28 20:00:58.32,-775.404,2799.432,2401.417
2017-05-28 20:01:03.29,-777.396,2798.226,2398.465
2017-05-28 20:01:08.30,-774.283,2800.512,2399.482
2017-05-28 20:01:13.29,-772.868,2800.894,2399.700
2017-05-28 20:01:18.28,-773.225,2798.578,2400.846
2017-05-28 20:01:23.27,-769.625,2801.477,2402.071
2017-05-28 20:01:28.26,-771.326,2800.569,2400.627
2017-05-28 20:01:33.25,-772.517,2799.813,2398.291
2017-05-28 20:01:38.24,-771.808,2800.786,2398.559
2017-05-28 20:01:43.24,-772.764,2802.045,2395.957
2017-05-28 20:01:48.23,-772.266,2803.703,2399.199
2017-05-28 20:01:53.22,-769.399,2802.555,2399.331
2017-05-28 20:01:58.21,-770.567,2801.541,2399.218
2017-05-28 20:02:03.20,-770.770,2801.819,2399.398
2017-05-28 20:02:08.19,-770.976,2802.580,2399.656
2017-05-28 20:02:13.18,-770.675,2797.983,2395.876
2017-05-28 20:02:18.17,-769.852,2798.777,2399.126
2017-05-28 20:02:23.16,-771.150,2798.566,2399.471
2017-05-28 20:02:28.16,-771.759,2798.861,2399.529
2017-05-28 20:02:33.15,-772.836,2800.362,2398.549
2017-05-28 20:02:38.14,-771.707,2799.234,2397.656
2017-05-28 20:02:43.13,-770.934,2801.836,2399.032
2017-05-28 20:02:48.12,-772.394,2801.734,2399.779
2017-05-28 20:02:53.11,-773.927,2801.275,2395.270
2017-05-28 20:02:58.10,-773.875,2800.989,2396.084
2017-05-28 20:03:03.09,-771.999,2798.708,2398.934
2017-05-28 20:03:08.08,-775.276,2797.307,2396.820
2017-05-28 20:03:13.08,-774.807,2798.977,2398.688
2017-05-28 20:03:18.07,-773.192,2801.457,2401.512
2017-05-28 20:03:23.06,-774.706,2799.489,2402.332
2017-05-28 20:03:28.05,-774.372,2799.911,2399.702
2017-05-28 20:03:33.04,-776.734,2800.392,2400.938
2017-05-28 20:03:38.03,-770.835,2801.374,2403.388
2017-05-28 20:03:43.02,-774.093,2803.049,2402.991
2017-05-28 20:03:48.01,-770.839,2804.803,2402.375
2017-05-28 20:03:53.01,-771.604,2804.146,2402.768
2017-05-28 20:03:58.00,-775.644,2803.347,2400.510
2017-05-28 20:04:02.99,-775.940,2803.276,2398.703
2017-05-28 20:04:07.98,-776.661,2802.712,2398.689
2017-05-28 20:04:12.97,-775.996,2800.783,2404.296
2017-05-28 20:04:17.96,-774.195,2800.901,2401.540
2017-05-28 20:04:22.95,-775.469,2799.529,2400.852
2017-05-28 20:04:27.94,-773.773,2798.300,2399.420
2017-05-28 20:04:32.93,-774.618,2796.834,2398.649
2017-05-28 20:04:37.93,-772.398,2797.671,2398.040
2017-05-28 20:04:42.92,-776.243,2797.939,2394.542
2017-05-28 20:04:47.91,-777.142,2798.088,2391.852
2017-05-28 20:04:52.90,-772.679,2800.404,2389.071
2017-05-28 20:04:57.89,-768.104,2802.952,2391.148
2017-05-28 20:05:02.88,-772.672,2799.942,2392.280
2017-05-28 20:05:07.89,-773.685,2801.510,2393.738
2017-05-28 20:05:12.88,-774.140,2804.535,2396.088
2017-05-28 20:05:17.87,-774.666,2802.099,2394.281
2017-05-28 20:05:22.86,-774.403,2803.163,2391.380
2017-05-28 20:05:27.85,-777.601,2801.838,2390.660
2017-05-28 20:05:32.84,-774.377,2804.155,2391.529
2017-05-28 20:05:37.84,-778.247,2800.870,2395.411
2017-05-28 20:05:42.83,-778.197,2803.015,2398.746
2017-05-28 20:05:47.82,-777.529,2804.529,2398.227
2017-05-28 20:05:52.81,-773.008,2804.764,2398.062
2017-05-28 20:05:57.80,-772.597,2804.223,2397.042
2017-05-28 20:06:02.79,-776.271,2803.078,2397.564
2017-05-28 20:06:07.78,-774.214,2803.863,2397.230
2017-05-28 20:06:12.77,-774.887,2805.289,2392.457
2017-05-28 20:06:17.76,-777.716,2802.425,2396.172
2017-05-28 20:06:22.76,-772.824,2803.615,2394.552
2017-05-28 20:06:27.75,-774.332,2803.223,2395.071
2017-05-28 20:06:32.74,-774.919,2802.947,2398.007
2017-05-28 20:06:37.73,-770.737,2806.581,2397.422
2017-05-28 20:06:42.72,-775.916,2802.154,2398.388
2017-05-28 20:06:47.71,-774.722,2806.031,2402.977
2017-05-28 20:06:52.70,-775.438,2804.042,2402.878
2017-05-28 20:06:57.69,-775.408,2803.985,2401.632
2017-05-28 20:07:02.68,-773.536,2803.540,2400.368
2017-05-28 20:07:07.68,-774.027,2804.146,2399.495
2017-05-28 20:07:12.67,-774.484,2804.128,2397.758
2017-05-28 20:07:17.66,-776.719,2804.954,2395.892
2017-05-28 20:07:22.65,-775.091,2805.083,2399.957
2017-05-28 20:07:27.64,-775.643,2806.216,2398.062
2017-05-28 20:07:32.63,-775.074,2804.245,2393.745
2017-05-28 20:07:37.62,-775.799,2802.459,2398.121
2017-05-28 20:07:42.61,-776.791,2803.257,2397.159
2017-05-28 20:07:47.60,-776.807,2802.498,2399.849
2017-05-28 20:07:52.60,-777.588,2803.411,2398.539
2017-05-28 20:07:57.59,-776.731,2804.408,2394.905
2017-05-28 20:08:02.58,-772.951,2806.020,2394.583
2017-05-28 20:08:07.57,-774.028,2805.559,2394.588
2017-05-28 20:08:12.56,-776.045,2804.379,2396.325
2017-05-28 20:08:17.55,-776.073,2804.059,2399.675
2017-05-28 20:08:22.54,-772.609,2806.669,2398.300
2017-05-28 20:08:27.53,-775.856,2803.575,2394.664
2017-05-28 20:08:32.52,-777.065,2801.646,2399.208
2017-05-28 20:08:37.52,-774.592,2804.538,2397.813
2017-05-28 20:08:42.51,-771.878,2806.758,2400.251
2017-05-28 20:08:47.50,-772.722,2807.678,2400.421
2017-05-28 20:08:52.49,-773.473,2806.542,2399.929
2017-05-28 20:08:57.48,-770.683,2806.425,2396.009
2017-05-28 20:09:02.47,-772.294,2808.129,2400.046
2017-05-28 20:09:07.46,-777.741,2804.068,2401.442
2017-05-28 20:09:12.45,-774.781,2804.463,2399.724
2017-05-28 20:09:17.45,-776.309,2803.514,2399.635
2017-05-28 20:09:22.44,-776.418,2804.244,2396.380
2017-05-28 20:09:27.43,-776.732,2804.912,2396.971
2017-05-28 20:09:32.43,-775.564,2802.380,2396.044
2017-05-28 20:09:37.43,-776.428,2801.524,2399.469
2017-05-28 20:09:42.42,-775.369,2802.912,2399.848
2017-05-28 20:09:47.41,-779.091,2803.623,2397.422
2017-05-28 20:09:52.40,-780.244,2802.760,2401.608
2017-05-28 20:09:57.39,-778.655,2804.276,2400.308
2017-05-28 20:10:02.38,-778.783,2801.844,2403.072
2017-05-28 20:10:07.37,-776.492,2800.194,2402.435
2017-05-28 20:10:12.36,-778.469,2801.322,2400.519
2017-05-28 20:10:17.35,-781.162,2801.638,2400.058
2017-05-28 20:10:22.35,-778.612,2802.395,2398.023
2017-05-28 20:10:27.34,-779.488,2803.202,2398.902
2017-05-28 20:10:32.33,-780.119,2803.605,2398.672
2017-05-28 20:10:37.32,-779.356,2804.962,2399.559
2017-05-28 20:10:42.31,-777.289,2802.651,2397.974
2017-05-28 20:10:47.30,-778.612,2802.992,2399.985
2017-05-28 20:10:52.29,-779.148,2804.375,2396.652
2017-05-28 20:10:57.28,-777.879,2805.825,2395.805
2017-05-28 20:11:02.28,-776.032,2805.822,2392.498
2017-05-28 20:11:07.27,-778.853,2803.600,2397.593
2017-05-28 20:11:12.26,-776.818,2803.681,2400.364
2017-05-28 20:11:17.25,-777.804,2802.443,2396.820
2017-05-28 20:11:22.24,-780.364,2803.435,2400.421
2017-05-28 20:11:27.23,-779.801,2803.111,2397.003
2017-05-28 20:11:32.22,-775.892,2801.411,2395.466
2017-05-28 20:11:37.21,-776.861,2802.160,2397.302
2017-05-28 20:11:42.20,-775.612,2803.569,2393.314
2017-05-28 20:11:47.20,-776.725,2801.088,2396.011
2017-05-28 20:11:52.19,-776.229,2802.984,2394.862
2017-05-28 20:11:57.18,-773.492,2803.348,2391.020
2017-05-28 20:12:02.17,-774.920,2802.546,2394.567
2017-05-28 20:12:07.16,-775.591,2802.002,2393.220
2017-05-28 20:12:12.15,-775.780,2800.126,2394.363
2017-05-28 20:12:17.14,-775.380,2802.404,2395.586
2017-05-28 20:12:22.13,-773.426,2802.622,2394.596
2017-05-28 20:12:27.12,-774.987,2802.678,2397.125
2017-05-28 20:12:32.12,-776.459,2802.493,2399.845
2017-05-28 20:12:37.11,-772.133,2803.745,2397.945
2017-05-28 20:12:42.10,-772.649,2802.601,2399.029
2017-05-28 20:12:47.09,-772.779,2801.310,2397.816
2017-05-28 20:12:52.10,-776.085,2799.061,2397.664
2017-05-28 20:12:57.09,-774.663,2799.134,2400.130
2017-05-28 20:13:02.08,-773.379,2799.900,2404.209
2017-05-28 20:13:07.07,-775.882,2800.378,2399.516
2017-05-28 20:13:12.06,-774.205,2799.604,2403.748
2017-05-28 20:13:17.05,-774.606,2800.270,2402.382
2017-05-28 20:13:22.04,-774.845,2802.629,2398.396
2017-05-28 20:13:27.03,-773.905,2801.751,2401.037
2017-05-28 20:13:32.03,-773.802,2801.739,2402.188
2017-05-28 20:13:37.02,-772.512,2801.269,2399.404
2017-05-28 20:13:42.01,-770.722,2801.907,2400.343
2017-05-28 20:13:47.00,-772.641,2800.052,2398.415
2017-05-28 20:13:51.99,-772.086,2800.015,2397.699
2017-05-28 20:13:56.98,-774.861,2801.255,2402.042
2017-05-28 20:14:01.97,-772.079,2803.481,2403.242
2017-05-28 20:14:06.96,-773.264,2800.915,2399.251
2017-05-28 20:14:11.95,-771.305,2799.644,2399.681
2017-05-28 20:14:16.95,-772.848,2801.385,2400.442
2017-05-28 20:14:21.94,-774.789,2799.549,2398.505
2017-05-28 20:14:26.93,-774.647,2800.295,2396.785
2017-05-28 20:14:31.92,-772.104,2799.036,2397.756
2017-05-28 20:14:36.91,-771.041,2799.611,2399.122
2017-05-28 20:14:41.90,-769.399,2799.008,2397.079
2017-05-28 20:14:46.89,-770.464,2800.729,2395.455
2017-05-28 20:14:51.88,-770.708,2800.575,2397.902
2017-05-28 20:14:56.88,-774.507,2799.227,2398.494
2017-05-28 20:15:01.87,-775.448,2800.139,2398.964
2017-05-28 20:15:06.86,-775.680,2799.305,2397.834
2017-05-28 20:15:11.85,-772.215,2801.553,2396.817
2017-05-28 20:15:16.84,-770.859,2802.721,2398.573
2017-05-28 20:15:21.83,-774.638,2802.274,2397.468
2017-05-28 20:15:26.83,-773.947,2801.753,2398.681
2017-05-28 20:15:31.82,-775.482,2799.658,2401.774
2017-05-28 20:15:36.81,-774.781,2801.832,2395.640
2017-05-28 20:15:41.80,-775.624,2800.480,2395.891
2017-05-28 20:15:46.79,-775.646,2800.406,2399.599
2017-05-28 20:15:51.78,-778.326,2801.975,2399.461
2017-05-28 20:15:56.77,-774.881,2802.232,2400.096
2017-05-28 20:16:01.77,-775.804,2801.442,2398.922
2017-05-28 20:16:06.76,-770.301,2802.302,2397.540
2017-05-28 20:16:11.75,-769.384,2803.988,2399.671
2017-05-28 20:16:16.74,-772.257,2803.548,2400.278
2017-05-28 20:16:21.73,-772.734,2802.630,2396.711
2017-05-28 20:16:26.72,-773.213,2800.146,2403.831
2017-05-28 20:16:31.72,-774.431,2802.056,2399.432
2017-05-28 20:16:36.71,-773.934,2802.355,2401.931
2017-05-28 20:16:41.70,-778.221,2799.624,2403.727
2017-05-28 20:16:46.69,-771.581,2802.010,2403.359
2017-05-28 20:16:51.70,-772.941,2802.839,2396.279
2017-05-28 20:16:56.69,-774.766,2800.106,2399.483
2017-05-28 20:17:01.68,-777.764,2799.122,2401.656
2017-05-28 20:17:06.67,-775.995,2797.490,2400.934
2017-05-28 20:17:11.66,-773.819,2797.986,2398.401
2017-05-28 20:17:16.65,-771.994,2800.472,2399.301
2017-05-28 20:17:21.65,-775.949,2797.798,2398.136
2017-05-28 20:17:26.64,-775.910,2800.354,2397.721
2017-05-28 20:17:31.63,-774.142,2800.928,2394.563
2017-05-28 20:17:36.62,-777.891,2797.993,2395.856
2017-05-28 20:17:41.61,-772.607,2802.129,2398.029
2017-05-28 20:17:46.60,-773.428,2802.212,2392.666
2017-05-28 20:17:51.59,-771.881,2801.916,2394.903
2017-05-28 20:17:56.59,-772.694,2803.616,2393.412
2017-05-28 20:18:01.58,-773.111,2804.146,2396.055
2017-05-28 20:18:06.57,-771.420,2802.573,2393.878
2017-05-28 20:18:11.56,-774.527,2801.665,2393.837
2017-05-28 20:18:16.55,-775.149,2798.072,2397.271
2017-05-28 20:18:21.54,-772.401,2799.533,2397.996
2017-05-28 20:18:26.53,-772.925,2801.352,2398.015
2017-05-28 20:18:31.53,-777.379,2798.458,2399.047
2017-05-28 20:18:36.52,-776.494,2801.605,2393.591
2017-05-28 20:18:41.51,-775.316,2798.776,2391.618
2017-05-28 20:18:46.50,-775.811,2797.896,2394.483
2017-05-28 20:18:51.49,-775.719,2798.003,2391.835
2017-05-28 20:18:56.48,-776.933,2799.565,2390.022
2017-05-28 20:19:01.47,-775.526,2797.618,2393.026
2017-05-28 20:19:06.46,-775.709,2800.072,2393.394
2017-05-28 20:19:11.46,-775.375,2800.582,2393.130
2017-05-28 20:19:16.45,-770.733,2800.888,2392.979
2017-05-28 20:19:21.44,-774.195,2799.066,2392.361
2017-05-28 20:19:26.43,-775.553,2799.281,2394.762
2017-05-28 20:19:31.42,-774.835,2800.126,2390.194
2017-05-28 20:19:36.41,-775.076,2800.341,2392.482
2017-05-28 20:19:41.40,-772.338,2800.168,2392.312
2017-05-28 20:19:46.40,-772.362,2801.425,2393.206
2017-05-28 20:19:51.39,-770.721,2804.114,2394.898
2017-05-28 20:19:56.38,-776.409,2802.050,2393.438
2017-05-28 20:20:01.37,-772.664,2803.735,2392.225
2017-05-28 20:20:06.36,-773.683,2804.371,2392.175
2017-05-28 20:20:11.35,-777.134,2802.026,2392.899
2017-05-28 20:20:16.34,-774.916,2799.353,2393.253
2017-05-28 20:20:21.34,-773.526,2799.298,2388.520
2017-05-28 20:20:26.33,-775.799,2802.076,2390.687
2017-05-28 20:20:31.32,-775.749,2801.660,2391.510
2017-05-28 20:20:36.31,-774.297,2802.828,2391.348
2017-05-28 20:20:41.30,-775.259,2802.318,2391.903
2017-05-28 20:20:46.31,-773.484,2801.727,2393.210
2017-05-28 20:20:51.30,-774.516,2802.757,2395.908
2017-05-28 20:20:56.29,-773.761,2802.488,2391.763
2017-05-28 20:21:01.28,-773.278,2802.884,2391.193
2017-05-28 20:21:06.27,-771.532,2802.606,2390.515
2017-05-28 20:21:11.27,-771.965,2800.104,2391.352
2017-05-28 20:21:16.26,-773.964,2799.705,2393.912
2017-05-28 20:21:21.25,-776.491,2799.756,2394.521
2017-05-28 20:21:26.24,-775.888,2801.175,2392.997
2017-05-28 20:21:31.23,-778.897,2799.566,2393.626
2017-05-28 20:21:36.22,-774.997,2798.319,2392.578
2017-05-28 20:21:41.21,-773.445,2800.502,2394.701
2017-05-28 20:21:46.21,-776.738,2802.642,2391.836
2017-05-28 20:21:51.20,-776.607,2798.712,2393.207
2017-05-28 20:21:56.19,-776.464,2801.395,2389.469
2017-05-28 20:22:01.18,-777.940,2799.374,2391.079
2017-05-28 20:22:06.17,-779.089,2800.089,2389.465
2017-05-28 20:22:11.16,-782.201,2800.688,2388.994
2017-05-28 20:22:16.15,-780.678,2797.919,2391.976
2017-05-28 20:22:21.14,-778.639,2801.856,2392.162
2017-05-28 20:22:26.14,-776.662,2801.624,2391.228
2017-05-28 20:22:31.13,-778.135,2799.680,2388.346
2017-05-28 20:22:36.12,-779.760,2800.828,2387.827
2017-05-28 20:22:41.11,-778.866,2800.965,2388.712
2017-05-28 20:22:46.10,-779.166,2800.935,2390.849
2017-05-28 20:22:51.09,-781.657,2804.603,2390.997
2017-05-28 20:22:56.08,-778.471,2803.464,2391.694
2017-05-28 20:23:01.07,-777.409,2801.115,2391.496
2017-05-28 20:23:06.07,-777.956,2800.545,2396.056
2017-05-28 20:23:11.06,-776.961,2800.780,2395.020
2017-05-28 20:23:16.05,-778.962,2799.998,2395.567
2017-05-28 20:23:21.04,-776.328,2801.812,2395.202
2017-05-28 20:23:26.03,-772.004,2802.439,2392.420
2017-05-28 20:23:31.02,-774.206,2803.368,2392.401
2017-05-28 20:23:36.01,-776.879,2801.229,2393.144
2017-05-28 20:23:41.01,-777.404,2800.792,2394.818
2017-05-28 20:23:46.00,-777.168,2798.654,2394.297
2017-05-28 20:23:50.99,-772.290,2801.330,2395.317
2017-05-28 20:23:55.98,-773.457,2803.461,2392.934
2017-05-28 20:24:00.97,-777.371,2798.221,2391.266
2017-05-28 20:24:05.96,-776.754,2796.241,2396.045
2017-05-28 20:24:10.95,-775.735,2798.336,2394.773
2017-05-28 20:24:15.94,-777.326,2800.502,2397.449
2017-05-28 20:24:20.94,-774.067,2800.611,2397.757
2017-05-28 20:24:25.93,-771.966,2797.861,2394.131
2017-05-28 20:24:30.92,-773.995,2797.293,2392.125
2017-05-28 20:24:35.91,-774.104,2798.550,2395.052
2017-05-28 20:24:40.90,-774.819,2797.866,2392.678
2017-05-28 20:24:45.89,-776.944,2799.658,2394.120
2017-05-28 20:24:50.88,-776.429,2798.139,2396.242
2017-05-28 20:24:55.87,-783.010,2795.596,2392.857
2017-05-28 20:25:00.87,-769.850,2802.319,2392.737
2017-05-28 20:25:05.86,-770.127,2799.495,2394.271
2017-05-28 20:25:10.85,-775.943,2797.225,2394.464
2017-05-28 20:25:15.84,-777.957,2797.927,2396.187
2017-05-28 20:25:20.85,-777.457,2798.188,2395.839
2017-05-28 20:25:25.84,-778.903,2793.891,2392.535
2017-05-28 20:25:30.83,-773.774,2796.338,2398.038
2017-05-28 20:25:35.82,-777.343,2798.071,2397.999
2017-05-28 20:25:40.81,-776.939,2798.414,2392.818
2017-05-28 20:25:45.80,-778.571,2797.354,2394.191
2017-05-28 20:25:50.79,-776.164,2799.071,2390.858
2017-05-28 20:25:55.79,-772.984,2799.235,2388.543
2017-05-28 20:26:00.78,-772.621,2797.870,2391.046
2017-05-28 20:26:05.77,-774.671,2798.233,2390.028
2017-05-28 20:26:10.76,-774.208,2797.142,2390.101
2017-05-28 20:26:15.75,-778.181,2793.639,2389.276
2017-05-28 20:26:20.74,-777.166,2795.432,2393.525
2017-05-28 20:26:25.73,-778.489,2796.948,2394.815
2017-05-28 20:26:30.72,-779.033,2796.526,2395.906
2017-05-28 20:26:35.72,-777.079,2796.213,2395.677
2017-05-28 20:26:40.71,-774.469,2798.631,2393.047
2017-05-28 20:26:45.70,-775.878,2798.125,2393.402
2017-05-28 20:26:50.69,-772.994,2798.876,2390.650
2017-05-28 20:26:55.68,-775.632,2797.725,2391.778
2017-05-28 20:27:00.67,-774.989,2798.388,2392.760
2017-05-28 20:27:05.66,-773.866,2797.821,2393.500
2017-05-28 20:27:10.66,-776.504,2796.809,2392.424
2017-05-28 20:27:15.65,-772.848,2795.566,2394.237
2017-05-28 20:27:20.64,-772.343,2796.475,2394.657
2017-05-28 20:27:25.63,-777.264,2796.753,2394.322
2017-05-28 20:27:30.62,-774.331,2794.731,2394.345
2017-05-28 20:27:35.61,-774.414,2798.298,2394.660
2017-05-28 20:27:40.60,-771.285,2801.028,2393.152
2017-05-28 20:27:45.59,-777.346,2797.874,2397.299
2017-05-28 20:27:50.59,-769.612,2802.795,2391.549
2017-05-28 20:27:55.58,-770.111,2798.913,2393.588
2017-05-28 20:28:00.57,-772.576,2798.201,2391.692
2017-05-28 20:28:05.56,-774.424,2800.135,2390.392
2017-05-28 20:28:10.55,-777.889,2801.431,2391.712
2017-05-28 20:28:15.54,-778.238,2801.196,2393.133
2017-05-28 20:28:20.53,-771.275,2800.772,2394.421
2017-05-28 20:28:25.52,-772.448,2799.095,2394.938
2017-05-28 20:28:30.52,-772.091,2801.255,2392.079
2017-05-28 20:28:35.51,-774.538,2800.423,2394.086
2017-05-28 20:28:40.50,-777.889,2797.270,2392.812
2017-05-28 20:28:45.49,-777.577,2798.288,2387.739
2017-05-28 20:28:50.48,-776.937,2798.038,2389.485
2017-05-28 20:28:55.47,-779.893,2795.813,2392.735
2017-05-28 20:29:00.46,-782.093,2795.103,2395.828
2017-05-28 20:29:05.45,-778.971,2799.455,2392.354
2017-05-28 20:29:10.45,-777.835,2801.028,2397.071
2017-05-28 20:29:15.44,-780.676,2798.602,2393.691
2017-05-28 20:29:20.43,-777.022,2799.984,2397.394
2017-05-28 20:29:25.42,-779.966,2799.935,2398.789
2017-05-28 20:29:30.41,-779.314,2799.248,2393.374
2017-05-28 20:29:35.40,-776.066,2797.432,2393.208
2017-05-28 20:29:40.39,-772.671,2799.552,2393.242
2017-05-28 20:29:45.38,-773.144,2799.218,2395.805
2017-05-28 20:29:50.38,-775.497,2797.980,2396.322
2017-05-28 20:29:55.37,-776.778,2799.850,2393.756
2017-05-28 20:30:00.36,-775.236,2800.568,2393.285
2017-05-28 20:30:05.35,-775.513,2801.490,2394.366
2017-05-28 20:30:10.34,-777.869,2797.264,2392.031
2017-05-28 20:30:15.33,-776.901,2798.677,2393.738
2017-05-28 20:30:20.32,-776.455,2798.202,2394.240
2017-05-28 20:30:25.31,-775.945,2799.776,2391.918
2017-05-28 20:30:30.31,-774.758,2801.919,2391.879
2017-05-28 20:30:35.30,-775.712,2802.105,2393.521
2017-05-28 20:30:40.29,-775.632,2798.746,2392.760
2017-05-28 20:30:45.28,-775.545,2798.510,2392.729
2017-05-28 20:30:50.27,-774.602,2799.621,2394.597
2017-05-28 20:30:55.26,-776.064,2800.512,2392.568
2017-05-28 20:31:00.25,-776.644,2801.885,2393.223
2017-05-28 20:31:05.24,-778.904,2799.490,2394.234
2017-05-28 20:31:10.24,-778.272,2802.502,2396.037
2017-05-28 20:31:15.23,-781.437,2801.428,2393.773
2017-05-28 20:31:20.22,-781.487,2800.349,2389.335
2017-05-28 20:31:25.21,-777.669,2802.115,2390.794
2017-05-28 20:31:30.20,-779.282,2801.069,2392.224
2017-05-28 20:31:35.19,-778.801,2801.793,2393.760
2017-05-28 20:31:40.18,-777.156,2802.195,2392.760
2017-05-28 20:31:45.17,-778.194,2801.630,2395.913
2017-05-28 20:31:50.17,-780.405,2801.270,2395.326
2017-05-28 20:31:55.16,-780.539,2799.594,2393.274
2017-05-28 20:32:00.15,-777.541,2800.947,2395.101
2017-05-28 20:32:05.14,-775.409,2803.090,2394.149
2017-05-28 20:32:10.13,-777.066,2800.038,2394.655
2017-05-28 20:32:15.12,-778.315,2802.230,2391.444
2017-05-28 20:32:20.11,-778.994,2801.681,2390.607
2017-05-28 20:32:25.10,-777.526,2798.699,2390.952
2017-05-28 20:32:30.09,-778.700,2797.189,2391.718
2017-05-28 20:32:35.09,-783.221,2800.377,2393.052
2017-05-28 20:32:40.08,-779.350,2799.671,2392.350
2017-05-28 20:32:45.07,-778.163,2801.050,2394.727
2017-05-28 20:32:50.06,-780.474,2796.904,2394.628
2017-05-28 20:32:55.05,-781.550,2798.228,2396.371
2017-05-28 20:33:00.04,-777.933,2800.913,2393.998
2017-05-28 20:33:05.03,-776.366,2799.717,2393.018
2017-05-28 20:33:10.03,-776.593,2800.491,2393.641
2017-05-28 20:33:15.02,-778.469,2802.496,2396.562
2017-05-28 20:33:20.01,-777.730,2800.977,2396.526
2017-05-28 20:33:25.00,-777.389,2802.151,2395.000
2017-05-28 20:33:29.99,-777.721,2800.505,2393.366
2017-05-28 20:33:34.98,-777.602,2800.600,2393.881
2017-05-28 20:33:39.97,-772.908,2803.791,2396.507
2017-05-28 20:33:44.96,-775.865,2803.422,2391.328
2017-05-28 20:33:49.96,-776.497,2801.845,2389.987
2017-05-28 20:33:54.95,-776.205,2802.567,2390.855
2017-05-28 20:33:59.94,-774.870,2801.041,2394.500
2017-05-28 20:34:04.94,-775.687,2800.424,2396.354
2017-05-28 20:34:09.94,-775.515,2797.657,2393.959
2017-05-28 20:34:14.93,-775.701,2798.904,2396.691
2017-05-28 20:34:19.92,-775.004,2800.432,2393.847
2017-05-28 20:34:24.91,-776.985,2799.914,2394.066
2017-05-28 20:34:29.90,-778.605,2801.252,2392.332
2017-05-28 20:34:34.89,-777.606,2801.983,2392.795
2017-05-28 20:34:39.88,-779.574,2802.041,2392.284
2017-05-28 20:34:44.87,-775.333,2804.492,2390.957
2017-05-28 20:34:49.87,-772.221,2803.243,2392.475
2017-05-28 20:34:54.86,-773.421,2801.048,2391.909
2017-05-28 20:34:59.85,-777.283,2799.752,2389.863
2017-05-28 20:35:04.84,-775.229,2800.209,2393.344
2017-05-28 20:35:09.83,-774.075,2799.362,2395.498
2017-05-28 20:35:14.82,-774.360,2800.329,2390.381
2017-05-28 20:35:19.81,-772.955,2798.630,2387.902
2017-05-28 20:35:24.80,-775.976,2799.063,2390.941
2017-05-28 20:35:29.79,-778.277,2798.770,2389.933
2017-05-28 20:35:34.79,-778.026,2797.418,2391.013
2017-05-28 20:35:39.78,-773.464,2800.320,2393.346
2017-05-28 20:35:44.77,-768.862,2801.828,2393.048
2017-05-28 20:35:49.76,-768.839,2801.662,2391.516
2017-05-28 20:35:54.75,-771.719,2799.930,2390.225
2017-05-28 20:35:59.74,-773.561,2799.816,2393.636
2017-05-28 20:36:04.73,-773.372,2797.903,2393.396
2017-05-28 20:36:09.73,-775.800,2799.475,2390.677
2017-05-28 20:36:14.72,-774.636,2799.912,2388.864
2017-05-28 20:36:19.71,-776.590,2800.687,2390.161
2017-05-28 20:36:24.70,-780.094,2800.036,2390.334
2017-05-28 20:36:29.69,-782.686,2796.934,2391.095
2017-05-28 20:36:34.68,-780.239,2798.131,2392.559
2017-05-28 20:36:39.67,-778.324,2800.339,2392.919
2017-05-28 20:36:44.66,-778.581,2801.105,2394.681
2017-05-28 20:36:49.66,-779.312,2800.041,2391.394
2017-05-28 20:36:54.65,-776.044,2799.965,2389.937
2017-05-28 20:36:59.64,-780.297,2798.055,2392.545
2017-05-28 20:37:04.63,-783.415,2797.304,2393.377
2017-05-28 20:37:09.62,-784.437,2795.985,2393.215
2017-05-28 20:37:14.61,-781.059,2799.615,2390.139
2017-05-28 20:37:19.60,-780.482,2800.671,2391.606
2017-05-28 20:37:24.59,-780.212,2798.339,2393.992
2017-05-28 20:37:29.58,-779.012,2799.520,2394.762
2017-05-28 20:37:34.58,-779.286,2797.812,2392.598
2017-05-28 20:37:39.57,-780.090,2799.032,2393.754
2017-05-28 20:37:44.56,-780.412,2798.932,2389.628
2017-05-28 20:37:49.55,-777.519,2796.899,2389.072
2017-05-28 20:37:54.54,-776.942,2798.689,2389.631
2017-05-28 20:37:59.53,-776.059,2796.202,2393.432
2017-05-28 20:38:04.52,-781.331,2795.779,2390.935
2017-05-28 20:38:09.51,-778.787,2798.106,2391.698
2017-05-28 20:38:14.51,-776.891,2801.937,2389.313
2017-05-28 20:38:19.50,-777.021,2799.918,2386.411
2017-05-28 20:38:24.49,-776.618,2800.693,2391.832
2017-05-28 20:38:29.48,-772.968,2800.095,2395.308
2017-05-28 20:38:34.47,-773.295,2800.291,2392.868
2017-05-28 20:38:39.46,-772.708,2798.551,2389.871
2017-05-28 20:38:44.45,-776.776,2798.562,2393.131
2017-05-28 20:38:49.44,-776.785,2799.498,2395.364
2017-05-28 20:38:54.44,-778.977,2799.621,2392.404
2017-05-28 20:38:59.43,-775.674,2796.802,2392.877
2017-05-28 20:39:04.43,-775.185,2799.384,2393.874
2017-05-28 20:39:09.43,-775.982,2799.801,2390.901
2017-05-28 20:39:14.40,-777.472,2799.380,2393.530
2017-05-28 20:39:19.41,-780.118,2796.344,2392.556
2017-05-28 20:39:24.40,-775.625,2798.175,2388.384
2017-05-28 20:39:29.39,-774.936,2796.797,2390.850
2017-05-28 20:39:34.38,-773.854,2798.175,2393.362
2017-05-28 20:39:39.37,-778.499,2798.537,2396.874
2017-05-28 20:39:44.36,-778.078,2796.428,2399.129
2017-05-28 20:39:49.35,-776.359,2796.992,2398.707
2017-05-28 20:39:54.35,-775.904,2797.144,2398.503
2017-05-28 20:39:59.34,-777.109,2797.205,2399.414
2017-05-28 20:40:04.33,-775.965,2799.183,2398.242
2017-05-28 20:40:09.32,-781.335,2797.396,2394.491
2017-05-28 20:40:14.31,-779.619,2798.127,2394.677
2017-05-28 20:40:19.30,-778.609,2799.787,2393.658
2017-05-28 20:40:24.29,-777.538,2799.593,2396.063
2017-05-28 20:40:29.28,-778.755,2799.659,2394.817
2017-05-28 20:40:34.28,-779.416,2798.398,2396.545
2017-05-28 20:40:39.27,-778.902,2799.210,2397.322
2017-05-28 20:40:44.26,-779.231,2798.464,2394.854
2017-05-28 20:40:49.25,-777.918,2796.305,2392.364
2017-05-28 20:40:54.24,-779.029,2798.661,2391.677
2017-05-28 20:40:59.23,-775.440,2799.228,2391.274
2017-05-28 20:41:04.22,-776.881,2800.316,2394.487
2017-05-28 20:41:09.21,-778.022,2799.813,2393.219
2017-05-28 20:41:14.20,-780.526,2800.336,2392.946
2017-05-28 20:41:19.20,-780.628,2799.164,2394.266
2017-05-28 20:41:24.19,-779.769,2799.968,2394.859
2017-05-28 20:41:29.18,-782.640,2797.472,2393.581
2017-05-28 20:41:34.17,-782.982,2797.887,2392.906
2017-05-28 20:41:39.16,-781.795,2799.171,2390.674
2017-05-28 20:41:44.15,-778.799,2799.118,2390.364
2017-05-28 20:41:49.14,-780.019,2799.250,2391.888
2017-05-28 20:41:54.13,-780.135,2798.766,2392.608
2017-05-28 20:41:59.13,-781.327,2799.154,2393.920
2017-05-28 20:42:04.12,-781.729,2798.270,2392.728
2017-05-28 20:42:09.11,-780.340,2800.225,2393.201
2017-05-28 20:42:14.10,-778.918,2799.861,2394.697
2017-05-28 20:42:19.09,-779.427,2800.041,2393.434
2017-05-28 20:42:24.08,-780.682,2798.667,2391.904
2017-05-28 20:42:29.07,-780.756,2799.522,2395.098
2017-05-28 20:42:34.06,-776.462,2800.836,2391.593
2017-05-28 20:42:39.06,-777.073,2801.312,2390.922
2017-05-28 20:42:44.05,-777.587,2799.757,2388.471
2017-05-28 20:42:49.04,-778.880,2797.118,2390.418
2017-05-28 20:42:54.03,-780.598,2799.438,2391.105
2017-05-28 20:42:59.02,-781.278,2797.575,2394.059
2017-05-28 20:43:04.01,-779.028,2795.229,2394.956
2017-05-28 20:43:09.00,-780.655,2797.482,2394.483
2017-05-28 20:43:13.99,-779.173,2799.991,2392.328
2017-05-28 20:43:18.98,-780.794,2799.454,2392.175
2017-05-28 20:43:23.98,-780.450,2802.611,2394.611
2017-05-28 20:43:28.97,-781.301,2800.188,2395.962
2017-05-28 20:43:33.96,-782.870,2797.634,2395.759
2017-05-28 20:43:38.95,-781.062,2797.474,2389.315
2017-05-28 20:43:43.94,-782.074,2795.220,2394.213
2017-05-28 20:43:48.93,-783.527,2797.163,2395.361
2017-05-28 20:43:53.92,-780.418,2797.401,2393.977
2017-05-28 20:43:58.92,-781.829,2799.571,2393.726
2017-05-28 20:44:03.91,-779.419,2798.660,2389.215
2017-05-28 20:44:08.90,-776.403,2800.620,2388.020
2017-05-28 20:44:13.89,-778.757,2799.402,2392.041
2017-05-28 20:44:18.88,-784.173,2800.003,2390.993
2017-05-28 20:44:23.87,-780.084,2800.107,2389.730
2017-05-28 20:44:28.86,-784.897,2799.651,2389.089
2017-05-28 20:44:33.85,-781.707,2797.384,2392.895
2017-05-28 20:44:38.84,-776.155,2800.369,2393.161
2017-05-28 20:44:43.85,-780.456,2797.996,2395.652
2017-05-28 20:44:48.84,-779.316,2799.496,2396.983
2017-05-28 20:44:53.83,-777.195,2799.731,2393.371
2017-05-28 20:44:58.82,-778.475,2797.775,2394.466
2017-05-28 20:45:03.82,-781.892,2796.197,2394.625
2017-05-28 20:45:08.81,-784.126,2798.139,2397.323
2017-05-28 20:45:13.80,-781.334,2798.921,2394.101
2017-05-28 20:45:18.79,-785.025,2796.549,2389.656
2017-05-28 20:45:23.78,-779.673,2799.721,2387.955
2017-05-28 20:45:28.77,-779.230,2797.993,2393.255
2017-05-28 20:45:33.76,-780.456,2795.942,2392.047
2017-05-28 20:45:38.75,-782.132,2794.906,2392.317
2017-05-28 20:45:43.75,-779.300,2800.561,2393.062
2017-05-28 20:45:48.74,-781.936,2799.590,2393.076
2017-05-28 20:45:53.73,-783.504,2800.451,2389.191
2017-05-28 20:45:58.72,-783.985,2800.072,2394.783
2017-05-28 20:46:03.71,-781.619,2798.851,2392.303
2017-05-28 20:46:08.70,-779.396,2800.458,2394.210
2017-05-28 20:46:13.69,-778.755,2800.730,2393.921
2017-05-28 20:46:18.68,-781.276,2798.139,2391.831
2017-05-28 20:46:23.68,-777.241,2797.735,2388.490
2017-05-28 20:46:28.67,-780.399,2798.970,2391.023
2017-05-28 20:46:33.66,-783.199,2796.851,2394.460
2017-05-28 20:46:38.65,-783.772,2796.447,2392.657
2017-05-28 20:46:43.64,-781.803,2797.843,2390.088
2017-05-28 20:46:48.63,-782.918,2797.233,2391.593
2017-05-28 20:46:53.62,-782.972,2797.515,2394.664
2017-05-28 20:46:58.61,-783.255,2797.864,2391.335
2017-05-28 20:47:03.61,-783.846,2798.547,2391.396
2017-05-28 20:47:08.60,-784.054,2797.599,2392.705
2017-05-28 20:47:13.59,-785.016,2794.591,2392.961
2017-05-28 20:47:18.58,-784.461,2795.611,2396.968
2017-05-28 20:47:23.57,-786.138,2796.414,2392.078
2017-05-28 20:47:28.56,-785.551,2796.136,2390.682
2017-05-28 20:47:33.55,-783.345,2795.683,2391.045
2017-05-28 20:47:38.54,-784.562,2795.854,2394.589
2017-05-28 20:47:43.53,-784.810,2794.600,2389.935
2017-05-28 20:47:48.53,-781.032,2795.214,2395.383
2017-05-28 20:47:53.52,-780.754,2795.403,2393.270
2017-05-28 20:47:58.51,-783.303,2796.750,2391.796
2017-05-28 20:48:03.50,-788.099,2794.115,2395.377
2017-05-28 20:48:08.49,-783.917,2793.020,2395.526
2017-05-28 20:48:13.48,-787.610,2793.469,2392.151
2017-05-28 20:48:18.47,-786.679,2797.638,2392.007
2017-05-28 20:48:23.47,-787.624,2798.395,2391.546
2017-05-28 20:48:28.46,-784.750,2798.413,2396.536
2017-05-28 20:48:33.46,-784.864,2798.202,2397.014
2017-05-28 20:48:38.45,-782.556,2799.676,2396.891
2017-05-28 20:48:43.44,-785.411,2798.886,2399.516
2017-05-28 20:48:48.44,-786.760,2796.997,2400.599
2017-05-28 20:48:53.43,-784.569,2797.412,2397.341
2017-05-28 20:48:58.42,-785.025,2796.032,2394.755
2017-05-28 20:49:03.41,-788.074,2793.192,2395.054
2017-05-28 20:49:08.40,-780.376,2798.035,2393.920
2017-05-28 20:49:13.39,-782.310,2796.984,2396.351
2017-05-28 20:49:18.38,-782.545,2798.325,2394.579
2017-05-28 20:49:23.37,-785.366,2794.832,2396.629
2017-05-28 20:49:28.36,-774.422,2800.056,2391.498
2017-05-28 20:49:33.36,-773.020,2801.773,2389.718
2017-05-28 20:49:38.35,-777.881,2800.348,2389.788
2017-05-28 20:49:43.34,-784.346,2797.942,2393.452
2017-05-28 20:49:48.33,-784.465,2797.841,2391.059
2017-05-28 20:49:53.32,-774.785,2802.712,2393.404
2017-05-28 20:49:58.31,-795.759,2789.734,2394.753
2017-05-28 20:50:03.30,-786.155,2797.383,2395.356
2017-05-28 20:50:08.29,-781.849,2797.627,2394.826
2017-05-28 20:50:13.28,-782.201,2796.104,2393.577
2017-05-28 20:50:18.27,-782.204,2795.831,2394.973
2017-05-28 20:50:23.27,-778.633,2796.649,2392.916
2017-05-28 20:50:28.26,-778.442,2796.875,2394.608
2017-05-28 20:50:33.25,-780.671,2795.561,2392.181
2017-05-28 20:50:38.24,-782.182,2797.582,2389.703
2017-05-28 20:50:43.23,-781.395,2794.805,2393.493
2017-05-28 20:50:48.22,-783.285,2795.926,2393.891
2017-05-28 20:50:53.21,-784.014,2794.193,2392.803
2017-05-28 20:50:58.20,-782.548,2796.770,2396.070
2017-05-28 20:51:03.19,-781.514,2794.388,2395.616
2017-05-28 20:51:08.19,-780.931,2793.934,2396.583
2017-05-28 20:51:13.18,-782.633,2795.468,2396.904
2017-05-28 20:51:18.17,-782.836,2795.558,2396.268
2017-05-28 20:51:23.16,-783.342,2796.740,2395.356
2017-05-28 20:51:28.15,-786.131,2793.181,2394.636
2017-05-28 20:51:33.14,-782.431,2796.533,2394.980
2017-05-28 20:51:38.15,-782.718,2796.906,2394.887
2017-05-28 20:51:43.12,-784.608,2791.931,2394.741
2017-05-28 20:51:48.11,-784.309,2794.895,2393.591
2017-05-28 20:51:53.12,-783.841,2793.568,2392.439
2017-05-28 20:51:58.11,-783.614,2795.625,2395.112
2017-05-28 20:52:03.10,-786.569,2795.638,2392.619
2017-05-28 20:52:08.09,-787.193,2795.476,2390.177
2017-05-28 20:52:13.09,-785.578,2795.266,2390.982
2017-05-28 20:52:18.08,-784.744,2795.467,2394.222
2017-05-28 20:52:23.07,-786.088,2794.410,2396.720
2017-05-28 20:52:28.06,-782.365,2794.437,2396.578
2017-05-28 20:52:33.05,-786.742,2794.332,2402.826
2017-05-28 20:52:38.04,-784.205,2798.652,2394.813
2017-05-28 20:52:43.03,-785.836,2796.303,2395.943
2017-05-28 20:52:48.02,-779.032,2799.081,2398.315
2017-05-28 20:52:53.01,-784.451,2796.488,2396.208
2017-05-28 20:52:58.01,-781.119,2796.452,2396.641
2017-05-28 20:53:03.00,-783.714,2794.987,2398.990
2017-05-28 20:53:07.99,-785.248,2794.812,2400.283
2017-05-28 20:53:12.98,-787.439,2790.743,2400.080
2017-05-28 20:53:17.97,-782.566,2796.756,2397.894
2017-05-28 20:53:22.96,-782.735,2795.556,2395.956
2017-05-28 20:53:27.95,-784.012,2794.696,2395.586
2017-05-28 20:53:32.94,-783.657,2794.533,2398.195
2017-05-28 20:53:37.93,-783.293,2793.309,2397.127
2017-05-28 20:53:42.93,-785.780,2794.388,2394.463
2017-05-28 20:53:47.92,-784.139,2795.611,2397.762
2017-05-28 20:53:52.91,-787.519,2791.933,2395.821
2017-05-28 20:53:57.90,-784.194,2796.269,2396.738
2017-05-28 20:54:02.89,-783.394,2796.737,2395.799
2017-05-28 20:54:07.88,-779.196,2795.959,2399.271
2017-05-28 20:54:12.87,-780.368,2794.989,2396.462
2017-05-28 20:54:17.86,-783.439,2794.876,2395.199
2017-05-28 20:54:22.85,-784.689,2795.711,2394.090
2017-05-28 20:54:27.85,-785.265,2795.090,2395.194
2017-05-28 20:54:32.84,-785.951,2794.585,2395.247
2017-05-28 20:54:37.83,-787.436,2793.738,2391.727
2017-05-28 20:54:42.82,-785.497,2793.053,2392.927
2017-05-28 20:54:47.81,-784.590,2796.920,2394.232
2017-05-28 20:54:52.80,-784.509,2798.409,2393.003
2017-05-28 20:54:57.79,-787.737,2794.451,2394.439
2017-05-28 20:55:02.78,-783.874,2794.326,2397.035
2017-05-28 20:55:07.77,-786.655,2794.055,2393.500
2017-05-28 20:55:12.77,-786.307,2793.634,2396.561
2017-05-28 20:55:17.76,-786.720,2794.812,2396.224
2017-05-28 20:55:22.75,-782.500,2795.894,2394.078
2017-05-28 20:55:27.74,-784.822,2792.328,2391.015
2017-05-28 20:55:32.73,-781.653,2795.468,2389.280
2017-05-28 20:55:37.72,-784.035,2795.536,2392.217
2017-05-28 20:55:42.71,-781.617,2797.389,2392.282
2017-05-28 20:55:47.70,-781.554,2795.526,2391.747
2017-05-28 20:55:52.69,-783.786,2792.292,2391.394
2017-05-28 20:55:57.69,-786.934,2793.395,2390.841
2017-05-28 20:56:02.68,-785.029,2794.732,2394.026
2017-05-28 20:56:07.67,-781.986,2794.234,2397.493
2017-05-28 20:56:12.66,-787.641,2790.759,2396.033
2017-05-28 20:56:17.65,-785.018,2792.730,2396.945
2017-05-28 20:56:22.64,-787.625,2790.359,2398.392
2017-05-28 20:56:27.63,-786.986,2794.942,2396.012
2017-05-28 20:56:32.64,-785.862,2795.217,2396.784
2017-05-28 20:56:37.63,-785.368,2793.798,2398.721
2017-05-28 20:56:42.62,-787.460,2796.958,2394.460
2017-05-28 20:56:47.61,-784.192,2797.816,2392.439
2017-05-28 20:56:52.60,-786.474,2796.496,2396.618
2017-05-28 20:56:57.59,-785.019,2797.571,2392.260
2017-05-28 20:57:02.59,-789.959,2794.374,2397.733
2017-05-28 20:57:07.58,-789.535,2793.819,2393.781
2017-05-28 20:57:12.57,-786.651,2798.649,2398.813
2017-05-28 20:57:17.56,-788.476,2797.948,2394.539
2017-05-28 20:57:22.55,-786.694,2798.487,2392.579
2017-05-28 20:57:27.54,-784.143,2797.388,2391.079
2017-05-28 20:57:32.53,-787.479,2795.608,2390.712
2017-05-28 20:57:37.52,-782.468,2797.915,2391.597
2017-05-28 20:57:42.51,-784.624,2793.020,2391.985
2017-05-28 20:57:47.51,-785.289,2798.106,2390.571
2017-05-28 20:57:52.50,-783.309,2796.770,2391.158
2017-05-28 20:57:57.49,-781.452,2797.681,2389.888
2017-05-28 20:58:02.48,-781.004,2795.971,2387.194
2017-05-28 20:58:07.47,-781.796,2796.555,2392.781
2017-05-28 20:58:12.46,-780.609,2796.211,2393.812
2017-05-28 20:58:17.45,-782.617,2794.221,2393.325
2017-05-28 20:58:22.44,-783.357,2795.675,2395.711
2017-05-28 20:58:27.44,-784.957,2794.217,2392.799
2017-05-28 20:58:32.43,-781.525,2798.612,2393.062
2017-05-28 20:58:37.42,-786.569,2795.508,2392.010
2017-05-28 20:58:42.41,-786.902,2796.114,2390.385
2017-05-28 20:58:47.40,-786.412,2797.443,2393.408
2017-05-28 20:58:52.39,-784.921,2797.954,2397.937
2017-05-28 20:58:57.38,-782.028,2798.481,2395.922
2017-05-28 20:59:02.37,-789.175,2795.209,2396.662
2017-05-28 20:59:07.36,-786.072,2796.331,2395.779
2017-05-28 20:59:12.36,-786.170,2794.036,2397.942
2017-05-28 20:59:17.35,-786.494,2796.066,2395.878
2017-05-28 20:59:22.34,-782.431,2796.602,2394.076
2017-05-28 20:59:27.33,-785.266,2792.912,2394.334
2017-05-28 20:59:32.32,-785.669,2795.049,2392.562
2017-05-28 20:59:37.31,-786.310,2792.099,2392.750
2017-05-28 20:59:42.30,-784.733,2790.850,2389.837
2017-05-28 20:59:47.29,-784.736,2793.023,2394.004
2017-05-28 20:59:52.28,-785.668,2796.091,2395.230
2017-05-28 20:59:57.28,-778.998,2796.227,2393.770
2017-05-28 21:00:02.27,-783.049,2794.054,2394.888
2017-05-28 21:00:07.26,-780.458,2795.149,2396.410
2017-05-28 21:00:12.25,-780.288,2794.377,2393.988
2017-05-28 21:00:17.24,-782.096,2794.874,2395.156
2017-05-28 21:00:22.23,-786.405,2798.536,2394.296
2017-05-28 21:00:27.22,-787.465,2796.552,2395.324
2017-05-28 21:00:32.21,-782.511,2798.597,2394.808
2017-05-28 21:00:37.20,-784.028,2799.642,2393.332
2017-05-28 21:00:42.20,-783.014,2797.226,2392.752
2017-05-28 21:00:47.19,-783.492,2798.614,2389.092
2017-05-28 21:00:52.18,-783.948,2796.823,2393.307
2017-05-28 21:00:57.17,-782.497,2793.390,2396.108
2017-05-28 21:01:02.16,-782.956,2794.303,2395.197
2017-05-28 21:01:07.15,-784.361,2792.040,2400.681
2017-05-28 21:01:12.14,-784.256,2791.503,2398.232
2017-05-28 21:01:17.13,-785.138,2792.143,2395.688
2017-05-28 21:01:22.13,-787.712,2793.261,2399.121
2017-05-28 21:01:27.12,-788.675,2792.642,2401.853
2017-05-28 21:01:32.11,-790.884,2792.914,2401.238
2017-05-28 21:01:37.10,-789.381,2793.469,2404.101
2017-05-28 21:01:42.09,-788.297,2793.421,2400.960
2017-05-28 21:01:47.08,-788.584,2793.163,2404.435
2017-05-28 21:01:52.07,-785.625,2794.295,2400.793
2017-05-28 21:01:57.06,-783.358,2793.966,2401.391
2017-05-28 21:02:02.06,-783.674,2792.888,2401.479
2017-05-28 21:02:07.05,-782.621,2792.159,2397.542
2017-05-28 21:02:12.04,-784.437,2794.224,2396.686
2017-05-28 21:02:17.03,-787.128,2795.725,2398.861
2017-05-28 21:02:22.02,-786.006,2795.245,2396.493
2017-05-28 21:02:27.01,-783.869,2793.177,2396.145
2017-05-28 21:02:32.00,-781.449,2796.189,2394.812
2017-05-28 21:02:37.01,-784.725,2794.061,2399.649
2017-05-28 21:02:42.00,-788.006,2794.497,2397.704
2017-05-28 21:02:46.99,-786.306,2797.500,2398.629
2017-05-28 21:02:51.98,-792.311,2793.676,2396.926
2017-05-28 21:02:56.97,-791.218,2796.118,2396.109
2017-05-28 21:03:01.96,-786.129,2796.282,2397.672
2017-05-28 21:03:06.96,-786.228,2796.543,2397.253
2017-05-28 21:03:11.95,-781.153,2797.879,2392.632
2017-05-28 21:03:16.94,-781.818,2797.425,2391.964
2017-05-28 21:03:21.93,-786.169,2792.490,2394.003
2017-05-28 21:03:26.92,-789.858,2790.464,2399.258
2017-05-28 21:03:31.91,-785.909,2794.081,2400.495
2017-05-28 21:03:36.90,-786.175,2792.690,2400.892
2017-05-28 21:03:41.89,-785.218,2790.674,2396.511
2017-05-28 21:03:46.89,-787.547,2793.922,2394.119
2017-05-28 21:03:51.88,-782.802,2793.972,2396.179
2017-05-28 21:03:56.87,-785.667,2794.687,2398.648
2017-05-28 21:04:01.86,-788.884,2791.084,2396.344
2017-05-28 21:04:06.85,-790.859,2787.750,2395.115
2017-05-28 21:04:11.84,-791.106,2790.445,2400.688
2017-05-28 21:04:16.83,-787.528,2791.952,2399.770
2017-05-28 21:04:21.82,-786.322,2791.574,2399.484
2017-05-28 21:04:26.81,-789.926,2791.267,2401.125
2017-05-28 21:04:31.81,-789.817,2789.864,2395.917
2017-05-28 21:04:36.80,-791.704,2791.372,2401.482
2017-05-28 21:04:41.79,-789.309,2793.332,2401.698
2017-05-28 21:04:46.78,-789.521,2793.293,2401.352
2017-05-28 21:04:51.77,-787.476,2792.612,2401.742
2017-05-28 21:04:56.76,-787.571,2790.985,2401.374
2017-05-28 21:05:01.75,-788.818,2790.881,2402.525
2017-05-28 21:05:06.74,-787.402,2789.688,2400.138
2017-05-28 21:05:11.73,-785.522,2789.092,2399.569
2017-05-28 21:05:16.73,-786.748,2791.513,2396.938
2017-05-28 21:05:21.72,-787.962,2790.761,2394.036
2017-05-28 21:05:26.71,-789.129,2789.515,2396.112
2017-05-28 21:05:31.70,-786.035,2792.944,2396.404
2017-05-28 21:05:36.69,-788.444,2792.224,2393.946
2017-05-28 21:05:41.68,-788.541,2792.234,2393.185
2017-05-28 21:05:46.67,-785.161,2794.298,2392.069
2017-05-28 21:05:51.66,-787.336,2795.827,2393.233
2017-05-28 21:05:56.65,-787.058,2794.119,2395.160
2017-05-28 21:06:01.65,-786.656,2794.435,2392.789
2017-05-28 21:06:06.64,-788.466,2793.647,2395.348
2017-05-28 21:06:11.63,-789.085,2791.735,2396.082
2017-05-28 21:06:16.62,-788.572,2793.476,2392.429
2017-05-28 21:06:21.61,-789.158,2795.144,2394.208
2017-05-28 21:06:26.60,-788.253,2795.101,2392.619
2017-05-28 21:06:31.59,-786.528,2793.841,2393.496
2017-05-28 21:06:36.58,-783.298,2795.911,2392.118
2017-05-28 21:06:41.57,-783.746,2794.958,2394.464
2017-05-28 21:06:46.58,-784.739,2797.802,2393.694
2017-05-28 21:06:51.57,-786.214,2795.998,2393.859
2017-05-28 21:06:56.56,-784.557,2795.381,2395.178
2017-05-28 21:07:01.56,-782.861,2795.643,2397.439
2017-05-28 21:07:06.55,-786.331,2794.586,2393.663
2017-05-28 21:07:11.54,-785.961,2791.868,2393.536
2017-05-28 21:07:16.53,-788.716,2795.101,2395.120
2017-05-28 21:07:21.52,-788.050,2795.645,2393.812
2017-05-28 21:07:26.51,-788.622,2796.073,2395.112
2017-05-28 21:07:31.50,-788.321,2798.128,2394.568
2017-05-28 21:07:36.49,-788.795,2794.671,2392.302
2017-05-28 21:07:41.49,-789.905,2794.963,2394.807
2017-05-28 21:07:46.48,-789.568,2796.315,2393.248
2017-05-28 21:07:51.47,-789.450,2795.541,2396.039
2017-05-28 21:07:56.46,-786.024,2798.897,2395.329
2017-05-28 21:08:01.45,-789.659,2793.276,2396.237
2017-05-28 21:08:06.44,-782.603,2794.925,2394.951
2017-05-28 21:08:11.43,-781.140,2795.452,2395.176
2017-05-28 21:08:16.42,-785.317,2794.141,2391.026
2017-05-28 21:08:21.41,-785.631,2793.079,2395.082
2017-05-28 21:08:26.41,-784.979,2794.613,2393.628
2017-05-28 21:08:31.40,-784.199,2796.180,2395.569
2017-05-28 21:08:36.39,-785.516,2792.588,2396.328
2017-05-28 21:08:41.38,-786.325,2791.915,2393.854
2017-05-28 21:08:46.37,-787.586,2794.935,2396.714
2017-05-28 21:08:51.36,-788.165,2794.226,2396.232
2017-05-28 21:08:56.35,-786.514,2795.394,2400.708
2017-05-28 21:09:01.34,-786.719,2793.871,2395.846
2017-05-28 21:09:06.33,-788.535,2793.698,2397.822
2017-05-28 21:09:11.33,-789.543,2792.819,2398.200
2017-05-28 21:09:16.32,-789.931,2791.849,2398.469
2017-05-28 21:09:21.31,-791.051,2791.961,2396.197
2017-05-28 21:09:26.30,-791.569,2791.136,2395.923
2017-05-28 21:09:31.29,-789.537,2791.182,2392.701
2017-05-28 21:09:36.28,-787.546,2793.146,2396.325
2017-05-28 21:09:41.27,-789.640,2793.174,2394.779
2017-05-28 21:09:46.26,-789.371,2792.651,2393.896
2017-05-28 21:09:51.26,-788.322,2793.262,2393.896
2017-05-28 21:09:56.25,-786.419,2793.546,2393.143
2017-05-28 21:10:01.24,-789.177,2792.760,2392.608
2017-05-28 21:10:06.23,-782.932,2793.362,2391.457
2017-05-28 21:10:11.22,-785.091,2792.768,2394.356
2017-05-28 21:10:16.21,-784.019,2794.078,2396.303
2017-05-28 21:10:21.20,-782.758,2797.162,2396.617
2017-05-28 21:10:26.19,-784.510,2795.294,2393.775
2017-05-28 21:10:31.18,-783.381,2795.135,2396.532
2017-05-28 21:10:36.18,-785.078,2794.811,2395.434
2017-05-28 21:10:41.17,-786.945,2792.563,2395.883
2017-05-28 21:10:46.16,-788.524,2793.934,2397.142
2017-05-28 21:10:51.15,-787.516,2793.586,2397.325
2017-05-28 21:10:56.14,-788.208,2793.038,2396.656
2017-05-28 21:11:01.13,-785.892,2793.064,2395.888
2017-05-28 21:11:06.12,-785.521,2793.170,2399.040
2017-05-28 21:11:11.11,-786.948,2792.660,2393.033
2017-05-28 21:11:16.11,-789.041,2790.272,2393.903
2017-05-28 21:11:21.10,-781.681,2792.996,2393.286
2017-05-28 21:11:26.09,-782.899,2795.104,2393.534
2017-05-28 21:11:31.08,-784.446,2794.939,2392.615
2017-05-28 21:11:36.07,-784.506,2794.715,2394.730
2017-05-28 21:11:41.06,-784.039,2794.365,2392.640
2017-05-28 21:11:46.05,-784.609,2794.190,2389.786
2017-05-28 21:11:51.04,-786.188,2792.059,2391.223
2017-05-28 21:11:56.03,-786.305,2793.255,2391.953
2017-05-28 21:12:01.03,-784.764,2796.662,2391.456
2017-05-28 21:12:06.02,-783.960,2796.836,2396.368
2017-05-28 21:12:11.01,-785.351,2795.098,2395.156
2017-05-28 21:12:16.00,-789.882,2792.869,2392.071
2017-05-28 21:12:20.99,-782.033,2797.271,2393.556
2017-05-28 21:12:25.98,-783.183,2795.621,2393.297
2017-05-28 21:12:30.97,-784.888,2793.524,2394.361
2017-05-28 21:12:35.96,-783.106,2795.407,2394.934
2017-05-28 21:12:40.95,-783.721,2796.654,2394.972
2017-05-28 21:12:45.95,-783.764,2794.301,2399.086
2017-05-28 21:12:50.94,-780.759,2797.788,2396.151
2017-05-28 21:12:55.93,-779.205,2797.843,2400.364
2017-05-28 21:13:00.92,-780.516,2796.110,2396.003
2017-05-28 21:13:05.91,-778.786,2795.613,2398.522
2017-05-28 21:13:10.90,-778.602,2797.740,2397.861
2017-05-28 21:13:15.89,-784.202,2794.591,2401.393
2017-05-28 21:13:20.88,-783.019,2796.053,2400.015
2017-05-28 21:13:25.88,-781.636,2796.747,2399.676
2017-05-28 21:13:30.87,-783.305,2796.079,2397.091
2017-05-28 21:13:35.86,-781.751,2798.461,2394.439
2017-05-28 21:13:40.85,-785.832,2796.876,2397.617
2017-05-28 21:13:45.84,-788.570,2796.032,2399.202
2017-05-28 21:13:50.85,-787.074,2795.059,2396.624
2017-05-28 21:13:55.84,-785.914,2793.901,2395.258
2017-05-28 21:14:00.83,-782.896,2794.103,2392.461
2017-05-28 21:14:05.82,-784.858,2793.012,2389.611
2017-05-28 21:14:10.81,-784.556,2793.516,2396.552
2017-05-28 21:14:15.80,-783.651,2793.817,2391.988
2017-05-28 21:14:20.79,-780.514,2795.702,2393.958
2017-05-28 21:14:25.79,-779.725,2796.373,2393.447
2017-05-28 21:14:30.78,-780.943,2795.582,2394.460
2017-05-28 21:14:35.77,-781.766,2793.654,2396.653
2017-05-28 21:14:40.76,-779.273,2797.438,2399.107
2017-05-28 21:14:45.75,-780.498,2795.870,2398.159
2017-05-28 21:14:50.74,-781.399,2798.079,2396.568
2017-05-28 21:14:55.73,-780.528,2797.747,2391.770
2017-05-28 21:15:00.72,-783.604,2796.400,2391.935
2017-05-28 21:15:05.71,-780.954,2794.396,2394.001
2017-05-28 21:15:10.71,-782.729,2795.042,2391.864
2017-05-28 21:15:15.70,-782.416,2795.682,2396.548
2017-05-28 21:15:20.69,-783.415,2796.698,2393.789
2017-05-28 21:15:25.68,-779.968,2798.888,2390.866
2017-05-28 21:15:30.67,-783.489,2795.546,2392.901
2017-05-28 21:15:35.66,-783.091,2796.420,2397.100
2017-05-28 21:15:40.65,-783.792,2794.955,2397.056
2017-05-28 21:15:45.64,-782.111,2796.089,2394.358
2017-05-28 21:15:50.64,-783.288,2793.526,2393.334
2017-05-28 21:15:55.63,-781.804,2795.136,2394.510
2017-05-28 21:16:00.62,-790.728,2789.341,2395.844
2017-05-28 21:16:05.61,-780.390,2798.882,2397.815
2017-05-28 21:16:10.60,-782.156,2798.029,2400.039
2017-05-28 21:16:15.59,-783.114,2796.418,2395.244
2017-05-28 21:16:20.58,-782.535,2796.101,2393.321
2017-05-28 21:16:25.57,-780.552,2794.427,2393.873
2017-05-28 21:16:30.57,-779.914,2795.968,2393.709
2017-05-28 21:16:35.56,-781.102,2797.621,2389.655
2017-05-28 21:16:40.55,-785.644,2792.312,2394.698
2017-05-28 21:16:45.54,-785.391,2794.411,2394.240
2017-05-28 21:16:50.53,-786.768,2795.163,2395.027
2017-05-28 21:16:55.52,-783.726,2795.436,2394.594
2017-05-28 21:17:00.51,-782.237,2795.852,2395.349
2017-05-28 21:17:05.50,-780.607,2796.364,2395.843
2017-05-28 21:17:10.49,-781.742,2796.331,2396.926
2017-05-28 21:17:15.49,-783.732,2793.977,2398.813
2017-05-28 21:17:20.48,-784.164,2793.119,2400.211
2017-05-28 21:17:25.47,-783.464,2792.729,2400.369
2017-05-28 21:17:30.46,-781.580,2795.178,2398.618
2017-05-28 21:17:35.45,-777.455,2798.901,2396.455
2017-05-28 21:17:40.44,-780.760,2796.327,2395.167
2017-05-28 21:17:45.45,-781.799,2795.503,2395.534
2017-05-28 21:17:50.44,-778.803,2795.666,2397.738
2017-05-28 21:17:55.43,-779.368,2795.406,2397.116
2017-05-28 21:18:00.42,-778.804,2797.203,2398.068
2017-05-28 21:18:05.41,-781.097,2795.115,2399.319
2017-05-28 21:18:10.40,-780.219,2795.465,2395.124
2017-05-28 21:18:15.40,-783.785,2795.961,2391.461
2017-05-28 21:18:20.39,-783.393,2797.013,2394.381
2017-05-28 21:18:25.38,-784.246,2796.165,2396.233
2017-05-28 21:18:30.37,-780.104,2796.833,2395.188
2017-05-28 21:18:35.36,-782.332,2795.895,2395.503
2017-05-28 21:18:40.35,-782.097,2794.175,2394.026
2017-05-28 21:18:45.34,-780.102,2795.201,2395.405
2017-05-28 21:18:50.33,-781.012,2795.524,2397.059
2017-05-28 21:18:55.32,-785.321,2796.026,2397.445
2017-05-28 21:19:00.32,-778.541,2798.274,2400.722
2017-05-28 21:19:05.31,-781.004,2795.101,2396.654
2017-05-28 21:19:10.30,-781.224,2794.861,2396.406
2017-05-28 21:19:15.29,-783.418,2793.277,2394.531
2017-05-28 21:19:20.28,-784.701,2794.257,2398.279
2017-05-28 21:19:25.27,-782.935,2796.659,2400.479
2017-05-28 21:19:30.26,-784.172,2796.750,2400.228
2017-05-28 21:19:35.25,-787.407,2797.461,2399.501
2017-05-28 21:19:40.25,-784.655,2796.957,2400.846
2017-05-28 21:19:45.24,-784.751,2798.247,2401.108
2017-05-28 21:19:50.23,-780.745,2797.835,2397.044
2017-05-28 21:19:55.22,-786.920,2795.761,2396.273
2017-05-28 21:20:00.21,-782.574,2799.118,2396.946
2017-05-28 21:20:05.20,-784.277,2797.163,2399.217
2017-05-28 21:20:10.19,-784.251,2797.638,2398.171
2017-05-28 21:20:15.18,-784.223,2796.656,2399.508
2017-05-28 21:20:20.17,-782.127,2797.923,2398.051
2017-05-28 21:20:25.17,-781.387,2796.925,2398.889
2017-05-28 21:20:30.16,-781.659,2795.654,2397.217
2017-05-28 21:20:35.15,-782.785,2795.723,2390.907
2017-05-28 21:20:40.14,-781.958,2794.583,2393.301
2017-05-28 21:20:45.13,-783.809,2794.512,2396.119
2017-05-28 21:20:50.12,-783.246,2794.085,2398.547
2017-05-28 21:20:55.11,-781.788,2794.069,2397.874
2017-05-28 21:21:00.10,-786.360,2792.851,2398.532
2017-05-28 21:21:05.09,-784.339,2792.688,2395.839
2017-05-28 21:21:10.09,-789.462,2792.172,2391.191
2017-05-28 21:21:15.08,-785.152,2792.178,2391.975
2017-05-28 21:21:20.07,-788.197,2789.724,2395.811
2017-05-28 21:21:25.06,-786.623,2790.631,2397.022
2017-05-28 21:21:30.05,-786.172,2793.313,2393.879
2017-05-28 21:21:35.04,-786.947,2791.365,2392.642
2017-05-28 21:21:40.03,-784.414,2794.064,2393.301
2017-05-28 21:21:45.02,-784.655,2792.742,2393.189
2017-05-28 21:21:50.02,-784.090,2795.367,2394.336
2017-05-28 21:21:55.01,-786.209,2793.629,2395.716
2017-05-28 21:22:00.00,-788.048,2793.162,2393.910
2017-05-28 21:22:04.99,-785.811,2794.389,2392.401
2017-05-28 21:22:09.98,-790.741,2792.533,2391.838
2017-05-28 21:22:14.97,-786.795,2793.673,2395.801
2017-05-28 21:22:19.96,-786.577,2793.972,2393.879
2017-05-28 21:22:24.95,-784.512,2797.550,2392.211
2017-05-28 21:22:29.95,-783.608,2796.245,2389.588
2017-05-28 21:22:34.94,-785.336,2796.696,2394.925
2017-05-28 21:22:39.93,-774.263,2799.982,2394.973
2017-05-28 21:22:44.92,-781.658,2798.399,2397.889
2017-05-28 21:22:49.91,-781.695,2799.297,2399.082
2017-05-28 21:22:54.90,-782.048,2799.944,2397.506
2017-05-28 21:22:59.89,-781.492,2800.884,2397.640
2017-05-28 21:23:04.88,-785.155,2799.142,2394.822
2017-05-28 21:23:09.87,-786.314,2795.567,2394.285
2017-05-28 21:23:14.87,-782.285,2798.470,2392.988
2017-05-28 21:23:19.86,-787.735,2794.184,2392.157
2017-05-28 21:23:24.85,-787.744,2795.373,2390.705
2017-05-28 21:23:29.84,-784.473,2794.498,2390.296
2017-05-28 21:23:34.83,-782.586,2793.035,2395.489
2017-05-28 21:23:39.82,-786.126,2790.959,2395.730
2017-05-28 21:23:44.81,-784.687,2794.952,2392.706
2017-05-28 21:23:49.80,-785.305,2794.899,2388.932
2017-05-28 21:23:54.79,-790.065,2793.319,2392.892
2017-05-28 21:23:59.80,-790.237,2794.894,2398.525
2017-05-28 21:24:04.79,-789.157,2795.893,2397.528
2017-05-28 21:24:09.78,-788.063,2797.767,2395.858
2017-05-28 21:24:14.78,-785.660,2797.260,2397.282
2017-05-28 21:24:19.77,-789.566,2797.442,2397.556
2017-05-28 21:24:24.76,-787.445,2798.085,2397.481
2017-05-28 21:24:29.75,-785.154,2799.616,2394.018
2017-05-28 21:24:34.74,-788.064,2798.667,2398.592
2017-05-28 21:24:39.73,-787.816,2798.183,2396.356
2017-05-28 21:24:44.72,-788.411,2796.865,2393.489
2017-05-28 21:24:49.71,-786.016,2797.436,2394.851
2017-05-28 21:24:54.70,-788.572,2797.532,2395.649
2017-05-28 21:24:59.70,-787.220,2796.459,2393.844
2017-05-28 21:25:04.69,-785.300,2795.016,2393.122
2017-05-28 21:25:09.68,-781.348,2797.456,2392.243
2017-05-28 21:25:14.67,-785.721,2793.701,2393.919
2017-05-28 21:25:19.66,-785.267,2795.022,2390.472
2017-05-28 21:25:24.65,-783.945,2797.586,2388.882
2017-05-28 21:25:29.64,-783.358,2794.394,2391.020
2017-05-28 21:25:34.63,-783.618,2797.462,2389.840
2017-05-28 21:25:39.62,-786.261,2797.399,2391.524
2017-05-28 21:25:44.62,-787.663,2794.877,2392.416
2017-05-28 21:25:49.61,-787.256,2794.391,2394.389
2017-05-28 21:25:54.60,-787.754,2795.230,2393.679
2017-05-28 21:25:59.59,-782.586,2799.061,2393.058
2017-05-28 21:26:04.58,-785.846,2798.063,2391.944
2017-05-28 21:26:09.57,-784.827,2797.169,2390.902
2017-05-28 21:26:14.56,-782.996,2799.816,2392.258
2017-05-28 21:26:19.55,-782.160,2798.679,2390.230
2017-05-28 21:26:24.54,-782.546,2796.134,2392.750
2017-05-28 21:26:29.54,-785.670,2795.995,2395.234
2017-05-28 21:26:34.53,-784.672,2798.438,2392.722
2017-05-28 21:26:39.52,-784.609,2796.865,2392.056
2017-05-28 21:26:44.51,-781.795,2801.112,2388.565
2017-05-28 21:26:49.50,-783.895,2802.111,2391.763
2017-05-28 21:26:54.49,-784.927,2802.822,2395.575
2017-05-28 21:26:59.48,-783.829,2799.425,2395.758
2017-05-28 21:27:04.47,-780.974,2801.093,2394.549
2017-05-28 21:27:09.46,-778.759,2798.987,2393.835
2017-05-28 21:27:14.46,-783.079,2799.654,2390.880
2017-05-28 21:27:19.45,-786.157,2795.818,2393.984
2017-05-28 21:27:24.44,-781.976,2799.551,2390.508
2017-05-28 21:27:29.43,-783.749,2798.874,2394.082
2017-05-28 21:27:34.42,-779.738,2799.300,2394.668
2017-05-28 21:27:39.41,-781.852,2799.800,2391.804
2017-05-28 21:27:44.40,-780.963,2799.037,2394.731
2017-05-28 21:27:49.39,-780.081,2798.262,2392.584
2017-05-28 21:27:54.39,-780.269,2797.213,2393.770
2017-05-28 21:27:59.38,-786.121,2795.093,2397.148
2017-05-28 21:28:04.37,-782.658,2795.453,2398.576
2017-05-28 21:28:09.36,-786.261,2796.058,2398.497
2017-05-28 21:28:14.35,-784.740,2796.202,2397.035
2017-05-28 21:28:19.34,-786.111,2794.563,2391.931
2017-05-28 21:28:24.33,-783.982,2796.128,2393.548
2017-05-28 21:28:29.32,-783.469,2795.722,2394.609
2017-05-28 21:28:34.32,-783.996,2796.685,2392.220
2017-05-28 21:28:39.31,-786.854,2794.749,2395.894
2017-05-28 21:28:44.30,-786.282,2794.674,2393.540
2017-05-28 21:28:49.29,-786.273,2793.855,2391.858
2017-05-28 21:28:54.28,-779.644,2797.146,2395.577
2017-05-28 21:28:59.27,-779.463,2797.997,2397.990
2017-05-28 21:29:04.26,-780.652,2797.533,2398.462
2017-05-28 21:29:09.27,-780.664,2795.947,2396.518
2017-05-28 21:29:14.26,-781.378,2797.325,2396.349
2017-05-28 21:29:19.25,-783.930,2793.113,2396.152
2017-05-28 21:29:24.24,-785.417,2793.644,2396.668
2017-05-28 21:29:29.23,-782.531,2796.477,2397.301
2017-05-28 21:29:34.22,-782.096,2795.879,2396.687
2017-05-28 21:29:39.22,-788.160,2794.254,2396.626
2017-05-28 21:29:44.21,-785.603,2796.161,2397.900
2017-05-28 21:29:49.20,-783.322,2796.654,2397.121
2017-05-28 21:29:54.19,-781.729,2795.402,2395.553
2017-05-28 21:29:59.18,-783.703,2795.492,2395.008
2017-05-28 21:30:04.17,-781.137,2797.681,2392.495
2017-05-28 21:30:09.16,-781.685,2796.497,2395.218
2017-05-28 21:30:14.15,-781.771,2795.734,2392.111
2017-05-28 21:30:19.15,-784.175,2798.368,2393.105
2017-05-28 21:30:24.14,-782.029,2796.202,2395.618
2017-05-28 21:30:29.13,-785.802,2794.228,2395.239
2017-05-28 21:30:34.12,-783.513,2794.461,2396.001
2017-05-28 21:30:39.11,-782.098,2798.168,2397.871
2017-05-28 21:30:44.10,-785.189,2795.465,2393.441
2017-05-28 21:30:49.09,-779.852,2796.373,2388.955
2017-05-28 21:30:54.08,-777.996,2797.619,2389.491
2017-05-28 21:30:59.07,-780.134,2797.387,2389.648
2017-05-28 21:31:04.07,-778.645,2796.083,2391.715
2017-05-28 21:31:09.06,-782.704,2795.406,2393.891
2017-05-28 21:31:14.05,-783.276,2796.494,2396.490
2017-05-28 21:31:19.04,-780.689,2795.980,2395.236
2017-05-28 21:31:24.03,-780.290,2800.175,2393.688
2017-05-28 21:31:29.02,-779.997,2800.732,2394.904
2017-05-28 21:31:34.01,-781.223,2799.145,2395.464
2017-05-28 21:31:39.00,-783.709,2795.651,2396.269
2017-05-28 21:31:43.99,-783.194,2797.651,2394.645
2017-05-28 21:31:48.99,-784.308,2798.558,2394.518
2017-05-28 21:31:53.98,-785.236,2800.643,2391.698
2017-05-28 21:31:58.97,-780.001,2802.799,2391.524
2017-05-28 21:32:03.96,-780.270,2798.706,2390.027
2017-05-28 21:32:08.95,-780.715,2798.637,2392.882
2017-05-28 21:32:13.94,-781.197,2797.309,2392.964
2017-05-28 21:32:18.93,-783.613,2797.092,2393.156
2017-05-28 21:32:23.92,-778.639,2798.911,2392.071
2017-05-28 21:32:28.91,-777.265,2798.064,2394.139
2017-05-28 21:32:33.91,-778.838,2798.305,2391.443
2017-05-28 21:32:38.90,-779.706,2798.104,2392.224
2017-05-28 21:32:43.89,-779.302,2797.579,2391.346
2017-05-28 21:32:48.88,-779.191,2798.738,2387.385
2017-05-28 21:32:53.87,-779.361,2796.265,2388.052
2017-05-28 21:32:58.86,-782.963,2795.812,2390.445
2017-05-28 21:33:03.85,-783.044,2795.922,2391.354
2017-05-28 21:33:08.84,-780.769,2798.545,2395.136
2017-05-28 21:33:13.84,-783.454,2798.438,2394.654
2017-05-28 21:33:18.83,-780.291,2799.059,2393.753
2017-05-28 21:33:23.82,-784.788,2798.730,2392.428
2017-05-28 21:33:28.81,-779.525,2798.877,2393.420
2017-05-28 21:33:33.80,-781.407,2797.229,2392.480
2017-05-28 21:33:38.79,-782.326,2798.431,2390.758
2017-05-28 21:33:43.78,-780.789,2797.800,2392.915
2017-05-28 21:33:48.77,-779.464,2800.073,2391.445
2017-05-28 21:33:53.77,-778.602,2800.124,2390.506
2017-05-28 21:33:58.76,-781.580,2798.954,2394.288
2017-05-28 21:34:03.75,-784.606,2796.525,2397.497
2017-05-28 21:34:08.74,-783.656,2799.376,2394.886
2017-05-28 21:34:13.73,-780.511,2801.601,2392.843
2017-05-28 21:34:18.72,-779.318,2800.321,2395.362
2017-05-28 21:34:23.71,-781.204,2798.956,2396.214
2017-05-28 21:34:28.70,-780.554,2799.548,2395.764
2017-05-28 21:34:33.69,-780.447,2798.421,2396.768
2017-05-28 21:34:38.69,-780.452,2800.173,2396.406
2017-05-28 21:34:43.68,-780.812,2799.111,2396.082
2017-05-28 21:34:48.67,-784.702,2794.996,2391.773
2017-05-28 21:34:53.66,-781.142,2797.078,2390.154
2017-05-28 21:34:58.65,-783.067,2797.201,2389.835
2017-05-28 21:35:03.64,-779.885,2796.735,2391.982
2017-05-28 21:35:08.63,-778.765,2800.125,2396.242
2017-05-28 21:35:13.62,-780.704,2797.193,2395.055
2017-05-28 21:35:18.61,-782.504,2794.235,2397.683
2017-05-28 21:35:23.62,-784.234,2792.975,2400.076
2017-05-28 21:35:28.61,-784.694,2797.459,2397.924
2017-05-28 21:35:33.60,-786.606,2793.431,2396.788
2017-05-28 21:35:38.60,-783.892,2793.515,2395.856
2017-05-28 21:35:43.59,-782.475,2796.108,2389.561
2017-05-28 21:35:48.58,-783.870,2795.704,2389.060
2017-05-28 21:35:53.57,-782.876,2797.420,2391.621
2017-05-28 21:35:58.56,-780.491,2797.850,2390.160
2017-05-28 21:36:03.55,-777.412,2799.339,2390.174
2017-05-28 21:36:08.54,-780.089,2797.570,2386.012
2017-05-28 21:36:13.53,-782.634,2795.895,2390.650
2017-05-28 21:36:18.52,-783.031,2797.248,2392.042
2017-05-28 21:36:23.52,-779.912,2797.322,2389.199
2017-05-28 21:36:28.51,-784.455,2796.580,2391.095
2017-05-28 21:36:33.50,-785.019,2796.211,2393.377
2017-05-28 21:36:38.49,-786.409,2793.732,2393.345
2017-05-28 21:36:43.48,-785.713,2791.536,2391.080
2017-05-28 21:36:48.47,-784.831,2794.275,2392.008
2017-05-28 21:36:53.46,-782.948,2795.656,2392.792
2017-05-28 21:36:58.45,-785.744,2793.503,2392.494
2017-05-28 21:37:03.44,-783.106,2793.576,2392.719
2017-05-28 21:37:08.44,-779.814,2796.452,2391.154
2017-05-28 21:37:13.43,-786.752,2795.015,2392.333
2017-05-28 21:37:18.42,-780.692,2797.451,2393.188
2017-05-28 21:37:23.41,-776.733,2799.805,2393.887
2017-05-28 21:37:28.40,-781.126,2798.611,2396.063
2017-05-28 21:37:33.39,-783.004,2795.874,2394.741
2017-05-28 21:37:38.38,-780.844,2796.893,2392.457
2017-05-28 21:37:43.37,-783.648,2796.078,2391.174
2017-05-28 21:37:48.37,-784.392,2795.571,2396.809
2017-05-28 21:37:53.36,-782.061,2797.718,2392.529
2017-05-28 21:37:58.35,-782.300,2795.839,2390.153
2017-05-28 21:38:03.34,-783.366,2792.013,2394.715
2017-05-28 21:38:08.33,-783.646,2791.051,2394.232
2017-05-28 21:38:13.32,-781.456,2792.084,2396.882
2017-05-28 21:38:18.31,-782.695,2792.791,2397.571
2017-05-28 21:38:23.30,-779.090,2793.194,2397.286
2017-05-28 21:38:28.29,-780.275,2792.242,2398.832
2017-05-28 21:38:33.29,-783.901,2791.118,2392.138
2017-05-28 21:38:38.28,-785.018,2790.362,2393.992
2017-05-28 21:38:43.28,-783.639,2791.377,2396.923
2017-05-28 21:38:48.28,-783.891,2792.497,2399.946
2017-05-28 21:38:53.27,-781.206,2791.525,2400.644
2017-05-28 21:38:58.24,-785.108,2791.162,2401.043
2017-05-28 21:39:03.25,-780.713,2792.422,2399.718
2017-05-28 21:39:08.24,-781.962,2792.170,2401.321
2017-05-28 21:39:13.23,-782.889,2791.358,2398.543
2017-05-28 21:39:18.22,-779.933,2794.569,2400.012
2017-05-28 21:39:23.21,-778.903,2793.466,2402.056
2017-05-28 21:39:28.20,-780.405,2796.400,2399.059
2017-05-28 21:39:33.20,-783.318,2790.915,2400.805
2017-05-28 21:39:38.19,-781.076,2792.243,2397.210
2017-05-28 21:39:43.18,-781.674,2790.777,2394.797
2017-05-28 21:39:48.17,-783.170,2791.661,2397.204
2017-05-28 21:39:53.16,-780.092,2797.650,2396.599
2017-05-28 21:39:58.15,-782.557,2795.730,2394.931
2017-05-28 21:40:03.14,-783.674,2795.271,2397.224
2017-05-28 21:40:08.13,-781.615,2795.656,2398.025
2017-05-28 21:40:13.12,-783.369,2794.418,2397.382
2017-05-28 21:40:18.12,-783.081,2795.522,2396.724
2017-05-28 21:40:23.11,-780.213,2796.871,2399.810
2017-05-28 21:40:28.10,-782.934,2793.799,2399.268
2017-05-28 21:40:33.09,-777.743,2797.517,2396.997
2017-05-28 21:40:38.08,-786.929,2795.746,2395.542
2017-05-28 21:40:43.07,-786.661,2795.931,2394.586
2017-05-28 21:40:48.06,-786.218,2796.667,2395.657
2017-05-28 21:40:53.05,-784.243,2796.395,2396.742
2017-05-28 21:40:58.05,-783.429,2794.641,2399.597
2017-05-28 21:41:03.04,-788.286,2793.541,2401.406
2017-05-28 21:41:08.03,-786.478,2794.283,2395.457
2017-05-28 21:41:13.02,-784.078,2796.896,2399.965
2017-05-28 21:41:18.01,-779.991,2797.616,2400.761
2017-05-28 21:41:23.00,-782.382,2796.558,2400.515
2017-05-28 21:41:27.99,-784.009,2795.428,2396.922
2017-05-28 21:41:32.98,-782.538,2796.212,2397.321
2017-05-28 21:41:37.98,-781.721,2795.669,2395.889
2017-05-28 21:41:42.97,-783.761,2798.329,2396.724
2017-05-28 21:41:47.96,-784.892,2796.932,2397.475
2017-05-28 21:41:52.95,-792.558,2792.951,2395.131
2017-05-28 21:41:57.94,-785.332,2795.154,2394.697
2017-05-28 21:42:02.93,-787.162,2794.833,2396.625
2017-05-28 21:42:07.92,-784.651,2794.509,2396.695
2017-05-28 21:42:12.91,-783.671,2794.218,2393.031
2017-05-28 21:42:17.90,-785.822,2796.109,2394.142
2017-05-28 21:42:22.90,-782.745,2794.695,2391.571
2017-05-28 21:42:27.89,-785.006,2794.863,2393.101
2017-05-28 21:42:32.88,-779.213,2795.742,2390.828
2017-05-28 21:42:37.87,-778.694,2797.835,2388.032
2017-05-28 21:42:42.86,-788.146,2794.461,2391.491
2017-05-28 21:42:47.85,-784.645,2794.357,2394.798
2017-05-28 21:42:52.84,-786.258,2793.315,2393.561
2017-05-28 21:42:57.83,-785.206,2793.802,2396.379
2017-05-28 21:43:02.82,-787.195,2794.032,2396.085
2017-05-28 21:43:07.82,-786.524,2794.282,2395.816
2017-05-28 21:43:12.81,-782.740,2795.492,2397.291
2017-05-28 21:43:17.80,-780.924,2795.894,2395.308
2017-05-28 21:43:22.79,-782.629,2792.985,2396.896
2017-05-28 21:43:27.78,-786.136,2794.388,2396.951
2017-05-28 21:43:32.77,-782.938,2796.990,2396.028
2017-05-28 21:43:37.76,-784.907,2795.399,2399.949
2017-05-28 21:43:42.75,-787.919,2795.050,2397.401
2017-05-28 21:43:47.75,-787.312,2795.896,2398.243
2017-05-28 21:43:52.75,-786.140,2795.402,2394.637
2017-05-28 21:43:57.74,-790.219,2795.069,2395.891
2017-05-28 21:44:02.73,-788.928,2796.198,2392.560
2017-05-28 21:44:07.73,-790.906,2794.781,2398.803
2017-05-28 21:44:12.72,-787.163,2796.970,2403.035
2017-05-28 21:44:17.71,-785.895,2797.039,2400.689
2017-05-28 21:44:22.70,-782.831,2798.707,2396.887
2017-05-28 21:44:27.69,-783.410,2797.691,2397.765
2017-05-28 21:44:32.68,-783.428,2794.474,2396.091
2017-05-28 21:44:37.67,-787.069,2793.333,2395.740
2017-05-28 21:44:42.66,-785.465,2794.640,2394.523
2017-05-28 21:44:47.66,-785.096,2796.371,2391.661
2017-05-28 21:44:52.65,-785.979,2799.103,2394.178
2017-05-28 21:44:57.64,-787.020,2795.441,2394.389
2017-05-28 21:45:02.63,-788.510,2795.301,2393.888
2017-05-28 21:45:07.62,-784.296,2797.691,2396.801
2017-05-28 21:45:12.61,-786.551,2796.161,2399.435
2017-05-28 21:45:17.60,-786.880,2794.566,2393.889
2017-05-28 21:45:22.59,-784.715,2792.871,2394.851
2017-05-28 21:45:27.58,-786.586,2793.460,2394.657
2017-05-28 21:45:32.58,-787.198,2794.467,2392.241
2017-05-28 21:45:37.57,-787.086,2795.871,2391.725
2017-05-28 21:45:42.56,-787.915,2793.503,2396.755
2017-05-28 21:45:47.55,-788.252,2792.627,2397.515
2017-05-28 21:45:52.54,-787.388,2794.341,2398.861
2017-05-28 21:45:57.53,-783.837,2795.476,2397.851
2017-05-28 21:46:02.52,-784.874,2795.649,2399.292
2017-05-28 21:46:07.51,-789.924,2792.655,2400.813
2017-05-28 21:46:12.50,-784.886,2794.608,2399.796
2017-05-28 21:46:17.50,-782.693,2796.152,2400.005
2017-05-28 21:46:22.49,-781.190,2796.911,2399.161
2017-05-28 21:46:27.48,-779.664,2794.932,2399.821
2017-05-28 21:46:32.47,-782.002,2794.316,2400.295
2017-05-28 21:46:37.46,-785.806,2796.573,2404.429
2017-05-28 21:46:42.45,-785.976,2796.055,2405.629
2017-05-28 21:46:47.44,-784.008,2796.735,2400.959
2017-05-28 21:46:52.43,-782.312,2795.352,2402.560
2017-05-28 21:46:57.43,-783.836,2799.075,2407.583
2017-05-28 21:47:02.42,-782.714,2798.584,2400.586
2017-05-28 21:47:07.41,-786.195,2796.117,2398.344
2017-05-28 21:47:12.40,-784.038,2794.719,2400.416
2017-05-28 21:47:17.39,-785.108,2794.239,2399.779
2017-05-28 21:47:22.38,-782.865,2794.792,2401.895
2017-05-28 21:47:27.37,-784.495,2797.043,2406.162
2017-05-28 21:47:32.36,-783.709,2796.609,2404.848
2017-05-28 21:47:37.36,-784.869,2795.453,2404.102
2017-05-28 21:47:42.35,-783.174,2795.689,2403.719
2017-05-28 21:47:47.34,-783.286,2798.124,2406.110
2017-05-28 21:47:52.33,-782.655,2797.475,2403.801
2017-05-28 21:47:57.32,-783.223,2794.890,2402.611
2017-05-28 21:48:02.31,-786.181,2793.658,2403.811
2017-05-28 21:48:07.30,-784.986,2794.082,2403.772
2017-05-28 21:48:12.29,-780.189,2794.465,2404.488
2017-05-28 21:48:17.28,-782.830,2796.728,2401.580
2017-05-28 21:48:22.28,-779.072,2795.048,2401.642
2017-05-28 21:48:27.27,-782.008,2793.721,2399.985
2017-05-28 21:48:32.26,-783.639,2793.244,2399.887
2017-05-28 21:48:37.25,-783.303,2795.092,2396.114
2017-05-28 21:48:42.24,-783.470,2796.818,2394.654
2017-05-28 21:48:47.23,-781.167,2792.685,2396.917
2017-05-28 21:48:52.22,-783.909,2792.550,2398.367
2017-05-28 21:48:57.21,-783.732,2793.230,2398.867
2017-05-28 21:49:02.20,-782.325,2793.458,2395.126
2017-05-28 21:49:07.21,-786.994,2792.070,2394.152
2017-05-28 21:49:12.20,-784.385,2792.009,2393.451
2017-05-28 21:49:17.19,-781.332,2795.912,2395.499
2017-05-28 21:49:22.18,-779.751,2794.807,2396.428
2017-05-28 21:49:27.18,-781.482,2796.135,2391.891
2017-05-28 21:49:32.17,-780.748,2797.123,2391.161
2017-05-28 21:49:37.16,-783.696,2798.307,2391.624
2017-05-28 21:49:42.15,-786.008,2796.389,2393.907
2017-05-28 21:49:47.14,-786.981,2796.055,2391.262
2017-05-28 21:49:52.13,-785.582,2797.263,2392.681
2017-05-28 21:49:57.12,-780.855,2796.365,2391.226
2017-05-28 21:50:02.12,-782.464,2796.770,2391.382
2017-05-28 21:50:07.11,-780.404,2799.394,2388.774
2017-05-28 21:50:12.10,-783.187,2794.795,2388.048
2017-05-28 21:50:17.09,-785.958,2793.295,2393.145
2017-05-28 21:50:22.08,-779.931,2793.985,2395.312
2017-05-28 21:50:27.07,-784.995,2793.806,2396.488
2017-05-28 21:50:32.06,-786.044,2794.649,2396.262
2017-05-28 21:50:37.05,-783.823,2798.135,2395.890
2017-05-28 21:50:42.04,-784.986,2797.943,2394.772
2017-05-28 21:50:47.04,-783.925,2798.898,2396.144
2017-05-28 21:50:52.03,-782.165,2798.939,2396.705
2017-05-28 21:50:57.02,-782.202,2797.352,2396.376
2017-05-28 21:51:02.01,-782.605,2798.241,2396.937
2017-05-28 21:51:07.00,-783.846,2797.566,2399.441
2017-05-28 21:51:11.99,-784.336,2796.260,2401.852
2017-05-28 21:51:16.98,-781.124,2797.036,2401.392
2017-05-28 21:51:21.97,-786.973,2796.366,2400.871
2017-05-28 21:51:26.96,-782.577,2797.522,2394.234
2017-05-28 21:51:31.96,-779.579,2799.806,2399.285
2017-05-28 21:51:36.95,-780.213,2799.339,2395.058
2017-05-28 21:51:41.94,-782.876,2797.279,2392.819
2017-05-28 21:51:46.93,-783.154,2798.709,2395.572
2017-05-28 21:51:51.92,-780.905,2799.967,2395.881
2017-05-28 21:51:56.91,-780.640,2798.117,2397.071
2017-05-28 21:52:01.90,-780.688,2796.499,2395.080
2017-05-28 21:52:06.89,-781.866,2793.897,2397.014
2017-05-28 21:52:11.88,-782.415,2793.559,2394.959
2017-05-28 21:52:16.88,-787.772,2793.501,2396.641
2017-05-28 21:52:21.87,-783.374,2797.593,2395.359
2017-05-28 21:52:26.86,-782.300,2798.232,2397.697
2017-05-28 21:52:31.85,-783.250,2796.571,2400.958
2017-05-28 21:52:36.84,-786.321,2796.052,2399.499
2017-05-28 21:52:41.83,-792.906,2791.243,2395.997
2017-05-28 21:52:46.82,-784.569,2797.992,2397.140
2017-05-28 21:52:51.81,-781.183,2799.481,2394.959
2017-05-28 21:52:56.81,-781.997,2798.016,2393.109
2017-05-28 21:53:01.80,-785.260,2796.202,2395.572
2017-05-28 21:53:06.79,-783.174,2797.096,2391.732
2017-05-28 21:53:11.78,-785.235,2797.773,2393.801
2017-05-28 21:53:16.77,-784.397,2796.806,2394.378
2017-05-28 21:53:21.76,-786.808,2793.750,2397.850
2017-05-28 21:53:26.75,-787.668,2794.520,2398.335
2017-05-28 21:53:31.74,-787.434,2797.221,2399.424
2017-05-28 21:53:36.73,-786.695,2794.910,2393.994
2017-05-28 21:53:41.73,-786.374,2796.212,2395.213
2017-05-28 21:53:46.72,-781.698,2796.802,2392.635
2017-05-28 21:53:51.71,-785.506,2798.104,2397.658
2017-05-28 21:53:56.72,-787.444,2797.343,2397.569
2017-05-28 21:54:01.71,-780.690,2799.646,2394.463
2017-05-28 21:54:06.70,-781.008,2797.901,2395.475
2017-05-28 21:54:11.69,-781.152,2797.472,2394.997
2017-05-28 21:54:16.68,-783.623,2794.682,2397.259
2017-05-28 21:54:21.67,-782.344,2795.202,2394.815
2017-05-28 21:54:26.66,-783.728,2797.384,2393.603
2017-05-28 21:54:31.65,-782.956,2796.278,2393.829
2017-05-28 21:54:36.64,-782.995,2795.309,2394.375
2017-05-28 21:54:41.64,-780.234,2796.346,2393.767
2017-05-28 21:54:46.63,-776.425,2798.451,2395.398
2017-05-28 21:54:51.62,-779.932,2795.993,2389.461
2017-05-28 21:54:56.61,-777.653,2798.446,2390.697
2017-05-28 21:55:01.60,-780.622,2796.145,2391.333
2017-05-28 21:55:06.59,-787.836,2796.140,2393.056
2017-05-28 21:55:11.58,-783.148,2797.042,2392.851
2017-05-28 21:55:16.57,-784.549,2798.319,2399.079
2017-05-28 21:55:21.56,-783.419,2797.649,2399.703
2017-05-28 21:55:26.56,-783.596,2794.550,2396.983
2017-05-28 21:55:31.55,-785.443,2792.520,2397.528
2017-05-28 21:55:36.54,-785.439,2792.587,2399.262
2017-05-28 21:55:41.53,-785.213,2793.675,2399.252
2017-05-28 21:55:46.52,-780.895,2792.654,2399.635
2017-05-28 21:55:51.51,-780.133,2793.651,2398.301
2017-05-28 21:55:56.50,-781.416,2795.536,2398.697
2017-05-28 21:56:01.50,-782.360,2798.024,2395.108
2017-05-28 21:56:06.49,-782.269,2799.238,2393.905
2017-05-28 21:56:11.48,-781.009,2797.775,2397.218
2017-05-28 21:56:16.47,-785.247,2793.170,2395.792
2017-05-28 21:56:21.46,-780.327,2794.809,2398.143
2017-05-28 21:56:26.45,-784.701,2793.826,2397.366
2017-05-28 21:56:31.44,-780.590,2796.850,2398.767
2017-05-28 21:56:36.43,-779.616,2795.331,2398.349
2017-05-28 21:56:41.42,-783.166,2792.750,2396.890
2017-05-28 21:56:46.42,-785.005,2792.522,2399.566
2017-05-28 21:56:51.41,-783.231,2792.496,2397.205
2017-05-28 21:56:56.40,-784.431,2793.581,2398.740
2017-05-28 21:57:01.39,-783.962,2793.772,2395.865
2017-05-28 21:57:06.40,-781.782,2793.479,2395.051
2017-05-28 21:57:11.39,-777.594,2795.106,2397.659
2017-05-28 21:57:16.38,-780.355,2795.243,2395.810
2017-05-28 21:57:21.37,-780.272,2797.052,2398.150
2017-05-28 21:57:26.36,-776.574,2796.777,2399.411
2017-05-28 21:57:31.35,-779.959,2795.846,2396.760
2017-05-28 21:57:36.34,-778.584,2795.565,2398.399
2017-05-28 21:57:41.33,-781.689,2793.229,2401.385
2017-05-28 21:57:46.32,-784.335,2794.692,2396.851
2017-05-28 21:57:51.32,-785.562,2793.093,2395.429
2017-05-28 21:57:56.31,-786.050,2790.922,2396.515
2017-05-28 21:58:01.30,-783.794,2792.358,2399.443
2017-05-28 21:58:06.29,-783.076,2792.731,2397.039
2017-05-28 21:58:11.28,-779.637,2795.378,2396.081
2017-05-28 21:58:16.27,-789.411,2793.634,2393.707
2017-05-28 21:58:21.26,-777.934,2797.932,2393.655
2017-05-28 21:58:26.25,-779.987,2794.783,2392.526
2017-05-28 21:58:31.24,-780.875,2792.813,2397.050
2017-05-28 21:58:36.24,-781.674,2795.436,2396.588
2017-05-28 21:58:41.23,-778.969,2795.682,2397.727
2017-05-28 21:58:46.22,-779.894,2795.950,2392.904
2017-05-28 21:58:51.21,-779.665,2796.012,2395.871
2017-05-28 21:58:56.20,-782.108,2796.379,2397.341
2017-05-28 21:59:01.19,-780.456,2798.469,2395.747
2017-05-28 21:59:06.18,-778.983,2799.847,2395.404
2017-05-28 21:59:11.17,-781.161,2798.900,2394.772
2017-05-28 21:59:16.16,-781.931,2799.582,2394.121
2017-05-28 21:59:21.16,-780.575,2798.766,2393.845
2017-05-28 21:59:26.15,-781.401,2795.926,2394.266
2017-05-28 21:59:31.14,-782.998,2796.469,2395.648
2017-05-28 21:59:36.13,-780.984,2797.240,2395.204
2017-05-28 21:59:41.12,-781.702,2800.430,2394.448
2017-05-28 21:59:46.11,-778.927,2797.843,2398.654
2017-05-28 21:59:51.10,-778.496,2800.672,2396.108
2017-05-28 21:59:56.09,-778.815,2800.555,2394.420
2017-05-28 22:00:01.08,-782.893,2798.290,2394.222
2017-05-28 22:00:06.08,-781.674,2796.706,2394.799
2017-05-28 22:00:11.07,-781.843,2798.015,2395.147
2017-05-28 22:00:16.06,-781.362,2799.019,2396.538
2017-05-28 22:00:21.05,-783.303,2798.134,2398.595
2017-05-28 22:00:26.04,-778.854,2800.319,2396.035
2017-05-28 22:00:31.03,-783.370,2798.997,2395.155
2017-05-28 22:00:36.02,-786.810,2797.884,2395.642
2017-05-28 22:00:41.01,-785.864,2798.784,2395.449
2017-05-28 22:00:46.00,-782.914,2798.447,2394.609
2017-05-28 22:00:51.00,-780.653,2800.912,2394.748
2017-05-28 22:00:55.99,-780.740,2801.974,2396.355
2017-05-28 22:01:00.98,-784.813,2798.276,2395.909
2017-05-28 22:01:05.97,-785.271,2798.142,2398.375
2017-05-28 22:01:10.96,-781.818,2794.413,2395.043
2017-05-28 22:01:15.95,-780.600,2798.559,2392.540
2017-05-28 22:01:20.94,-780.263,2797.542,2390.683
2017-05-28 22:01:25.95,-781.763,2795.475,2393.116
2017-05-28 22:01:30.94,-782.353,2796.348,2396.094
2017-05-28 22:01:35.93,-782.441,2795.010,2392.294
2017-05-28 22:01:40.92,-782.478,2795.065,2395.434
2017-05-28 22:01:45.91,-784.720,2794.909,2394.014
2017-05-28 22:01:50.90,-784.348,2794.394,2397.534
2017-05-28 22:01:55.90,-782.861,2794.641,2395.217
2017-05-28 22:02:00.89,-785.201,2796.150,2390.704
2017-05-28 22:02:05.88,-781.786,2799.113,2393.246
2017-05-28 22:02:10.87,-783.539,2797.422,2396.892
2017-05-28 22:02:15.86,-778.527,2801.748,2396.974
2017-05-28 22:02:20.85,-779.069,2800.279,2396.099
2017-05-28 22:02:25.84,-781.968,2797.991,2395.348
2017-05-28 22:02:30.83,-781.612,2799.266,2394.669
2017-05-28 22:02:35.82,-783.686,2800.309,2396.730
2017-05-28 22:02:40.82,-786.056,2798.052,2397.289
2017-05-28 22:02:45.81,-785.145,2797.809,2395.485
2017-05-28 22:02:50.80,-781.680,2799.148,2393.068
2017-05-28 22:02:55.79,-781.541,2797.976,2391.484
2017-05-28 22:03:00.78,-782.871,2796.966,2391.184
2017-05-28 22:03:05.77,-783.089,2795.551,2391.349
2017-05-28 22:03:10.76,-784.875,2795.042,2391.101
2017-05-28 22:03:15.75,-779.175,2797.789,2388.887
2017-05-28 22:03:20.75,-781.447,2798.582,2391.021
2017-05-28 22:03:25.74,-783.899,2797.974,2393.593
2017-05-28 22:03:30.73,-785.379,2798.680,2390.942
2017-05-28 22:03:35.72,-781.859,2797.146,2387.051
2017-05-28 22:03:40.71,-783.446,2800.669,2392.668
2017-05-28 22:03:45.70,-784.991,2799.905,2389.532
2017-05-28 22:03:50.69,-785.585,2797.908,2389.876
2017-05-28 22:03:55.68,-784.785,2799.671,2393.520
2017-05-28 22:04:00.67,-783.716,2798.922,2392.892
2017-05-28 22:04:05.67,-785.079,2799.248,2392.415
2017-05-28 22:04:10.66,-783.100,2801.366,2396.954
2017-05-28 22:04:15.65,-783.984,2800.061,2392.346
2017-05-28 22:04:20.64,-787.394,2796.346,2393.073
2017-05-28 22:04:25.63,-783.547,2799.189,2392.091
2017-05-28 22:04:30.62,-780.614,2800.687,2395.678
2017-05-28 22:04:35.61,-776.184,2801.549,2393.829
2017-05-28 22:04:40.60,-777.044,2802.341,2393.801
2017-05-28 22:04:45.59,-777.816,2801.302,2392.064
2017-05-28 22:04:50.58,-781.122,2800.797,2389.717
2017-05-28 22:04:55.58,-780.469,2800.748,2392.721
2017-05-28 22:05:00.57,-780.529,2802.106,2397.960
2017-05-28 22:05:05.56,-781.033,2798.735,2395.048
2017-05-28 22:05:10.55,-782.266,2800.285,2399.208
2017-05-28 22:05:15.54,-780.186,2799.050,2397.796
2017-05-28 22:05:20.53,-775.769,2799.601,2397.204
2017-05-28 22:05:25.52,-778.116,2798.513,2399.166
2017-05-28 22:05:30.51,-780.305,2799.674,2394.569
2017-05-28 22:05:35.50,-781.457,2801.326,2394.089
2017-05-28 22:05:40.50,-779.611,2801.778,2391.432
2017-05-28 22:05:45.49,-778.327,2800.758,2387.669
2017-05-28 22:05:50.48,-777.041,2801.575,2389.783
2017-05-28 22:05:55.47,-781.046,2800.197,2389.718
2017-05-28 22:06:00.46,-782.308,2797.521,2386.455
2017-05-28 22:06:05.45,-783.122,2795.223,2386.750
2017-05-28 22:06:10.44,-784.677,2794.343,2384.377
2017-05-28 22:06:15.43,-781.578,2796.690,2389.445
2017-05-28 22:06:20.43,-781.324,2798.920,2387.273
2017-05-28 22:06:25.42,-782.109,2798.945,2387.619
2017-05-28 22:06:30.41,-781.099,2797.682,2387.765
2017-05-28 22:06:35.40,-779.756,2795.468,2382.341
2017-05-28 22:06:40.39,-780.121,2797.130,2388.253
2017-05-28 22:06:45.38,-779.011,2797.012,2385.270
2017-05-28 22:06:50.37,-782.602,2797.011,2385.375
2017-05-28 22:06:55.36,-779.763,2798.286,2385.802
2017-05-28 22:07:00.35,-776.949,2798.026,2385.975
2017-05-28 22:07:05.36,-780.405,2799.211,2385.652
2017-05-28 22:07:10.35,-780.991,2798.739,2379.941
2017-05-28 22:07:15.34,-781.886,2797.634,2384.041
2017-05-28 22:07:20.33,-783.677,2797.591,2384.826
2017-05-28 22:07:25.33,-784.706,2796.516,2388.401
2017-05-28 22:07:30.32,-783.719,2798.327,2387.778
2017-05-28 22:07:35.31,-785.042,2798.818,2387.084
2017-05-28 22:07:40.30,-782.671,2800.231,2387.631
2017-05-28 22:07:45.29,-783.236,2799.866,2387.945
2017-05-28 22:07:50.28,-780.814,2799.829,2390.407
2017-05-28 22:07:55.27,-783.617,2797.967,2386.768
2017-05-28 22:08:00.26,-785.219,2800.797,2386.533
2017-05-28 22:08:05.26,-783.446,2799.243,2385.839
2017-05-28 22:08:10.25,-783.811,2798.879,2388.622
2017-05-28 22:08:15.24,-785.385,2798.598,2387.085
2017-05-28 22:08:20.23,-779.834,2800.785,2389.111
2017-05-28 22:08:25.22,-779.756,2800.526,2389.096
2017-05-28 22:08:30.21,-783.415,2799.717,2391.218
2017-05-28 22:08:35.20,-786.136,2798.599,2390.954
2017-05-28 22:08:40.19,-781.921,2797.766,2386.335
2017-05-28 22:08:45.18,-780.225,2799.364,2386.026
2017-05-28 22:08:50.18,-781.496,2799.524,2388.684
2017-05-28 22:08:55.17,-779.478,2799.750,2391.367
2017-05-28 22:09:00.16,-777.387,2798.994,2390.456
2017-05-28 22:09:05.15,-779.445,2800.504,2390.750
2017-05-28 22:09:10.14,-780.638,2800.516,2386.522
2017-05-28 22:09:15.13,-778.484,2800.772,2388.523
2017-05-28 22:09:20.12,-782.202,2799.136,2386.264
2017-05-28 22:09:25.11,-778.912,2799.941,2385.990
2017-05-28 22:09:30.10,-779.718,2798.063,2389.421
2017-05-28 22:09:35.10,-780.358,2797.969,2387.956
2017-05-28 22:09:40.09,-780.738,2797.881,2387.624
2017-05-28 22:09:45.08,-778.747,2800.018,2392.121
2017-05-28 22:09:50.07,-782.330,2797.912,2389.247
2017-05-28 22:09:55.06,-782.864,2797.915,2391.801
2017-05-28 22:10:00.05,-778.361,2801.128,2390.132
2017-05-28 22:10:05.04,-777.322,2800.698,2389.818
2017-05-28 22:10:10.03,-780.980,2798.232,2392.091
2017-05-28 22:10:15.03,-781.245,2800.444,2394.146
2017-05-28 22:10:20.02,-780.269,2798.452,2390.750
2017-05-28 22:10:25.01,-779.410,2797.083,2389.625
2017-05-28 22:10:30.00,-778.551,2796.846,2387.175
2017-05-28 22:10:34.99,-778.398,2799.204,2388.442
2017-05-28 22:10:39.98,-781.517,2799.238,2389.533
2017-05-28 22:10:44.97,-781.074,2797.684,2388.264
2017-05-28 22:10:49.96,-780.940,2801.182,2386.092
2017-05-28 22:10:54.95,-785.522,2799.216,2385.728
2017-05-28 22:10:59.95,-781.229,2797.012,2385.369
2017-05-28 22:11:04.94,-778.821,2799.364,2386.472
2017-05-28 22:11:09.93,-781.567,2800.356,2388.156
2017-05-28 22:11:14.92,-782.985,2799.758,2393.320
2017-05-28 22:11:19.91,-784.133,2799.018,2392.178
2017-05-28 22:11:24.90,-782.101,2800.388,2393.510
2017-05-28 22:11:29.89,-783.759,2799.632,2390.573
2017-05-28 22:11:34.90,-782.229,2800.598,2392.655
2017-05-28 22:11:39.89,-784.916,2799.844,2391.482
2017-05-28 22:11:44.88,-783.951,2798.663,2395.156
2017-05-28 22:11:49.87,-782.083,2799.239,2390.169
2017-05-28 22:11:54.86,-776.208,2801.257,2390.199
2017-05-28 22:11:59.86,-779.906,2801.422,2387.580
2017-05-28 22:12:04.85,-781.915,2798.162,2387.719
2017-05-28 22:12:09.84,-781.802,2798.111,2390.407
2017-05-28 22:12:14.83,-786.405,2796.036,2390.959
2017-05-28 22:12:19.82,-782.985,2797.471,2391.184
2017-05-28 22:12:24.81,-781.954,2796.092,2390.583
2017-05-28 22:12:29.80,-782.541,2794.292,2394.650
2017-05-28 22:12:34.79,-780.589,2798.066,2395.350
2017-05-28 22:12:39.78,-781.533,2797.567,2393.843
2017-05-28 22:12:44.78,-779.299,2797.053,2396.134
2017-05-28 22:12:49.77,-782.221,2797.206,2393.498
2017-05-28 22:12:54.76,-780.956,2797.224,2393.865
2017-05-28 22:12:59.75,-782.263,2797.116,2394.510
2017-05-28 22:13:04.74,-780.385,2797.748,2392.091
2017-05-28 22:13:09.73,-778.452,2798.462,2389.169
2017-05-28 22:13:14.72,-780.615,2798.923,2394.682
2017-05-28 22:13:19.71,-781.488,2797.988,2395.215
2017-05-28 22:13:24.70,-780.702,2797.204,2390.098
2017-05-28 22:13:29.70,-781.869,2798.811,2391.793
2017-05-28 22:13:34.69,-782.348,2797.071,2388.490
2017-05-28 22:13:39.68,-780.691,2798.860,2390.395
2017-05-28 22:13:44.67,-783.064,2798.386,2389.390
2017-05-28 22:13:49.66,-781.793,2798.199,2391.555
2017-05-28 22:13:54.65,-780.705,2799.214,2390.389
2017-05-28 22:13:59.64,-778.338,2799.565,2389.179
2017-05-28 22:14:04.63,-780.216,2798.931,2392.709
2017-05-28 22:14:09.63,-780.710,2798.202,2390.271
2017-05-28 22:14:14.62,-778.629,2796.281,2390.365
2017-05-28 22:14:19.61,-779.132,2800.482,2386.209
2017-05-28 22:14:24.60,-775.894,2802.212,2388.745
2017-05-28 22:14:29.59,-777.875,2800.325,2391.318
2017-05-28 22:14:34.58,-781.551,2798.621,2391.070
2017-05-28 22:14:39.57,-780.505,2797.124,2391.992
2017-05-28 22:14:44.56,-781.142,2795.812,2395.034
2017-05-28 22:14:49.55,-778.598,2799.049,2391.356
2017-05-28 22:14:54.55,-781.229,2796.148,2396.616
2017-05-28 22:14:59.54,-780.905,2796.982,2394.523
2017-05-28 22:15:04.53,-778.569,2795.005,2392.611
2017-05-28 22:15:09.52,-781.335,2796.284,2391.832
2017-05-28 22:15:14.51,-782.544,2796.979,2392.574
2017-05-28 22:15:19.50,-783.308,2798.033,2393.090
2017-05-28 22:15:24.49,-782.665,2797.876,2391.118
2017-05-28 22:15:29.48,-783.986,2798.038,2390.799
2017-05-28 22:15:34.47,-783.755,2798.529,2387.418
2017-05-28 22:15:39.47,-784.835,2800.438,2391.901
2017-05-28 22:15:44.46,-783.281,2797.242,2391.691
2017-05-28 22:15:49.45,-784.579,2796.212,2391.923
2017-05-28 22:15:54.44,-783.448,2798.365,2393.054
2017-05-28 22:15:59.43,-783.665,2799.125,2389.962
2017-05-28 22:16:04.42,-783.601,2799.024,2391.861
2017-05-28 22:16:09.41,-782.168,2798.899,2391.575
2017-05-28 22:16:14.40,-782.251,2797.386,2394.392
2017-05-28 22:16:19.39,-783.316,2796.380,2394.949
2017-05-28 22:16:24.39,-782.815,2795.747,2393.997
2017-05-28 22:16:29.38,-780.768,2800.105,2393.962
2017-05-28 22:16:34.37,-780.578,2798.935,2393.682
2017-05-28 22:16:39.36,-783.845,2799.099,2391.208
2017-05-28 22:16:44.35,-781.742,2800.961,2392.139
2017-05-28 22:16:49.34,-779.396,2801.772,2392.976
2017-05-28 22:16:54.33,-778.325,2801.308,2396.043
2017-05-28 22:16:59.32,-784.012,2799.354,2393.876
2017-05-28 22:17:04.32,-785.518,2798.158,2393.252
2017-05-28 22:17:09.32,-784.751,2799.122,2394.131
2017-05-28 22:17:14.31,-787.488,2796.821,2395.224
2017-05-28 22:17:19.30,-779.225,2798.752,2389.412
2017-05-28 22:17:24.30,-782.418,2799.475,2386.524
2017-05-28 22:17:29.29,-780.446,2799.065,2386.288
2017-05-28 22:17:34.28,-781.432,2798.640,2385.914
2017-05-28 22:17:39.27,-780.508,2798.961,2389.507
2017-05-28 22:17:44.26,-781.295,2798.087,2389.184
2017-05-28 22:17:49.25,-779.111,2800.081,2392.773
2017-05-28 22:17:54.24,-782.798,2798.375,2390.170
2017-05-28 22:17:59.23,-780.571,2798.095,2390.690
2017-05-28 22:18:04.22,-783.449,2796.809,2390.221
2017-05-28 22:18:09.22,-782.624,2796.665,2387.705
2017-05-28 22:18:14.21,-782.571,2794.709,2392.329
2017-05-28 22:18:19.20,-780.295,2796.527,2390.447
2017-05-28 22:18:24.19,-781.016,2796.018,2389.082
2017-05-28 22:18:29.18,-781.613,2795.226,2386.681
2017-05-28 22:18:34.17,-783.477,2796.148,2389.510
2017-05-28 22:18:39.16,-784.181,2796.889,2388.322
2017-05-28 22:18:44.15,-785.414,2798.109,2391.320
2017-05-28 22:18:49.15,-782.727,2796.239,2393.673
2017-05-28 22:18:54.14,-780.344,2796.069,2395.778
2017-05-28 22:18:59.13,-778.441,2793.604,2390.008
2017-05-28 22:19:04.12,-780.124,2795.597,2392.731
2017-05-28 22:19:09.11,-778.256,2799.296,2387.766
2017-05-28 22:19:14.10,-778.286,2798.835,2389.689
2017-05-28 22:19:19.09,-777.216,2798.339,2393.875
2017-05-28 22:19:24.08,-780.491,2795.714,2389.282
2017-05-28 22:19:29.08,-778.612,2796.905,2392.245
2017-05-28 22:19:34.07,-780.767,2795.006,2394.513
2017-05-28 22:19:39.06,-780.432,2798.381,2389.341
2017-05-28 22:19:44.05,-780.954,2799.583,2388.569
2017-05-28 22:19:49.04,-778.206,2798.864,2391.632
2017-05-28 22:19:54.03,-782.021,2797.917,2393.071
2017-05-28 22:19:59.02,-780.482,2797.508,2390.260
2017-05-28 22:20:04.01,-781.384,2797.682,2393.258
2017-05-28 22:20:09.00,-784.221,2798.035,2393.788
2017-05-28 22:20:14.00,-781.262,2800.064,2393.453
2017-05-28 22:20:18.99,-782.819,2798.601,2390.317
2017-05-28 22:20:23.98,-781.651,2799.854,2393.542
2017-05-28 22:20:28.97,-780.787,2799.985,2392.320
2017-05-28 22:20:33.96,-777.945,2800.254,2391.113
2017-05-28 22:20:38.95,-777.657,2800.688,2393.159
2017-05-28 22:20:43.94,-782.125,2799.345,2393.088
2017-05-28 22:20:48.93,-784.198,2797.825,2392.934
2017-05-28 22:20:53.92,-782.435,2798.447,2393.507
2017-05-28 22:20:58.92,-781.484,2797.525,2395.041
2017-05-28 22:21:03.91,-782.398,2799.528,2394.908
2017-05-28 22:21:08.90,-782.383,2800.750,2389.076
2017-05-28 22:21:13.89,-780.084,2798.673,2392.493
2017-05-28 22:21:18.88,-780.391,2799.645,2394.888
2017-05-28 22:21:23.87,-782.821,2798.690,2390.759
2017-05-28 22:21:28.88,-780.775,2798.159,2394.426
2017-05-28 22:21:33.87,-775.366,2797.311,2390.860
2017-05-28 22:21:38.86,-778.105,2795.053,2393.785
2017-05-28 22:21:43.85,-778.196,2797.858,2396.208
2017-05-28 22:21:48.84,-776.975,2800.489,2394.642
2017-05-28 22:21:53.83,-775.484,2799.305,2394.121
2017-05-28 22:21:58.83,-778.274,2796.788,2395.216
2017-05-28 22:22:03.82,-777.632,2797.961,2395.536
2017-05-28 22:22:08.81,-779.197,2799.979,2393.858
2017-05-28 22:22:13.80,-775.841,2800.434,2393.151
2017-05-28 22:22:18.79,-775.346,2799.741,2389.634
2017-05-28 22:22:23.78,-777.221,2801.136,2389.297
2017-05-28 22:22:28.77,-778.473,2799.185,2391.977
2017-05-28 22:22:33.76,-781.409,2798.864,2394.879
2017-05-28 22:22:38.75,-780.097,2800.393,2395.284
2017-05-28 22:22:43.75,-776.701,2801.032,2392.211
2017-05-28 22:22:48.74,-779.657,2799.007,2397.040
2017-05-28 22:22:53.73,-779.000,2801.083,2397.412
2017-05-28 22:22:58.72,-776.392,2798.247,2398.860
2017-05-28 22:23:03.71,-777.829,2799.635,2395.815
2017-05-28 22:23:08.70,-776.882,2797.722,2395.298
2017-05-28 22:23:13.69,-778.456,2799.330,2393.987
2017-05-28 22:23:18.68,-777.356,2798.954,2396.042
2017-05-28 22:23:23.68,-778.485,2797.474,2392.590
2017-05-28 22:23:28.67,-779.503,2795.477,2393.416
2017-05-28 22:23:33.66,-778.712,2797.698,2394.828
2017-05-28 22:23:38.65,-777.213,2797.733,2393.556
2017-05-28 22:23:43.64,-775.963,2798.010,2390.311
2017-05-28 22:23:48.63,-776.572,2797.626,2390.987
2017-05-28 22:23:53.62,-777.192,2798.969,2389.537
2017-05-28 22:23:58.61,-774.492,2797.478,2394.342
2017-05-28 22:24:03.60,-774.195,2798.004,2390.601
2017-05-28 22:24:08.60,-775.639,2799.629,2393.571
2017-05-28 22:24:13.59,-777.091,2799.634,2396.694
2017-05-28 22:24:18.58,-773.174,2799.982,2395.695
2017-05-28 22:24:23.57,-776.019,2801.584,2395.904
2017-05-28 22:24:28.56,-778.524,2800.572,2399.182
2017-05-28 22:24:33.55,-779.957,2797.189,2398.625
2017-05-28 22:24:38.54,-778.661,2800.420,2395.662
2017-05-28 22:24:43.53,-775.503,2799.100,2394.126
2017-05-28 22:24:48.52,-774.696,2798.664,2400.211
2017-05-28 22:24:53.52,-774.720,2802.472,2399.968
2017-05-28 22:24:58.51,-776.963,2801.919,2399.977
2017-05-28 22:25:03.50,-775.721,2801.308,2400.242
2017-05-28 22:25:08.49,-776.493,2801.523,2400.046
2017-05-28 22:25:13.48,-776.363,2801.188,2396.696
2017-05-28 22:25:18.47,-777.450,2802.044,2396.390
2017-05-28 22:25:23.46,-776.685,2800.268,2395.935
2017-05-28 22:25:28.45,-776.889,2800.891,2397.956
2017-05-28 22:25:33.45,-779.695,2796.499,2395.747
2017-05-28 22:25:38.44,-776.841,2796.841,2399.111
2017-05-28 22:25:43.43,-778.033,2797.009,2399.283
2017-05-28 22:25:48.43,-778.249,2797.944,2398.325
2017-05-28 22:25:53.43,-778.117,2799.066,2399.376
2017-05-28 22:25:58.42,-778.336,2798.283,2399.243
2017-05-28 22:26:03.41,-777.581,2798.945,2399.695
2017-05-28 22:26:08.40,-776.538,2799.174,2394.518
2017-05-28 22:26:13.39,-776.235,2798.718,2393.416
2017-05-28 22:26:18.38,-776.459,2799.207,2391.849
2017-05-28 22:26:23.37,-776.919,2799.688,2392.811
2017-05-28 22:26:28.36,-775.450,2799.754,2393.109
2017-05-28 22:26:33.35,-775.023,2800.798,2394.196
2017-05-28 22:26:38.35,-775.737,2800.352,2396.656
2017-05-28 22:26:43.34,-774.543,2799.031,2397.732
2017-05-28 22:26:48.33,-774.614,2802.075,2394.822
2017-05-28 22:26:53.32,-778.073,2801.154,2391.095
2017-05-28 22:26:58.31,-781.323,2797.993,2394.426
2017-05-28 22:27:03.30,-779.710,2795.913,2392.698
2017-05-28 22:27:08.29,-777.708,2798.339,2392.345
2017-05-28 22:27:13.28,-775.739,2798.806,2392.072
2017-05-28 22:27:18.28,-774.248,2799.807,2392.921
2017-05-28 22:27:23.27,-775.664,2801.589,2392.829
2017-05-28 22:27:28.26,-778.320,2800.621,2389.192
2017-05-28 22:27:33.25,-777.118,2799.668,2394.310
2017-05-28 22:27:38.24,-779.988,2798.583,2396.291
2017-05-28 22:27:43.23,-776.245,2799.730,2395.573
2017-05-28 22:27:48.22,-777.445,2799.242,2401.895
2017-05-28 22:27:53.21,-776.528,2799.257,2400.639
2017-05-28 22:27:58.21,-777.913,2800.990,2397.875
2017-05-28 22:28:03.20,-780.955,2801.424,2397.915
2017-05-28 22:28:08.19,-777.821,2802.005,2394.892
2017-05-28 22:28:13.18,-778.542,2801.505,2397.991
2017-05-28 22:28:18.17,-774.942,2800.042,2400.309
2017-05-28 22:28:23.16,-778.646,2802.043,2394.818
2017-05-28 22:28:28.15,-776.461,2803.745,2394.550
2017-05-28 22:28:33.14,-775.922,2802.459,2391.358
2017-05-28 22:28:38.13,-779.708,2800.998,2391.916
2017-05-28 22:28:43.13,-775.934,2801.789,2394.525
2017-05-28 22:28:48.12,-772.568,2800.875,2397.576
2017-05-28 22:28:53.12,-775.293,2799.849,2391.998
2017-05-28 22:28:58.11,-771.814,2801.552,2391.393
2017-05-28 22:29:03.11,-769.899,2801.964,2394.365
2017-05-28 22:29:08.10,-771.539,2800.365,2393.996
2017-05-28 22:29:13.09,-770.734,2805.240,2389.424
2017-05-28 22:29:18.08,-771.726,2806.011,2390.005
2017-05-28 22:29:23.07,-770.049,2805.488,2391.595
2017-05-28 22:29:28.06,-772.501,2803.960,2395.000
2017-05-28 22:29:33.05,-773.454,2804.585,2395.156
2017-05-28 22:29:38.04,-776.481,2803.024,2398.374
2017-05-28 22:29:43.04,-774.399,2800.283,2393.234
2017-05-28 22:29:48.03,-773.485,2803.175,2394.967
2017-05-28 22:29:53.02,-773.072,2800.606,2391.889
2017-05-28 22:29:58.01,-771.533,2801.438,2393.808
2017-05-28 22:30:03.00,-770.104,2801.795,2393.266
2017-05-28 22:30:07.99,-769.927,2805.368,2393.546
2017-05-28 22:30:12.98,-769.993,2802.993,2393.230
2017-05-28 22:30:17.97,-771.684,2802.396,2393.421
2017-05-28 22:30:22.96,-771.445,2801.468,2395.471
2017-05-28 22:30:27.96,-770.086,2801.683,2398.885
2017-05-28 22:30:32.95,-774.295,2801.124,2394.134
2017-05-28 22:30:37.94,-774.504,2799.457,2392.116
2017-05-28 22:30:42.93,-773.864,2798.484,2393.658
2017-05-28 22:30:47.92,-774.484,2801.125,2393.771
2017-05-28 22:30:52.91,-774.645,2801.558,2394.528
2017-05-28 22:30:57.90,-773.879,2802.253,2395.222
2017-05-28 22:31:02.89,-773.450,2802.566,2393.746
2017-05-28 22:31:07.88,-773.126,2801.243,2395.257
2017-05-28 22:31:12.88,-771.890,2801.137,2389.740
2017-05-28 22:31:17.87,-767.314,2805.066,2390.151
2017-05-28 22:31:22.86,-767.554,2802.090,2389.474
2017-05-28 22:31:27.85,-773.208,2798.580,2390.862
2017-05-28 22:31:32.84,-773.332,2803.629,2397.206
2017-05-28 22:31:37.83,-771.755,2803.162,2397.457
2017-05-28 22:31:42.82,-767.036,2802.922,2396.662
2017-05-28 22:31:47.81,-768.026,2804.639,2395.415
2017-05-28 22:31:52.81,-769.991,2804.332,2390.474
2017-05-28 22:31:57.80,-766.976,2805.975,2390.098
2017-05-28 22:32:02.79,-770.866,2802.903,2390.001
2017-05-28 22:32:07.80,-769.688,2803.849,2395.564
2017-05-28 22:32:12.79,-770.272,2804.103,2391.885
2017-05-28 22:32:17.78,-774.164,2803.296,2390.314
2017-05-28 22:32:22.77,-770.153,2804.694,2393.009
2017-05-28 22:32:27.76,-770.758,2804.219,2392.131
2017-05-28 22:32:32.75,-767.904,2807.792,2389.880
2017-05-28 22:32:37.74,-770.571,2804.912,2387.420
2017-05-28 22:32:42.73,-766.961,2804.928,2388.278
2017-05-28 22:32:47.73,-771.321,2802.134,2395.738
2017-05-28 22:32:52.72,-769.849,2805.299,2396.164
2017-05-28 22:32:57.71,-769.232,2803.272,2395.708
2017-05-28 22:33:02.70,-771.015,2805.126,2396.046
2017-05-28 22:33:07.69,-769.792,2803.583,2396.355
2017-05-28 22:33:12.68,-769.655,2803.305,2398.368
2017-05-28 22:33:17.67,-769.867,2803.849,2397.758
2017-05-28 22:33:22.66,-766.756,2803.430,2398.079
2017-05-28 22:33:27.65,-771.178,2803.177,2392.376
2017-05-28 22:33:32.65,-772.207,2802.875,2394.797
2017-05-28 22:33:37.64,-771.269,2800.763,2393.801
2017-05-28 22:33:42.63,-771.683,2801.427,2394.290
2017-05-28 22:33:47.62,-769.180,2802.500,2392.843
2017-05-28 22:33:52.61,-769.586,2803.512,2390.883
2017-05-28 22:33:57.60,-767.635,2804.096,2394.311
2017-05-28 22:34:02.59,-769.420,2804.992,2393.002
2017-05-28 22:34:07.58,-768.937,2802.619,2397.624
2017-05-28 22:34:12.58,-771.391,2804.652,2395.748
2017-05-28 22:34:17.57,-770.794,2807.418,2390.569
2017-05-28 22:34:22.56,-770.725,2805.828,2391.701
2017-05-28 22:34:27.55,-770.313,2806.520,2391.643
2017-05-28 22:34:32.54,-771.821,2804.588,2393.572
2017-05-28 22:34:37.53,-768.502,2804.896,2396.305
2017-05-28 22:34:42.52,-771.185,2803.275,2396.703
2017-05-28 22:34:47.51,-773.955,2804.572,2395.010
2017-05-28 22:34:52.51,-775.595,2802.744,2395.191
2017-05-28 22:34:57.50,-771.906,2805.569,2396.089
2017-05-28 22:35:02.49,-776.016,2803.424,2395.807
2017-05-28 22:35:07.48,-766.591,2805.839,2396.816
2017-05-28 22:35:12.47,-769.222,2804.401,2396.342
2017-05-28 22:35:17.46,-771.684,2805.270,2397.279
2017-05-28 22:35:22.45,-770.764,2803.507,2397.260
2017-05-28 22:35:27.46,-770.376,2803.998,2393.490
2017-05-28 22:35:32.45,-769.915,2801.904,2394.098
2017-05-28 22:35:37.44,-770.544,2800.683,2392.059
2017-05-28 22:35:42.43,-771.968,2803.850,2393.335
2017-05-28 22:35:47.42,-770.423,2804.325,2396.770
2017-05-28 22:35:52.42,-772.706,2803.770,2398.523
2017-05-28 22:35:57.41,-771.229,2804.152,2394.812
2017-05-28 22:36:02.40,-768.757,2803.223,2391.083
2017-05-28 22:36:07.39,-767.700,2803.553,2392.164
2017-05-28 22:36:12.38,-769.835,2804.508,2390.367
2017-05-28 22:36:17.37,-771.816,2804.191,2388.966
2017-05-28 22:36:22.36,-776.977,2800.222,2388.623
2017-05-28 22:36:27.35,-774.109,2801.614,2386.770
2017-05-28 22:36:32.35,-773.809,2801.186,2388.522
2017-05-28 22:36:37.34,-776.049,2799.374,2390.432
2017-05-28 22:36:42.33,-768.231,2806.604,2392.003
2017-05-28 22:36:47.32,-770.458,2803.715,2396.441
2017-05-28 22:36:52.31,-772.662,2804.679,2396.599
2017-05-28 22:36:57.30,-776.579,2800.481,2395.685
2017-05-28 22:37:02.29,-775.805,2802.895,2396.130
2017-05-28 22:37:07.28,-776.117,2804.371,2397.258
2017-05-28 22:37:12.27,-774.064,2804.651,2400.269
2017-05-28 22:37:17.27,-776.217,2801.226,2397.995
2017-05-28 22:37:22.26,-775.258,2802.177,2397.822
2017-05-28 22:37:27.25,-774.006,2800.894,2394.269
2017-05-28 22:37:32.24,-774.194,2800.934,2398.542
2017-05-28 22:37:37.23,-774.036,2799.169,2400.515
2017-05-28 22:37:42.22,-774.027,2798.107,2400.304
2017-05-28 22:37:47.21,-774.499,2798.826,2397.470
2017-05-28 22:37:52.20,-775.474,2802.765,2393.959
2017-05-28 22:37:57.20,-770.537,2802.384,2397.338
2017-05-28 22:38:02.19,-772.281,2802.911,2399.166
2017-05-28 22:38:07.18,-775.496,2801.102,2400.460
2017-05-28 22:38:12.17,-774.342,2802.313,2397.829
2017-05-28 22:38:17.16,-774.646,2802.439,2397.807
2017-05-28 22:38:22.15,-776.242,2799.816,2400.631
2017-05-28 22:38:27.14,-773.401,2800.288,2399.014
2017-05-28 22:38:32.13,-772.709,2801.198,2400.013
2017-05-28 22:38:37.12,-773.477,2801.144,2398.488
2017-05-28 22:38:42.12,-775.692,2802.703,2398.134
2017-05-28 22:38:47.11,-770.954,2804.758,2399.892
2017-05-28 22:38:52.10,-773.202,2804.705,2397.959
2017-05-28 22:38:57.09,-773.898,2804.235,2398.145
2017-05-28 22:39:02.10,-772.211,2802.934,2399.805
2017-05-28 22:39:07.09,-770.256,2802.573,2398.069
2017-05-28 22:39:12.08,-773.526,2798.120,2397.625
2017-05-28 22:39:17.07,-774.066,2800.928,2397.468
2017-05-28 22:39:22.06,-777.501,2801.968,2395.957
2017-05-28 22:39:27.05,-774.437,2804.116,2397.410
2017-05-28 22:39:32.04,-773.265,2804.635,2395.937
2017-05-28 22:39:37.03,-774.056,2803.321,2398.779
2017-05-28 22:39:42.03,-770.976,2805.856,2397.144
2017-05-28 22:39:47.02,-774.148,2803.877,2398.684
2017-05-28 22:39:52.01,-773.929,2802.664,2398.863
2017-05-28 22:39:57.00,-772.631,2802.158,2399.245
2017-05-28 22:40:01.99,-773.724,2803.338,2399.217
2017-05-28 22:40:06.98,-771.610,2803.785,2400.015
2017-05-28 22:40:11.97,-771.597,2805.251,2403.567
2017-05-28 22:40:16.96,-773.710,2804.595,2399.285
2017-05-28 22:40:21.96,-773.529,2803.092,2400.510
2017-05-28 22:40:26.95,-773.984,2803.760,2396.717
2017-05-28 22:40:31.94,-771.446,2804.812,2399.638
2017-05-28 22:40:36.93,-770.950,2802.832,2398.356
2017-05-28 22:40:41.92,-772.196,2803.235,2396.471
2017-05-28 22:40:46.91,-773.253,2802.995,2398.241
2017-05-28 22:40:51.90,-774.930,2800.700,2393.282
2017-05-28 22:40:56.89,-774.436,2801.001,2389.089
2017-05-28 22:41:01.88,-776.973,2802.293,2393.193
2017-05-28 22:41:06.88,-777.421,2799.068,2394.879
2017-05-28 22:41:11.87,-771.146,2801.239,2394.777
2017-05-28 22:41:16.86,-771.024,2803.210,2395.705
2017-05-28 22:41:21.85,-766.926,2806.238,2395.639
2017-05-28 22:41:26.84,-764.292,2805.057,2393.476
2017-05-28 22:41:31.83,-764.963,2806.854,2389.605
2017-05-28 22:41:36.82,-765.603,2806.542,2391.227
2017-05-28 22:41:41.82,-766.722,2805.406,2395.105
2017-05-28 22:41:46.81,-762.433,2810.172,2393.152
2017-05-28 22:41:51.80,-756.857,2812.797,2394.918
2017-05-28 22:41:56.79,-764.452,2809.979,2394.802
2017-05-28 22:42:01.78,-767.423,2807.541,2394.109
2017-05-28 22:42:06.77,-766.048,2807.952,2394.376
2017-05-28 22:42:11.78,-766.125,2807.442,2392.660
2017-05-28 22:42:16.75,-767.226,2806.309,2392.856
2017-05-28 22:42:21.76,-767.316,2807.583,2393.621
2017-05-28 22:42:26.75,-766.262,2807.346,2393.224
2017-05-28 22:42:31.74,-770.046,2805.054,2392.296
2017-05-28 22:42:36.73,-765.415,2808.060,2394.276
2017-05-28 22:42:41.72,-769.278,2805.394,2394.881
2017-05-28 22:42:46.72,-766.140,2805.539,2392.612
2017-05-28 22:42:51.71,-765.619,2804.789,2393.115
2017-05-28 22:42:56.70,-765.232,2805.511,2387.850
2017-05-28 22:43:01.69,-763.318,2808.645,2389.324
2017-05-28 22:43:06.68,-764.749,2807.162,2389.305
2017-05-28 22:43:11.67,-766.685,2807.909,2387.625
2017-05-28 22:43:16.66,-764.028,2807.740,2391.775
2017-05-28 22:43:21.65,-766.694,2808.985,2392.164
2017-05-28 22:43:26.64,-773.829,2804.146,2394.868
2017-05-28 22:43:31.64,-771.553,2803.843,2391.877
2017-05-28 22:43:36.63,-771.797,2803.973,2394.760
2017-05-28 22:43:41.62,-773.701,2804.431,2395.958
2017-05-28 22:43:46.61,-770.391,2802.956,2399.223
2017-05-28 22:43:51.60,-767.856,2803.335,2397.779
2017-05-28 22:43:56.59,-771.715,2805.003,2398.030
2017-05-28 22:44:01.58,-770.114,2804.410,2395.173
2017-05-28 22:44:06.58,-770.593,2804.664,2397.279
2017-05-28 22:44:11.57,-764.540,2805.120,2397.058
2017-05-28 22:44:16.56,-768.826,2803.662,2397.776
2017-05-28 22:44:21.55,-771.334,2801.204,2394.083
2017-05-28 22:44:26.54,-770.498,2802.428,2397.554
2017-05-28 22:44:31.53,-770.631,2802.410,2395.712
2017-05-28 22:44:36.52,-769.496,2802.736,2396.892
2017-05-28 22:44:41.51,-770.291,2802.265,2395.389
2017-05-28 22:44:46.50,-768.779,2804.758,2394.474
2017-05-28 22:44:51.51,-769.918,2805.864,2393.338
2017-05-28 22:44:56.50,-771.772,2804.570,2391.355
2017-05-28 22:45:01.49,-769.751,2805.457,2393.205
2017-05-28 22:45:06.48,-769.124,2805.921,2392.393
2017-05-28 22:45:11.48,-769.909,2805.536,2392.832
2017-05-28 22:45:16.47,-767.369,2806.453,2391.584
2017-05-28 22:45:21.46,-767.701,2806.019,2393.670
2017-05-28 22:45:26.45,-766.945,2805.110,2393.251
2017-05-28 22:45:31.44,-769.153,2805.071,2392.142
2017-05-28 22:45:36.43,-774.009,2804.885,2392.878
2017-05-28 22:45:41.42,-773.151,2803.582,2394.658
2017-05-28 22:45:46.41,-774.261,2803.852,2390.974
2017-05-28 22:45:51.40,-776.974,2802.239,2392.396
2017-05-28 22:45:56.40,-782.149,2797.206,2393.285
2017-05-28 22:46:01.39,-766.587,2804.802,2393.766
2017-05-28 22:46:06.38,-765.641,2806.747,2394.084
2017-05-28 22:46:11.37,-772.647,2804.922,2397.227
2017-05-28 22:46:16.36,-772.368,2804.088,2391.806
2017-05-28 22:46:21.35,-766.007,2808.801,2390.891
2017-05-28 22:46:26.34,-767.785,2811.315,2395.328
2017-05-28 22:46:31.34,-768.151,2807.272,2396.843
2017-05-28 22:46:36.33,-770.137,2807.247,2397.867
2017-05-28 22:46:41.32,-768.122,2805.379,2397.612
2017-05-28 22:46:46.31,-769.788,2802.661,2398.796
2017-05-28 22:46:51.30,-768.734,2805.163,2397.490
2017-05-28 22:46:56.29,-769.783,2803.886,2394.621
2017-05-28 22:47:01.28,-769.742,2803.643,2394.171
2017-05-28 22:47:06.27,-769.102,2805.674,2395.642
2017-05-28 22:47:11.26,-768.021,2803.995,2395.328
2017-05-28 22:47:16.26,-769.625,2802.995,2396.406
2017-05-28 22:47:21.25,-769.871,2805.603,2395.605
2017-05-28 22:47:26.24,-771.434,2805.270,2393.748
2017-05-28 22:47:31.23,-770.841,2806.092,2393.350
2017-05-28 22:47:36.22,-771.462,2806.987,2395.003
2017-05-28 22:47:41.21,-771.227,2804.790,2394.323
2017-05-28 22:47:46.20,-772.015,2802.511,2393.132
2017-05-28 22:47:51.19,-773.436,2804.307,2394.484
2017-05-28 22:47:56.19,-769.854,2805.799,2398.788
2017-05-28 22:48:01.18,-772.750,2804.432,2397.252
2017-05-28 22:48:06.17,-771.528,2807.197,2391.171
2017-05-28 22:48:11.16,-770.013,2808.399,2393.074
2017-05-28 22:48:16.15,-772.606,2806.020,2395.740
2017-05-28 22:48:21.14,-770.666,2806.072,2393.102
2017-05-28 22:48:26.13,-769.382,2807.395,2389.988
2017-05-28 22:48:31.12,-767.916,2808.010,2392.015
2017-05-28 22:48:36.11,-770.124,2804.801,2391.864
2017-05-28 22:48:41.11,-771.612,2804.266,2396.582
2017-05-28 22:48:46.10,-771.876,2801.160,2397.129
2017-05-28 22:48:51.09,-772.442,2803.395,2394.636
2017-05-28 22:48:56.08,-772.072,2804.674,2393.868
2017-05-28 22:49:01.09,-771.651,2803.135,2397.562
2017-05-28 22:49:06.08,-769.184,2804.245,2393.850
2017-05-28 22:49:11.07,-767.378,2806.951,2393.070
2017-05-28 22:49:16.06,-770.801,2805.559,2395.512
2017-05-28 22:49:21.05,-772.069,2806.729,2391.348
2017-05-28 22:49:26.04,-771.297,2806.342,2393.376
2017-05-28 22:49:31.03,-768.515,2808.448,2392.029
2017-05-28 22:49:36.02,-765.181,2808.572,2394.542
2017-05-28 22:49:41.02,-766.286,2807.233,2393.528
2017-05-28 22:49:46.01,-765.796,2806.406,2397.777
2017-05-28 22:49:51.00,-765.277,2805.841,2393.051
2017-05-28 22:49:55.99,-766.936,2806.687,2394.363
2017-05-28 22:50:00.98,-766.203,2805.658,2391.447
2017-05-28 22:50:05.97,-764.636,2805.878,2393.109
2017-05-28 22:50:10.96,-764.924,2805.762,2394.290
2017-05-28 22:50:15.95,-764.931,2807.113,2394.272
2017-05-28 22:50:20.95,-764.641,2805.171,2393.450
2017-05-28 22:50:25.94,-769.248,2805.437,2393.987
2017-05-28 22:50:30.93,-767.029,2804.832,2395.714
2017-05-28 22:50:35.92,-767.219,2805.655,2395.252
2017-05-28 22:50:40.91,-766.101,2806.212,2395.761
2017-05-28 22:50:45.90,-767.049,2806.543,2391.870
2017-05-28 22:50:50.89,-765.524,2807.301,2395.924
2017-05-28 22:50:55.88,-766.893,2807.852,2395.818
2017-05-28 22:51:00.87,-764.648,2806.092,2396.212
2017-05-28 22:51:05.87,-764.229,2805.494,2394.402
2017-05-28 22:51:10.86,-762.918,2810.033,2392.985
2017-05-28 22:51:15.85,-764.966,2809.815,2397.146
2017-05-28 22:51:20.86,-764.439,2807.817,2395.160
2017-05-28 22:51:25.85,-762.845,2809.711,2394.371
2017-05-28 22:51:30.84,-765.038,2807.267,2391.484
2017-05-28 22:51:35.83,-765.683,2806.348,2393.293
2017-05-28 22:51:40.82,-765.533,2805.158,2393.770
2017-05-28 22:51:45.81,-767.139,2806.517,2396.270
2017-05-28 22:51:50.80,-766.526,2808.014,2401.285
2017-05-28 22:51:55.79,-764.398,2808.199,2395.127
2017-05-28 22:52:00.78,-763.297,2810.028,2394.727
2017-05-28 22:52:05.78,-763.992,2809.959,2397.041
2017-05-28 22:52:10.77,-764.356,2807.932,2394.216
2017-05-28 22:52:15.76,-765.602,2808.385,2397.811
2017-05-28 22:52:20.75,-764.670,2809.101,2395.102
2017-05-28 22:52:25.74,-762.409,2809.641,2398.728
2017-05-28 22:52:30.73,-764.456,2811.007,2397.701
2017-05-28 22:52:35.72,-764.950,2807.816,2396.323
2017-05-28 22:52:40.71,-765.375,2806.345,2397.737
2017-05-28 22:52:45.70,-768.574,2807.265,2394.984
2017-05-28 22:52:50.70,-765.722,2808.615,2392.419
2017-05-28 22:52:55.69,-765.164,2807.235,2395.688
2017-05-28 22:53:00.68,-765.617,2808.328,2396.854
2017-05-28 22:53:05.67,-765.375,2807.651,2397.634
2017-05-28 22:53:10.66,-767.435,2805.759,2398.687
2017-05-28 22:53:15.65,-767.612,2807.152,2396.320
2017-05-28 22:53:20.64,-764.606,2807.346,2396.016
2017-05-28 22:53:25.63,-759.971,2809.371,2396.235
2017-05-28 22:53:30.63,-764.341,2806.531,2399.955
2017-05-28 22:53:35.62,-767.057,2807.605,2399.269
2017-05-28 22:53:40.61,-769.374,2805.576,2396.255
2017-05-28 22:53:45.60,-766.207,2807.369,2401.451
2017-05-28 22:53:50.59,-765.002,2805.876,2396.699
2017-05-28 22:53:55.58,-769.409,2807.335,2399.079
2017-05-28 22:54:00.57,-770.458,2805.541,2393.371
2017-05-28 22:54:05.56,-768.666,2804.810,2394.252
2017-05-28 22:54:10.55,-769.903,2803.223,2397.408
2017-05-28 22:54:15.55,-765.512,2806.259,2393.208
2017-05-28 22:54:20.55,-765.361,2805.623,2395.459
2017-05-28 22:54:25.54,-768.538,2804.132,2395.755
2017-05-28 22:54:30.54,-771.776,2805.056,2397.460
2017-05-28 22:54:35.53,-768.421,2805.853,2394.893
2017-05-28 22:54:40.52,-765.724,2806.502,2396.250
2017-05-28 22:54:45.51,-770.705,2805.312,2394.793
2017-05-28 22:54:50.50,-772.595,2805.138,2394.356
2017-05-28 22:54:55.49,-771.901,2808.005,2392.315
2017-05-28 22:55:00.48,-771.009,2804.079,2395.832
2017-05-28 22:55:05.47,-770.602,2804.919,2398.727
2017-05-28 22:55:10.46,-769.855,2804.014,2396.772
2017-05-28 22:55:15.46,-771.631,2803.798,2395.817
2017-05-28 22:55:20.45,-766.196,2804.646,2393.813
2017-05-28 22:55:25.44,-765.985,2805.215,2395.616
2017-05-28 22:55:30.43,-764.949,2804.229,2393.555
2017-05-28 22:55:35.42,-765.868,2803.167,2394.681
2017-05-28 22:55:40.41,-764.269,2804.239,2392.293
2017-05-28 22:55:45.40,-765.699,2805.461,2394.852
2017-05-28 22:55:50.39,-763.880,2806.417,2394.384
2017-05-28 22:55:55.39,-763.439,2806.459,2397.281
2017-05-28 22:56:00.38,-764.931,2804.515,2396.593
2017-05-28 22:56:05.37,-758.157,2808.365,2394.573
2017-05-28 22:56:10.36,-763.198,2804.319,2392.772
2017-05-28 22:56:15.35,-763.759,2805.911,2393.449
2017-05-28 22:56:20.34,-764.579,2808.146,2393.712
2017-05-28 22:56:25.33,-764.920,2807.923,2396.032
2017-05-28 22:56:30.32,-764.715,2806.078,2397.500
2017-05-28 22:56:35.31,-765.848,2805.613,2394.302
2017-05-28 22:56:40.31,-765.378,2806.201,2393.914
2017-05-28 22:56:45.30,-767.820,2806.760,2390.428
2017-05-28 22:56:50.29,-766.248,2808.823,2393.521
2017-05-28 22:56:55.28,-761.983,2812.023,2398.083
2017-05-28 22:57:00.27,-773.362,2803.644,2402.338
2017-05-28 22:57:05.26,-768.731,2804.364,2397.437
2017-05-28 22:57:10.25,-764.784,2805.386,2398.119
2017-05-28 22:57:15.24,-763.997,2805.535,2399.942
2017-05-28 22:57:20.24,-762.843,2808.309,2398.845
2017-05-28 22:57:25.24,-763.669,2807.612,2399.198
2017-05-28 22:57:30.23,-765.498,2807.569,2402.324
2017-05-28 22:57:35.22,-768.273,2806.484,2401.000
2017-05-28 22:57:40.22,-764.751,2806.701,2401.581
2017-05-28 22:57:45.21,-764.919,2807.265,2405.971
2017-05-28 22:57:50.20,-760.932,2809.518,2400.766
2017-05-28 22:57:55.19,-758.165,2811.211,2398.515
2017-05-28 22:58:00.18,-758.465,2808.578,2398.580
2017-05-28 22:58:05.17,-760.318,2806.919,2401.994
2017-05-28 22:58:10.16,-763.271,2807.843,2400.542
2017-05-28 22:58:15.15,-766.248,2804.862,2400.559
2017-05-28 22:58:20.15,-765.273,2808.908,2400.087
2017-05-28 22:58:25.14,-765.529,2808.906,2397.823
2017-05-28 22:58:30.13,-765.398,2809.227,2397.092
2017-05-28 22:58:35.12,-762.801,2809.739,2394.066
2017-05-28 22:58:40.11,-763.214,2810.884,2395.291
2017-05-28 22:58:45.10,-761.281,2810.500,2400.879
2017-05-28 22:58:50.09,-759.846,2810.524,2399.218
2017-05-28 22:58:55.08,-760.727,2810.311,2397.965
2017-05-28 22:59:00.07,-763.257,2809.074,2396.145
2017-05-28 22:59:05.07,-764.718,2807.776,2395.319
2017-05-28 22:59:10.06,-762.825,2809.024,2398.106
2017-05-28 22:59:15.05,-761.821,2811.669,2397.314
2017-05-28 22:59:20.04,-759.022,2811.872,2394.984
2017-05-28 22:59:25.03,-760.518,2808.540,2397.511
2017-05-28 22:59:30.02,-762.752,2808.531,2399.114
2017-05-28 22:59:35.01,-762.313,2806.580,2400.781
2017-05-28 22:59:40.00,-760.205,2808.253,2400.622
2017-05-28 22:59:45.00,-760.842,2806.879,2401.986
2017-05-28 22:59:49.99,-763.038,2807.870,2402.042
2017-05-28 22:59:54.98,-763.312,2806.717,2402.082
2017-05-28 22:59:59.97,-764.570,2807.429,2398.636
2017-05-28 23:00:04.98,-762.709,2809.008,2396.199
2017-05-28 23:00:09.97,-763.764,2808.480,2397.455
2017-05-28 23:00:14.96,-764.753,2809.404,2395.116
2017-05-28 23:00:19.95,-763.282,2804.856,2396.289
2017-05-28 23:00:24.94,-764.469,2805.702,2396.428
2017-05-28 23:00:29.93,-762.419,2808.908,2400.440
2017-05-28 23:00:34.92,-763.781,2806.880,2396.453
2017-05-28 23:00:39.91,-763.832,2809.045,2392.964
2017-05-28 23:00:44.91,-763.988,2808.689,2397.359
2017-05-28 23:00:49.90,-765.744,2808.036,2396.605
2017-05-28 23:00:54.89,-767.262,2806.115,2397.539
2017-05-28 23:00:59.88,-766.399,2806.739,2400.028
2017-05-28 23:01:04.87,-766.582,2808.597,2398.969
2017-05-28 23:01:09.86,-768.762,2808.085,2395.615
2017-05-28 23:01:14.85,-764.176,2808.964,2399.134
2017-05-28 23:01:19.84,-762.108,2808.370,2394.278
2017-05-28 23:01:24.83,-759.372,2808.670,2393.492
2017-05-28 23:01:29.83,-759.009,2808.148,2396.842
2017-05-28 23:01:34.82,-763.533,2807.385,2399.749
2017-05-28 23:01:39.81,-762.768,2806.607,2402.824
2017-05-28 23:01:44.80,-762.574,2808.214,2404.885
2017-05-28 23:01:49.79,-760.657,2807.404,2400.749
2017-05-28 23:01:54.78,-761.235,2809.315,2400.651
2017-05-28 23:01:59.77,-763.111,2807.893,2401.906
2017-05-28 23:02:04.76,-763.092,2806.234,2402.472
2017-05-28 23:02:09.76,-768.762,2805.475,2401.274
2017-05-28 23:02:14.75,-767.081,2807.229,2403.346
2017-05-28 23:02:19.74,-763.141,2811.005,2401.759
2017-05-28 23:02:24.73,-761.672,2809.003,2400.670
2017-05-28 23:02:29.72,-762.796,2811.614,2399.504
2017-05-28 23:02:34.71,-761.365,2811.545,2396.242
2017-05-28 23:02:39.70,-763.892,2811.208,2394.956
2017-05-28 23:02:44.69,-763.856,2810.018,2397.545
2017-05-28 23:02:49.68,-762.147,2809.927,2398.256
2017-05-28 23:02:54.68,-760.832,2810.451,2396.204
2017-05-28 23:02:59.67,-761.425,2809.901,2398.260
2017-05-28 23:03:04.66,-761.641,2808.704,2403.389
2017-05-28 23:03:09.65,-759.714,2807.547,2403.153
2017-05-28 23:03:14.64,-759.647,2807.855,2403.552
2017-05-28 23:03:19.63,-761.452,2809.664,2403.871
2017-05-28 23:03:24.62,-761.468,2808.671,2404.816
2017-05-28 23:03:29.61,-760.898,2807.409,2403.919
2017-05-28 23:03:34.61,-760.895,2808.235,2402.258
2017-05-28 23:03:39.60,-758.742,2807.645,2403.985
2017-05-28 23:03:44.59,-757.421,2807.791,2403.068
2017-05-28 23:03:49.58,-760.390,2808.548,2404.478
2017-05-28 23:03:54.57,-760.415,2810.480,2401.058
2017-05-28 23:03:59.56,-760.611,2811.119,2398.654
2017-05-28 23:04:04.55,-763.538,2810.435,2399.032
2017-05-28 23:04:09.54,-760.964,2807.929,2397.141
2017-05-28 23:04:14.53,-759.705,2809.276,2397.078
2017-05-28 23:04:19.53,-760.927,2808.697,2398.507
2017-05-28 23:04:24.52,-759.453,2808.714,2402.514
2017-05-28 23:04:29.51,-758.441,2808.895,2400.409
2017-05-28 23:04:34.50,-760.501,2807.039,2403.941
2017-05-28 23:04:39.49,-760.890,2807.535,2399.998
2017-05-28 23:04:44.48,-762.392,2808.022,2399.181
2017-05-28 23:04:49.47,-757.885,2810.528,2400.045
2017-05-28 23:04:54.46,-757.614,2810.379,2402.709
2017-05-28 23:04:59.45,-754.881,2810.208,2397.088
2017-05-28 23:05:04.45,-756.606,2807.851,2398.979
2017-05-28 23:05:09.44,-764.073,2806.753,2402.752
2017-05-28 23:05:14.43,-761.584,2808.950,2402.347
2017-05-28 23:05:19.42,-757.606,2811.574,2406.147
2017-05-28 23:05:24.41,-757.401,2811.226,2402.281
2017-05-28 23:05:29.40,-757.500,2811.665,2402.082
2017-05-28 23:05:34.39,-758.445,2812.385,2399.010
2017-05-28 23:05:39.38,-757.076,2811.856,2398.270
2017-05-28 23:05:44.39,-757.289,2809.977,2393.662
2017-05-28 23:05:49.38,-758.043,2809.453,2392.942
2017-05-28 23:05:54.37,-759.706,2810.253,2398.795
2017-05-28 23:05:59.37,-759.994,2809.764,2402.762
2017-05-28 23:06:04.36,-757.073,2808.397,2400.990
2017-05-28 23:06:09.35,-754.851,2810.558,2402.929
2017-05-28 23:06:14.34,-758.598,2809.259,2400.398
2017-05-28 23:06:19.33,-759.388,2811.954,2398.397
2017-05-28 23:06:24.32,-758.299,2810.869,2397.759
2017-05-28 23:06:29.31,-756.948,2811.972,2399.731
2017-05-28 23:06:34.30,-759.208,2809.372,2401.129
2017-05-28 23:06:39.30,-763.551,2809.187,2399.226
2017-05-28 23:06:44.29,-762.762,2808.884,2399.127
2017-05-28 23:06:49.28,-760.910,2810.441,2396.291
2017-05-28 23:06:54.27,-760.012,2809.717,2397.199
2017-05-28 23:06:59.26,-761.602,2809.839,2398.509
2017-05-28 23:07:04.25,-758.908,2808.398,2399.576
2017-05-28 23:07:09.24,-757.398,2809.985,2398.531
2017-05-28 23:07:14.23,-760.260,2807.454,2396.701
2017-05-28 23:07:19.23,-761.188,2810.210,2394.599
2017-05-28 23:07:24.22,-759.730,2811.272,2394.108
2017-05-28 23:07:29.21,-760.164,2810.549,2394.042
2017-05-28 23:07:34.20,-756.155,2809.194,2393.292
2017-05-28 23:07:39.19,-758.331,2808.002,2397.078
2017-05-28 23:07:44.18,-757.108,2811.116,2399.465
2017-05-28 23:07:49.17,-759.265,2811.153,2397.239
2017-05-28 23:07:54.16,-758.381,2810.313,2397.005
2017-05-28 23:07:59.16,-759.028,2808.839,2396.992
2017-05-28 23:08:04.15,-758.719,2807.357,2396.376
2017-05-28 23:08:09.14,-757.842,2811.659,2397.180
2017-05-28 23:08:14.13,-758.121,2809.849,2398.141
2017-05-28 23:08:19.12,-758.506,2812.005,2394.452
2017-05-28 23:08:24.11,-759.684,2809.889,2395.054
2017-05-28 23:08:29.10,-758.814,2808.139,2395.316
2017-05-28 23:08:34.09,-761.449,2807.574,2397.331
2017-05-28 23:08:39.10,-758.072,2809.005,2396.943
2017-05-28 23:08:44.09,-755.951,2810.209,2392.215
2017-05-28 23:08:49.08,-755.196,2810.285,2391.988
2017-05-28 23:08:54.08,-760.019,2809.921,2392.648
2017-05-28 23:08:59.07,-759.552,2809.263,2389.982
2017-05-28 23:09:04.06,-759.341,2809.708,2394.659
2017-05-28 23:09:09.05,-758.045,2809.078,2393.998
2017-05-28 23:09:14.04,-760.171,2811.226,2393.044
2017-05-28 23:09:19.03,-758.377,2810.937,2390.572
2017-05-28 23:09:24.02,-758.063,2808.247,2391.067
2017-05-28 23:09:29.01,-759.774,2807.745,2390.636
2017-05-28 23:09:34.01,-761.025,2809.010,2393.043
2017-05-28 23:09:39.00,-761.040,2812.338,2392.912
2017-05-28 23:09:43.99,-761.313,2810.412,2393.661
2017-05-28 23:09:48.98,-760.362,2810.168,2394.184
2017-05-28 23:09:53.97,-760.064,2808.536,2396.244
2017-05-28 23:09:58.96,-758.061,2808.041,2397.451
2017-05-28 23:10:03.95,-755.694,2809.408,2397.318
2017-05-28 23:10:08.94,-757.428,2808.441,2395.309
2017-05-28 23:10:13.94,-757.762,2809.429,2394.885
2017-05-28 23:10:18.93,-753.210,2810.082,2399.482
2017-05-28 23:10:23.92,-755.162,2808.465,2397.855
2017-05-28 23:10:28.91,-757.596,2805.962,2398.062
2017-05-28 23:10:33.90,-758.652,2808.718,2395.155
2017-05-28 23:10:38.89,-758.070,2808.039,2398.164
2017-05-28 23:10:43.88,-757.135,2808.634,2395.360
2017-05-28 23:10:48.87,-760.199,2808.723,2397.978
2017-05-28 23:10:53.87,-758.979,2808.293,2394.498
2017-05-28 23:10:58.86,-757.019,2810.479,2394.260
2017-05-28 23:11:03.85,-754.145,2809.882,2395.949
2017-05-28 23:11:08.84,-760.736,2806.461,2396.993
2017-05-28 23:11:13.83,-752.586,2811.253,2396.648
2017-05-28 23:11:18.82,-754.071,2813.061,2399.122
2017-05-28 23:11:23.81,-756.243,2812.921,2397.496
2017-05-28 23:11:28.80,-756.967,2811.092,2400.262
2017-05-28 23:11:33.80,-759.366,2810.374,2399.493
2017-05-28 23:11:38.80,-755.518,2811.649,2396.562
2017-05-28 23:11:43.79,-754.561,2813.476,2399.261
2017-05-28 23:11:48.79,-755.116,2813.579,2398.170
2017-05-28 23:11:53.78,-757.223,2811.761,2397.696
2017-05-28 23:11:58.77,-757.954,2810.935,2398.606
2017-05-28 23:12:03.76,-756.025,2815.604,2398.252
2017-05-28 23:12:08.75,-754.960,2814.664,2399.395
2017-05-28 23:12:13.74,-756.679,2814.258,2396.816
2017-05-28 23:12:18.73,-754.052,2813.347,2400.468
2017-05-28 23:12:23.72,-757.804,2812.871,2400.796
2017-05-28 23:12:28.72,-759.395,2811.624,2396.910
2017-05-28 23:12:33.71,-761.152,2810.012,2400.839
2017-05-28 23:12:38.70,-758.972,2811.520,2402.394
2017-05-28 23:12:43.69,-757.620,2812.628,2398.477
2017-05-28 23:12:48.68,-755.786,2811.964,2401.068
2017-05-28 23:12:53.67,-757.418,2812.937,2399.072
2017-05-28 23:12:58.66,-757.325,2813.946,2399.454
2017-05-28 23:13:03.65,-758.356,2812.536,2398.599
2017-05-28 23:13:08.64,-759.828,2811.222,2395.393
2017-05-28 23:13:13.64,-760.456,2810.763,2397.609
2017-05-28 23:13:18.63,-758.129,2811.833,2398.056
2017-05-28 23:13:23.62,-758.484,2811.096,2398.899
2017-05-28 23:13:28.61,-762.319,2810.196,2399.502
2017-05-28 23:13:33.60,-758.551,2812.108,2400.621
2017-05-28 23:13:38.59,-759.729,2810.210,2401.565
2017-05-28 23:13:43.58,-758.685,2810.287,2404.384
2017-05-28 23:13:48.57,-756.574,2810.141,2400.822
2017-05-28 23:13:53.57,-757.912,2808.503,2401.898
2017-05-28 23:13:58.56,-758.153,2811.849,2401.201
2017-05-28 23:14:03.55,-756.488,2812.203,2404.928
2017-05-28 23:14:08.54,-756.475,2811.891,2402.948
2017-05-28 23:14:13.53,-758.851,2811.393,2398.421
2017-05-28 23:14:18.52,-759.773,2811.049,2398.372
2017-05-28 23:14:23.51,-759.768,2812.268,2396.359
2017-05-28 23:14:28.50,-757.961,2810.758,2395.945
2017-05-28 23:14:33.50,-757.148,2812.228,2393.260
2017-05-28 23:14:38.49,-758.948,2811.194,2394.637
2017-05-28 23:14:43.48,-762.571,2809.156,2397.613
2017-05-28 23:14:48.47,-765.793,2809.837,2394.910
2017-05-28 23:14:53.46,-763.011,2809.144,2396.675
2017-05-28 23:14:58.47,-746.354,2817.252,2395.950
2017-05-28 23:15:03.46,-751.748,2814.341,2396.503
2017-05-28 23:15:08.45,-754.928,2811.959,2395.015
2017-05-28 23:15:13.44,-757.061,2809.429,2401.022
2017-05-28 23:15:18.43,-760.130,2809.427,2399.447
2017-05-28 23:15:23.42,-757.158,2810.053,2400.070
2017-05-28 23:15:28.41,-758.871,2810.856,2397.369
2017-05-28 23:15:33.41,-758.152,2810.000,2396.758
2017-05-28 23:15:38.40,-756.242,2812.007,2398.034
2017-05-28 23:15:43.39,-758.038,2808.149,2399.859
2017-05-28 23:15:48.38,-759.265,2807.933,2400.711
2017-05-28 23:15:53.37,-757.806,2808.484,2396.746
2017-05-28 23:15:58.36,-755.859,2809.702,2396.698
2017-05-28 23:16:03.35,-754.961,2810.015,2396.653
2017-05-28 23:16:08.34,-751.316,2812.628,2400.333
2017-05-28 23:16:13.34,-754.545,2812.300,2398.873
2017-05-28 23:16:18.33,-758.505,2812.944,2399.227
2017-05-28 23:16:23.32,-759.302,2813.352,2402.089
2017-05-28 23:16:28.31,-757.078,2812.322,2402.668
2017-05-28 23:16:33.30,-756.896,2812.792,2402.028
2017-05-28 23:16:38.29,-752.448,2813.495,2400.071
2017-05-28 23:16:43.28,-757.408,2810.355,2398.993
2017-05-28 23:16:48.27,-756.924,2809.566,2397.284
2017-05-28 23:16:53.27,-754.709,2809.158,2399.020
2017-05-28 23:16:58.26,-755.865,2809.289,2398.909
2017-05-28 23:17:03.25,-758.148,2812.473,2396.578
2017-05-28 23:17:08.26,-756.188,2813.004,2395.776
2017-05-28 23:17:13.25,-756.415,2810.364,2396.533
2017-05-28 23:17:18.24,-757.470,2811.109,2400.037
2017-05-28 23:17:23.23,-756.329,2812.052,2400.262
2017-05-28 23:17:28.22,-754.954,2810.364,2401.171
2017-05-28 23:17:33.21,-758.553,2810.010,2401.235
2017-05-28 23:17:38.20,-756.832,2811.394,2401.811
2017-05-28 23:17:43.19,-758.026,2812.614,2400.728
2017-05-28 23:17:48.18,-759.136,2812.458,2397.908
2017-05-28 23:17:53.18,-756.826,2813.609,2398.065
2017-05-28 23:17:58.17,-754.004,2812.828,2398.582
2017-05-28 23:18:03.16,-756.209,2811.414,2396.176
2017-05-28 23:18:08.15,-756.831,2810.161,2394.414
2017-05-28 23:18:13.14,-754.452,2810.112,2397.719
2017-05-28 23:18:18.13,-758.309,2810.562,2396.864
2017-05-28 23:18:23.12,-755.718,2812.760,2397.523
2017-05-28 23:18:28.11,-754.042,2814.955,2396.934
2017-05-28 23:18:33.11,-754.581,2813.245,2395.648
2017-05-28 23:18:38.10,-753.119,2812.568,2399.516
2017-05-28 23:18:43.09,-753.416,2813.065,2399.739
2017-05-28 23:18:48.08,-754.530,2813.091,2398.603
2017-05-28 23:18:53.07,-752.704,2811.506,2399.531
2017-05-28 23:18:58.06,-753.654,2812.502,2400.232
2017-05-28 23:19:03.05,-751.787,2814.504,2398.948
2017-05-28 23:19:08.04,-753.215,2814.331,2406.448
2017-05-28 23:19:13.03,-753.281,2813.799,2402.858
2017-05-28 23:19:18.03,-754.333,2811.429,2402.076
2017-05-28 23:19:23.02,-753.289,2813.657,2402.012
2017-05-28 23:19:28.01,-749.456,2815.884,2403.672
2017-05-28 23:19:33.00,-745.011,2817.325,2402.695
2017-05-28 23:19:37.99,-745.189,2818.682,2405.167
2017-05-28 23:19:42.98,-745.391,2815.586,2401.367
2017-05-28 23:19:47.97,-744.505,2814.164,2394.951
2017-05-28 23:19:52.96,-744.645,2815.316,2398.968
2017-05-28 23:19:57.96,-744.802,2814.427,2402.016
2017-05-28 23:20:02.95,-739.923,2813.942,2399.578
2017-05-28 23:20:07.94,-741.163,2813.515,2396.768
2017-05-28 23:20:12.93,-739.540,2814.477,2397.182
2017-05-28 23:20:17.92,-741.811,2815.584,2398.526
2017-05-28 23:20:22.91,-742.219,2816.009,2396.209
2017-05-28 23:20:27.90,-742.294,2817.881,2394.622
2017-05-28 23:20:32.89,-735.131,2819.319,2395.048
2017-05-28 23:20:37.89,-743.017,2815.383,2391.987
2017-05-28 23:20:42.88,-755.941,2810.048,2394.083
2017-05-28 23:20:47.87,-752.192,2812.200,2400.198
2017-05-28 23:20:52.88,-753.917,2812.508,2398.961
2017-05-28 23:20:57.87,-750.368,2814.161,2400.071
2017-05-28 23:21:02.86,-747.849,2813.581,2398.252
2017-05-28 23:21:07.85,-746.591,2814.089,2397.565
2017-05-28 23:21:12.84,-747.247,2813.325,2395.786
2017-05-28 23:21:17.83,-748.690,2812.862,2395.838
2017-05-28 23:21:22.82,-749.719,2810.947,2396.191
2017-05-28 23:21:27.81,-749.137,2810.323,2395.533
2017-05-28 23:21:32.80,-747.973,2811.771,2396.088
2017-05-28 23:21:37.80,-747.641,2813.241,2401.281
2017-05-28 23:21:42.79,-746.904,2813.799,2401.691
2017-05-28 23:21:47.78,-748.106,2812.905,2402.442
2017-05-28 23:21:52.77,-749.705,2812.977,2398.070
2017-05-28 23:21:57.76,-748.524,2813.384,2396.861
2017-05-28 23:22:02.75,-748.235,2813.341,2401.414
2017-05-28 23:22:07.74,-749.799,2814.465,2399.543
2017-05-28 23:22:12.73,-751.031,2813.151,2401.480
2017-05-28 23:22:17.73,-748.551,2812.259,2401.609
2017-05-28 23:22:22.72,-745.206,2814.037,2398.119
2017-05-28 23:22:27.71,-748.419,2814.038,2399.991
2017-05-28 23:22:32.70,-745.293,2814.846,2401.065
2017-05-28 23:22:37.69,-744.012,2816.270,2399.432
2017-05-28 23:22:42.68,-740.550,2817.061,2399.023
2017-05-28 23:22:47.67,-749.984,2812.037,2402.596
2017-05-28 23:22:52.66,-746.728,2815.319,2399.086
2017-05-28 23:22:57.65,-746.415,2815.132,2398.280
2017-05-28 23:23:02.65,-745.045,2815.033,2400.809
2017-05-28 23:23:07.64,-740.776,2817.011,2399.430
2017-05-28 23:23:12.63,-743.546,2817.386,2397.211
2017-05-28 23:23:17.62,-747.808,2814.737,2398.569
2017-05-28 23:23:22.61,-748.452,2814.038,2401.657
2017-05-28 23:23:27.60,-746.529,2815.095,2397.164
2017-05-28 23:23:32.59,-744.220,2815.340,2400.898
2017-05-28 23:23:37.58,-743.526,2813.775,2399.695
2017-05-28 23:23:42.58,-743.246,2815.010,2397.725
2017-05-28 23:23:47.57,-743.950,2813.597,2397.437
2017-05-28 23:23:52.56,-746.800,2809.908,2395.437
2017-05-28 23:23:57.55,-749.785,2810.421,2398.876
2017-05-28 23:24:02.54,-746.865,2813.341,2399.961
2017-05-28 23:24:07.53,-750.027,2814.696,2397.551
2017-05-28 23:24:12.52,-746.986,2814.829,2396.224
2017-05-28 23:24:17.51,-747.161,2811.632,2399.228
2017-05-28 23:24:22.51,-748.884,2811.203,2401.242
2017-05-28 23:24:27.50,-746.392,2811.002,2393.630
2017-05-28 23:24:32.49,-745.933,2812.513,2392.801
2017-05-28 23:24:37.48,-745.820,2812.702,2392.346
2017-05-28 23:24:42.47,-745.455,2815.234,2391.281
2017-05-28 23:24:47.46,-739.728,2816.669,2391.596
2017-05-28 23:24:52.45,-744.604,2813.075,2393.394
2017-05-28 23:24:57.44,-744.838,2807.993,2392.085
2017-05-28 23:25:02.44,-744.924,2811.810,2394.105
2017-05-28 23:25:07.43,-746.577,2811.179,2394.859
2017-05-28 23:25:12.42,-750.274,2811.952,2395.345
2017-05-28 23:25:17.41,-749.059,2813.524,2396.008
2017-05-28 23:25:22.42,-744.723,2813.132,2398.232
2017-05-28 23:25:27.41,-746.692,2814.225,2398.617
2017-05-28 23:25:32.40,-745.606,2815.064,2395.197
2017-05-28 23:25:37.39,-744.667,2814.106,2398.734
2017-05-28 23:25:42.38,-743.641,2813.460,2394.627
2017-05-28 23:25:47.37,-745.846,2812.155,2392.278
2017-05-28 23:25:52.36,-746.585,2813.349,2391.698
2017-05-28 23:25:57.35,-748.875,2813.480,2394.304
2017-05-28 23:26:02.34,-745.614,2816.711,2394.542
2017-05-28 23:26:07.34,-747.281,2818.336,2395.915
2017-05-28 23:26:12.33,-744.978,2816.820,2393.061
2017-05-28 23:26:17.32,-747.186,2815.511,2393.063
2017-05-28 23:26:22.31,-743.436,2814.394,2395.792
2017-05-28 23:26:27.30,-745.451,2816.121,2398.528
2017-05-28 23:26:32.29,-747.894,2812.966,2396.416
2017-05-28 23:26:37.28,-744.366,2814.252,2397.838
2017-05-28 23:26:42.28,-745.306,2814.405,2395.847
2017-05-28 23:26:47.27,-744.408,2814.182,2393.250
2017-05-28 23:26:52.26,-743.598,2812.319,2395.036
2017-05-28 23:26:57.25,-743.061,2814.266,2396.593
2017-05-28 23:27:02.24,-741.120,2815.655,2394.906
2017-05-28 23:27:07.23,-744.119,2815.226,2392.575
2017-05-28 23:27:12.22,-745.501,2815.010,2392.414
2017-05-28 23:27:17.21,-744.458,2814.702,2390.445
2017-05-28 23:27:22.20,-744.248,2814.023,2395.219
2017-05-28 23:27:27.20,-745.252,2812.375,2395.996
2017-05-28 23:27:32.19,-746.596,2810.698,2392.704
2017-05-28 23:27:37.18,-742.396,2813.945,2393.909
2017-05-28 23:27:42.17,-745.292,2815.273,2396.117
2017-05-28 23:27:47.16,-745.014,2815.037,2398.032
2017-05-28 23:27:52.15,-748.941,2814.183,2394.605
2017-05-28 23:27:57.14,-742.634,2818.801,2397.375
2017-05-28 23:28:02.13,-746.533,2815.622,2397.503
2017-05-28 23:28:07.13,-744.336,2815.465,2396.270
2017-05-28 23:28:12.12,-742.926,2815.473,2396.961
2017-05-28 23:28:17.11,-738.234,2818.129,2399.615
2017-05-28 23:28:22.10,-735.471,2820.909,2396.038
2017-05-28 23:28:27.09,-739.478,2820.000,2398.884
2017-05-28 23:28:32.08,-738.948,2819.098,2397.438
2017-05-28 23:28:37.07,-738.006,2818.928,2398.288
2017-05-28 23:28:42.06,-740.328,2821.081,2402.813
2017-05-28 23:28:47.05,-742.636,2820.016,2401.226
2017-05-28 23:28:52.05,-743.441,2819.491,2397.336
2017-05-28 23:28:57.04,-745.739,2818.213,2398.073
2017-05-28 23:29:02.03,-746.621,2819.032,2400.198
2017-05-28 23:29:07.02,-743.318,2819.724,2403.685
2017-05-28 23:29:12.01,-742.505,2818.638,2399.510
2017-05-28 23:29:17.00,-743.441,2816.578,2399.597
2017-05-28 23:29:21.99,-742.286,2816.285,2399.068
2017-05-28 23:29:26.98,-742.486,2817.146,2401.302
2017-05-28 23:29:31.98,-740.831,2817.005,2400.730
2017-05-28 23:29:36.97,-742.115,2815.382,2401.843
2017-05-28 23:29:41.96,-743.676,2815.354,2402.198
2017-05-28 23:29:46.95,-739.526,2816.897,2400.294
2017-05-28 23:29:51.94,-741.522,2816.582,2399.870
2017-05-28 23:29:56.93,-742.554,2816.107,2403.223
2017-05-28 23:30:01.92,-740.658,2819.069,2402.242
2017-05-28 23:30:06.91,-739.245,2817.843,2401.108
2017-05-28 23:30:11.90,-740.219,2816.145,2402.389
2017-05-28 23:30:16.90,-740.092,2816.781,2402.558
2017-05-28 23:30:21.89,-738.246,2817.764,2404.387
2017-05-28 23:30:26.88,-738.874,2815.394,2400.015
2017-05-28 23:30:31.87,-741.343,2816.343,2404.119
2017-05-28 23:30:36.88,-739.532,2817.628,2404.073
2017-05-28 23:30:41.87,-741.516,2816.235,2401.993
2017-05-28 23:30:46.86,-736.849,2817.315,2402.871
2017-05-28 23:30:51.85,-736.258,2817.856,2403.843
2017-05-28 23:30:56.84,-737.189,2817.325,2400.351
2017-05-28 23:31:01.83,-733.783,2819.390,2398.510
2017-05-28 23:31:06.82,-732.694,2818.718,2400.064
2017-05-28 23:31:11.81,-735.607,2819.720,2400.563
2017-05-28 23:31:16.81,-735.538,2818.582,2400.915
2017-05-28 23:31:21.80,-735.744,2819.338,2401.606
2017-05-28 23:31:26.79,-736.424,2819.508,2401.365
2017-05-28 23:31:31.78,-736.160,2820.401,2400.010
2017-05-28 23:31:36.77,-733.234,2819.026,2401.982
2017-05-28 23:31:41.76,-734.962,2819.612,2404.029
2017-05-28 23:31:46.75,-733.384,2820.818,2403.430
2017-05-28 23:31:51.74,-734.282,2821.718,2402.255
2017-05-28 23:31:56.74,-736.933,2823.816,2402.866
2017-05-28 23:32:01.73,-733.186,2824.591,2402.225
2017-05-28 23:32:06.72,-734.305,2824.624,2403.048
2017-05-28 23:32:11.71,-737.206,2821.765,2402.250
2017-05-28 23:32:16.70,-732.502,2821.131,2403.400
2017-05-28 23:32:21.69,-731.786,2821.178,2402.528
2017-05-28 23:32:26.68,-735.403,2820.401,2402.875
2017-05-28 23:32:31.67,-735.486,2819.427,2401.646
2017-05-28 23:32:36.67,-734.819,2820.687,2398.132
2017-05-28 23:32:41.66,-731.378,2822.127,2401.698
2017-05-28 23:32:46.65,-730.031,2824.059,2399.932
2017-05-28 23:32:51.62,-736.624,2820.401,2402.299
2017-05-28 23:32:56.63,-733.177,2819.066,2397.593
2017-05-28 23:33:01.61,-732.254,2818.977,2399.050
2017-05-28 23:33:06.61,-731.843,2818.696,2399.299
2017-05-28 23:33:11.60,-733.511,2818.806,2399.313
2017-05-28 23:33:16.60,-731.048,2820.963,2400.864
2017-05-28 23:33:21.59,-730.854,2823.422,2399.284
2017-05-28 23:33:26.58,-732.335,2823.021,2398.410
2017-05-28 23:33:31.57,-730.353,2824.177,2397.028
2017-05-28 23:33:36.56,-727.702,2823.283,2394.869
2017-05-28 23:33:41.55,-727.364,2823.181,2396.252
2017-05-28 23:33:46.54,-727.146,2823.855,2395.411
2017-05-28 23:33:51.52,-729.665,2824.376,2397.089
2017-05-28 23:33:56.51,-729.370,2822.749,2397.000
2017-05-28 23:34:01.50,-728.988,2822.929,2398.938
2017-05-28 23:34:06.49,-732.476,2823.912,2398.849
2017-05-28 23:34:11.48,-733.544,2822.008,2399.388
2017-05-28 23:34:16.47,-732.434,2821.066,2401.714
2017-05-28 23:34:21.46,-730.432,2823.101,2398.628
2017-05-28 23:34:26.46,-731.145,2823.795,2397.456
2017-05-28 23:34:31.45,-732.223,2821.567,2392.647
2017-05-28 23:34:36.44,-731.775,2824.835,2394.236
2017-05-28 23:34:41.43,-732.614,2824.111,2401.370
2017-05-28 23:34:46.42,-731.084,2823.186,2398.314
2017-05-28 23:34:51.41,-730.903,2821.180,2401.954
2017-05-28 23:34:56.40,-733.108,2820.357,2401.030
2017-05-28 23:35:01.39,-733.614,2819.949,2398.105
2017-05-28 23:35:06.39,-730.828,2821.311,2398.270
2017-05-28 23:35:11.38,-728.894,2821.119,2398.313
2017-05-28 23:35:16.37,-726.554,2823.938,2398.641
2017-05-28 23:35:21.36,-733.493,2825.027,2398.369
2017-05-28 23:35:26.35,-732.958,2821.250,2398.756
2017-05-28 23:35:31.34,-730.691,2822.226,2397.805
2017-05-28 23:35:36.33,-725.902,2825.954,2398.833
2017-05-28 23:35:41.32,-727.524,2823.524,2397.603
2017-05-28 23:35:46.31,-727.153,2821.772,2394.753
2017-05-28 23:35:51.31,-726.194,2823.312,2397.743
2017-05-28 23:35:56.30,-724.444,2823.635,2402.773
2017-05-28 23:36:01.29,-727.176,2821.591,2403.094
2017-05-28 23:36:06.28,-728.618,2820.612,2403.651
2017-05-28 23:36:11.27,-727.027,2820.495,2401.674
2017-05-28 23:36:16.26,-727.652,2820.733,2402.964
2017-05-28 23:36:21.25,-727.962,2818.192,2404.359
2017-05-28 23:36:26.24,-728.242,2820.089,2402.355
2017-05-28 23:36:31.24,-727.775,2820.753,2399.179
2017-05-28 23:36:36.23,-728.263,2823.819,2401.728
2017-05-28 23:36:41.22,-729.950,2820.391,2403.782
2017-05-28 23:36:46.21,-729.115,2821.232,2402.408
2017-05-28 23:36:51.20,-727.981,2819.260,2403.080
2017-05-28 23:36:56.19,-726.286,2820.503,2400.320
2017-05-28 23:37:01.18,-728.744,2820.588,2401.637
2017-05-28 23:37:06.17,-726.092,2820.809,2402.755
2017-05-28 23:37:11.16,-724.582,2823.221,2402.052
2017-05-28 23:37:16.16,-725.672,2823.075,2404.495
2017-05-28 23:37:21.15,-726.421,2823.253,2402.700
2017-05-28 23:37:26.14,-724.250,2824.708,2403.730
2017-05-28 23:37:31.13,-724.941,2822.041,2400.155
2017-05-28 23:37:36.12,-728.453,2822.319,2397.346
2017-05-28 23:37:41.11,-726.441,2820.773,2398.987
2017-05-28 23:37:46.10,-724.841,2821.302,2396.700
2017-05-28 23:37:51.09,-724.745,2822.684,2398.796
2017-05-28 23:37:56.08,-724.614,2822.565,2398.263
2017-05-28 23:38:01.08,-726.159,2822.967,2399.354
2017-05-28 23:38:06.07,-720.741,2825.201,2397.316
2017-05-28 23:38:11.06,-724.322,2823.678,2395.465
2017-05-28 23:38:16.05,-724.772,2825.025,2394.620
2017-05-28 23:38:21.04,-724.104,2824.949,2396.648
2017-05-28 23:38:26.03,-721.371,2826.175,2400.600
2017-05-28 23:38:31.02,-722.954,2825.801,2393.923
2017-05-28 23:38:36.02,-727.696,2823.482,2392.809
2017-05-28 23:38:41.01,-728.256,2824.232,2398.399
2017-05-28 23:38:46.00,-724.550,2824.211,2395.652
2017-05-28 23:38:50.99,-726.299,2821.675,2394.919
2017-05-28 23:38:55.98,-723.677,2823.704,2396.489
2017-05-28 23:39:00.97,-724.094,2824.304,2399.077
2017-05-28 23:39:05.96,-724.674,2825.082,2395.645
2017-05-28 23:39:10.95,-728.248,2821.837,2397.802
2017-05-28 23:39:15.93,-721.349,2823.464,2395.961
2017-05-28 23:39:20.92,-722.612,2822.651,2396.059
2017-05-28 23:39:25.91,-720.640,2823.140,2395.894
2017-05-28 23:39:30.90,-717.616,2825.602,2397.505
2017-05-28 23:39:35.89,-716.962,2825.750,2397.700
2017-05-28 23:39:40.88,-716.903,2826.812,2396.978
2017-05-28 23:39:45.88,-724.632,2822.110,2402.469
2017-05-28 23:39:50.87,-724.106,2821.644,2405.739
2017-05-28 23:39:55.86,-722.074,2822.491,2399.792
2017-05-28 23:40:00.85,-722.318,2824.629,2401.219
2017-05-28 23:40:05.84,-721.016,2824.020,2395.235
2017-05-28 23:40:10.83,-722.234,2822.952,2396.457
2017-05-28 23:40:15.82,-718.568,2825.091,2396.107
2017-05-28 23:40:20.81,-716.486,2826.013,2398.029
2017-05-28 23:40:25.80,-717.468,2827.916,2397.651
2017-05-28 23:40:30.80,-721.152,2828.084,2398.007
2017-05-28 23:40:35.79,-717.720,2827.378,2398.593
2017-05-28 23:40:40.78,-718.354,2829.954,2399.447
2017-05-28 23:40:45.77,-717.736,2827.202,2399.960
2017-05-28 23:40:50.76,-717.592,2826.612,2398.764
2017-05-28 23:40:55.75,-718.414,2824.803,2402.053
2017-05-28 23:41:00.74,-720.499,2823.732,2401.755
2017-05-28 23:41:05.73,-721.060,2822.041,2404.390
2017-05-28 23:41:10.72,-720.971,2824.232,2401.541
2017-05-28 23:41:15.72,-720.275,2824.064,2398.780
2017-05-28 23:41:20.71,-717.725,2824.702,2402.155
2017-05-28 23:41:25.70,-716.336,2824.518,2400.324
2017-05-28 23:41:30.69,-716.390,2822.698,2397.757
2017-05-28 23:41:35.68,-717.908,2823.828,2402.989
2017-05-28 23:41:40.67,-718.732,2825.310,2399.912
2017-05-28 23:41:45.66,-722.815,2826.062,2399.694
2017-05-28 23:41:50.65,-718.495,2827.926,2403.817
2017-05-28 23:41:55.64,-718.491,2825.573,2403.599
2017-05-28 23:42:00.64,-717.833,2825.471,2403.569
2017-05-28 23:42:05.63,-720.600,2824.357,2404.665
2017-05-28 23:42:10.62,-717.794,2827.536,2405.927
2017-05-28 23:42:15.61,-716.663,2826.888,2403.510
2017-05-28 23:42:20.60,-715.653,2826.428,2405.129
2017-05-28 23:42:25.59,-718.447,2823.793,2404.128
2017-05-28 23:42:30.58,-718.877,2824.600,2404.962
2017-05-28 23:42:35.57,-715.364,2827.689,2403.770
2017-05-28 23:42:40.57,-711.808,2828.695,2399.859
2017-05-28 23:42:45.56,-713.759,2827.677,2396.556
2017-05-28 23:42:50.55,-715.765,2825.274,2401.651
2017-05-28 23:42:55.54,-712.507,2826.819,2400.180
2017-05-28 23:43:00.53,-711.896,2826.634,2402.966
2017-05-28 23:43:05.52,-714.440,2827.295,2400.214
2017-05-28 23:43:10.51,-713.333,2828.211,2401.533
2017-05-28 23:43:15.50,-713.778,2827.755,2402.474
2017-05-28 23:43:20.49,-711.348,2826.343,2401.804
2017-05-28 23:43:25.49,-713.462,2826.690,2401.474
2017-05-28 23:43:30.48,-713.736,2825.555,2401.947
2017-05-28 23:43:35.47,-711.723,2823.362,2402.392
2017-05-28 23:43:40.46,-709.431,2824.929,2399.809
2017-05-28 23:43:45.45,-712.082,2825.604,2402.188
2017-05-28 23:43:50.44,-710.389,2822.449,2395.201
2017-05-28 23:43:55.43,-710.990,2825.532,2397.344
2017-05-28 23:44:00.42,-711.670,2826.272,2401.897
2017-05-28 23:44:05.41,-709.636,2826.914,2401.613
2017-05-28 23:44:10.40,-711.715,2829.837,2403.139
2017-05-28 23:44:15.40,-711.526,2827.834,2399.906
2017-05-28 23:44:20.39,-714.492,2826.764,2399.391
2017-05-28 23:44:25.38,-716.194,2826.252,2402.433
2017-05-28 23:44:30.35,-713.677,2826.511,2399.749
2017-05-28 23:44:35.35,-714.119,2826.507,2399.279
2017-05-28 23:44:40.34,-713.072,2826.616,2398.736
2017-05-28 23:44:45.33,-712.294,2828.114,2399.612
2017-05-28 23:44:50.32,-710.915,2826.132,2400.283
2017-05-28 23:44:55.31,-712.973,2826.885,2399.627
2017-05-28 23:45:00.30,-710.699,2826.529,2397.349
2017-05-28 23:45:05.29,-710.008,2825.656,2398.132
2017-05-28 23:45:10.28,-710.024,2826.969,2401.366
2017-05-28 23:45:15.27,-707.866,2825.638,2405.402
2017-05-28 23:45:20.27,-710.995,2825.414,2403.928
2017-05-28 23:45:25.26,-711.356,2826.529,2403.975
2017-05-28 23:45:30.25,-709.822,2827.010,2403.104
2017-05-28 23:45:35.24,-707.412,2827.825,2402.833
2017-05-28 23:45:40.23,-707.769,2826.431,2399.016
2017-05-28 23:45:45.22,-709.029,2826.183,2401.005
2017-05-28 23:45:50.21,-708.236,2824.515,2401.530
2017-05-28 23:45:55.20,-710.029,2826.496,2401.851
2017-05-28 23:46:00.19,-711.725,2824.224,2403.089
2017-05-28 23:46:05.19,-709.772,2825.573,2405.008
2017-05-28 23:46:10.18,-709.723,2827.966,2402.468
2017-05-28 23:46:15.17,-708.812,2827.178,2403.927
2017-05-28 23:46:20.16,-709.945,2828.078,2402.489
2017-05-28 23:46:25.15,-711.173,2828.123,2401.001
2017-05-28 23:46:30.14,-709.547,2829.118,2399.828
2017-05-28 23:46:35.13,-708.785,2830.442,2399.156
2017-05-28 23:46:40.12,-706.289,2830.414,2398.519
2017-05-28 23:46:45.11,-705.223,2830.161,2400.031
2017-05-28 23:46:50.11,-706.770,2827.974,2398.213
2017-05-28 23:46:55.10,-704.976,2827.129,2402.583
2017-05-28 23:47:00.09,-704.036,2827.121,2404.086
2017-05-28 23:47:05.08,-705.269,2827.053,2403.405
2017-05-28 23:47:10.07,-703.120,2829.586,2400.134
2017-05-28 23:47:15.06,-704.144,2830.147,2401.985
2017-05-28 23:47:20.05,-703.039,2835.229,2401.899
2017-05-28 23:47:25.04,-707.342,2833.738,2398.907
2017-05-28 23:47:30.04,-708.684,2830.184,2402.671
2017-05-28 23:47:35.03,-709.351,2828.171,2402.184
2017-05-28 23:47:40.00,-707.896,2829.207,2406.142
2017-05-28 23:47:44.99,-705.918,2830.516,2406.468
2017-05-28 23:47:49.98,-703.608,2831.824,2404.328
2017-05-28 23:47:54.97,-699.934,2830.277,2402.542
2017-05-28 23:47:59.97,-704.082,2830.098,2402.222
2017-05-28 23:48:04.96,-702.722,2831.367,2401.711
2017-05-28 23:48:09.95,-700.642,2829.471,2402.935
2017-05-28 23:48:14.94,-705.259,2830.918,2398.346
2017-05-28 23:48:19.93,-703.560,2829.842,2395.156
2017-05-28 23:48:24.92,-702.405,2830.111,2398.902
2017-05-28 23:48:29.91,-704.640,2829.399,2398.641
2017-05-28 23:48:34.90,-702.997,2829.629,2399.188
2017-05-28 23:48:39.90,-706.150,2825.542,2398.705
2017-05-28 23:48:44.89,-706.008,2826.681,2397.531
2017-05-28 23:48:49.88,-703.150,2828.062,2397.342
2017-05-28 23:48:54.87,-703.524,2827.822,2404.119
2017-05-28 23:48:59.86,-703.408,2829.398,2403.173
2017-05-28 23:49:04.85,-704.172,2829.719,2400.222
2017-05-28 23:49:09.84,-698.158,2827.995,2403.156
2017-05-28 23:49:14.83,-700.677,2826.482,2404.581
2017-05-28 23:49:19.82,-700.621,2829.279,2405.491
2017-05-28 23:49:24.82,-700.539,2829.414,2404.590
2017-05-28 23:49:29.81,-699.558,2827.354,2402.013
2017-05-28 23:49:34.80,-701.716,2826.904,2402.735
2017-05-28 23:49:39.79,-701.151,2829.082,2401.322
2017-05-28 23:49:44.78,-697.835,2831.438,2402.884
2017-05-28 23:49:49.77,-697.737,2831.644,2402.379
2017-05-28 23:49:54.76,-699.261,2829.268,2405.862
2017-05-28 23:49:59.75,-701.535,2829.209,2402.415
2017-05-28 23:50:04.74,-700.759,2830.555,2407.828
2017-05-28 23:50:09.74,-700.036,2829.176,2404.952
2017-05-28 23:50:14.73,-699.542,2831.906,2406.066
2017-05-28 23:50:19.72,-698.722,2833.730,2406.324
2017-05-28 23:50:24.71,-696.984,2833.516,2408.891
2017-05-28 23:50:29.70,-699.914,2831.129,2404.182
2017-05-28 23:50:34.69,-699.342,2830.122,2405.085
2017-05-28 23:50:39.68,-697.086,2830.980,2401.351
2017-05-28 23:50:44.67,-699.531,2830.680,2399.292
2017-05-28 23:50:49.67,-703.255,2831.828,2400.854
2017-05-28 23:50:54.66,-703.421,2831.515,2402.037
2017-05-28 23:50:59.65,-702.619,2833.178,2401.126
2017-05-28 23:51:04.64,-702.064,2832.234,2402.592
2017-05-28 23:51:09.63,-700.782,2833.237,2403.395
2017-05-28 23:51:14.62,-700.258,2834.961,2401.825
2017-05-28 23:51:19.61,-698.792,2831.118,2398.450
2017-05-28 23:51:24.60,-700.365,2831.411,2401.032
2017-05-28 23:51:29.60,-697.704,2832.437,2400.528
2017-05-28 23:51:34.59,-700.043,2831.399,2402.454
2017-05-28 23:51:39.58,-703.615,2829.807,2402.002
2017-05-28 23:51:44.57,-703.808,2828.993,2401.482
2017-05-28 23:51:49.56,-699.231,2830.636,2400.323
2017-05-28 23:51:54.55,-696.541,2830.972,2398.186
2017-05-28 23:51:59.54,-696.845,2831.571,2398.382
2017-05-28 23:52:04.52,-696.678,2831.892,2400.125
2017-05-28 23:52:09.52,-698.568,2832.168,2394.406
2017-05-28 23:52:14.52,-699.365,2832.376,2395.077
2017-05-28 23:52:19.51,-699.958,2830.411,2396.078
2017-05-28 23:52:24.50,-697.632,2832.116,2398.589
2017-05-28 23:52:29.49,-700.418,2832.043,2398.830
2017-05-28 23:52:34.48,-695.159,2836.336,2401.735
2017-05-28 23:52:39.46,-698.139,2834.733,2398.013
2017-05-28 23:52:44.46,-699.198,2832.378,2398.446
2017-05-28 23:52:49.44,-697.510,2831.623,2397.956
2017-05-28 23:52:54.44,-698.754,2832.954,2398.602
2017-05-28 23:52:59.44,-699.178,2832.141,2399.480
2017-05-28 23:53:04.41,-700.908,2833.366,2398.225
2017-05-28 23:53:09.40,-701.775,2833.490,2398.297
2017-05-28 23:53:14.39,-700.396,2833.337,2395.792
2017-05-28 23:53:19.38,-698.999,2832.522,2396.824
2017-05-28 23:53:24.38,-699.662,2833.849,2398.952
2017-05-28 23:53:29.37,-700.288,2832.866,2398.593
2017-05-28 23:53:34.36,-700.091,2833.542,2399.005
2017-05-28 23:53:39.35,-699.658,2831.521,2399.659
2017-05-28 23:53:44.34,-699.796,2829.274,2395.435
2017-05-28 23:53:49.33,-700.830,2831.311,2396.624
2017-05-28 23:53:54.32,-696.525,2832.931,2396.724
2017-05-28 23:53:59.31,-700.794,2833.632,2397.284
2017-05-28 23:54:04.31,-698.979,2833.631,2395.801
2017-05-28 23:54:09.30,-699.318,2830.743,2398.664
2017-05-28 23:54:14.29,-700.336,2831.316,2400.557
2017-05-28 23:54:19.28,-695.583,2832.779,2401.730
2017-05-28 23:54:24.27,-698.999,2834.253,2396.986
2017-05-28 23:54:29.26,-698.320,2833.092,2398.217
2017-05-28 23:54:34.25,-698.505,2835.152,2399.585
2017-05-28 23:54:39.24,-696.211,2833.640,2400.540
2017-05-28 23:54:44.23,-696.809,2831.235,2398.740
2017-05-28 23:54:49.23,-696.248,2831.418,2395.906
2017-05-28 23:54:54.22,-700.028,2829.411,2396.578
2017-05-28 23:54:59.21,-696.567,2831.010,2396.808
2017-05-28 23:55:04.20,-694.725,2832.619,2399.713
2017-05-28 23:55:09.19,-698.292,2830.112,2399.001
2017-05-28 23:55:14.18,-696.687,2827.558,2401.054
2017-05-28 23:55:19.17,-695.832,2830.228,2396.608
2017-05-28 23:55:24.16,-695.374,2831.472,2395.798
2017-05-28 23:55:29.15,-695.446,2831.114,2398.879
2017-05-28 23:55:34.15,-694.309,2833.141,2394.912
2017-05-28 23:55:39.14,-697.766,2831.239,2394.038
2017-05-28 23:55:44.13,-696.912,2830.857,2397.823
2017-05-28 23:55:49.12,-698.055,2831.081,2396.085
2017-05-28 23:55:54.11,-697.996,2828.701,2399.149
2017-05-28 23:55:59.10,-694.403,2831.316,2398.248
2017-05-28 23:56:04.09,-696.803,2831.087,2393.042
2017-05-28 23:56:09.08,-697.169,2832.614,2391.688
2017-05-28 23:56:14.08,-695.340,2833.401,2392.535
2017-05-28 23:56:19.07,-693.777,2834.058,2392.355
2017-05-28 23:56:24.06,-695.364,2834.925,2393.784
2017-05-28 23:56:29.05,-695.274,2835.954,2396.718
2017-05-28 23:56:34.04,-692.924,2837.239,2397.537
2017-05-28 23:56:39.03,-694.986,2835.030,2398.382
2017-05-28 23:56:44.02,-693.504,2834.085,2398.264
2017-05-28 23:56:49.01,-689.839,2836.194,2400.358
2017-05-28 23:56:54.01,-692.362,2833.469,2397.760
2017-05-28 23:56:59.00,-691.783,2834.022,2398.274
2017-05-28 23:57:03.99,-690.358,2832.872,2398.562
2017-05-28 23:57:08.98,-691.188,2832.709,2403.424
2017-05-28 23:57:13.97,-690.533,2832.214,2405.982
2017-05-28 23:57:18.96,-692.378,2831.825,2402.013
2017-05-28 23:57:23.95,-692.478,2832.593,2404.715
2017-05-28 23:57:28.94,-689.844,2834.931,2405.043
2017-05-28 23:57:33.93,-688.431,2833.857,2402.340
2017-05-28 23:57:38.93,-689.687,2832.861,2400.354
2017-05-28 23:57:43.92,-692.728,2833.116,2399.463
2017-05-28 23:57:48.91,-691.303,2835.295,2401.003
2017-05-28 23:57:53.90,-687.316,2836.135,2401.273
2017-05-28 23:57:58.89,-692.421,2831.976,2401.245
2017-05-28 23:58:03.88,-689.642,2832.027,2403.227
2017-05-28 23:58:08.87,-691.024,2831.430,2400.182
2017-05-28 23:58:13.86,-691.259,2833.372,2403.526
2017-05-28 23:58:18.85,-687.007,2832.982,2401.942
2017-05-28 23:58:23.85,-687.995,2834.699,2403.784
2017-05-28 23:58:28.84,-688.796,2835.602,2404.650
2017-05-28 23:58:33.83,-691.187,2835.268,2403.518
2017-05-28 23:58:38.82,-690.089,2834.310,2405.258
2017-05-28 23:58:43.81,-691.580,2833.455,2404.951
2017-05-28 23:58:48.82,-685.416,2835.631,2405.612
2017-05-28 23:58:53.79,-687.713,2835.018,2405.628
2017-05-28 23:58:58.78,-685.593,2834.662,2406.141
2017-05-28 23:59:03.78,-687.998,2834.740,2407.562
2017-05-28 23:59:08.77,-688.078,2835.135,2407.385
2017-05-28 23:59:13.77,-687.334,2834.992,2412.022
2017-05-28 23:59:18.76,-689.679,2838.012,2409.832
2017-05-28 23:59:23.76,-690.402,2837.555,2407.855
2017-05-28 23:59:28.75,-690.012,2835.774,2403.268
2017-05-28 23:59:33.74,-689.088,2836.512,2403.432
2017-05-28 23:59:38.73,-687.275,2836.158,2402.477
2017-05-28 23:59:43.72,-689.843,2837.829,2399.610
2017-05-28 23:59:48.70,-688.919,2839.076,2403.304
2017-05-28 23:59:53.69,-689.324,2837.262,2401.170
2017-05-28 23:59:58.68,-688.866,2834.104,2400.218
