Date/Time UTC, Dalmore,Corstorphine
2016-06-04 12:19,0.31077,0.55713
2016-06-04 12:20,0.30989,0.5592
2016-06-04 12:21,0.30862,0.56199
2016-06-04 12:22,0.30692,0.56621
2016-06-04 12:23,0.30359,0.56921
2016-06-04 12:24,0.30418,0.57074
2016-06-04 12:25,0.30489,0.57162
2016-06-04 12:26,0.30481,0.57221
2016-06-04 12:27,0.30341,0.57163
2016-06-04 12:28,0.30746,0.57102
2016-06-04 12:29,0.30873,0.56793
2016-06-04 12:30,0.3110,0.56481
2016-06-04 12:31,0.31119,0.56321
2016-06-04 12:32,0.3106,0.5629
2016-06-04 12:33,0.30954,0.56227
2016-06-04 12:34,0.31434,0.56312
2016-06-04 12:35,0.31906,0.56521
2016-06-04 12:36,0.32137,0.56823
2016-06-04 12:37,0.32271,0.57357
2016-06-04 12:38,0.32183,0.57817
2016-06-04 12:39,0.32454,0.58109
2016-06-04 12:40,0.32752,0.58091
2016-06-04 12:41,0.33198,0.57999
2016-06-04 12:42,0.33097,0.57819
2016-06-04 12:44,0.32961,0.57471
2016-06-04 12:45,0.3264,0.56877
2016-06-04 12:46,0.32318,0.56183
2016-06-04 12:47,0.32033,0.55396
2016-06-04 12:48,0.31366,0.54672
2016-06-04 12:49,0.30953,0.54236
2016-06-04 12:50,0.30616,0.53973
2016-06-04 12:51,0.30231,0.53644
2016-06-04 12:52,0.30043,0.53391
2016-06-04 12:53,0.30027,0.53274
2016-06-04 12:54,0.3033,0.53146
2016-06-04 12:55,0.30529,0.53278
2016-06-04 12:56,0.31012,0.53513
2016-06-04 12:57,0.3085,0.53761
2016-06-04 12:58,0.30688,0.53937
2016-06-04 12:59,0.30772,0.54341
2016-06-04 13:00,0.30796,0.54797
2016-06-04 13:01,0.30723,0.55276
2016-06-04 13:02,0.30676,0.55849
2016-06-04 13:03,0.30809,0.56274
2016-06-04 13:04,0.30984,0.56583
2016-06-04 13:05,0.31548,0.56743
2016-06-04 13:06,0.31801,0.56904
2016-06-04 13:07,0.32063,0.56969
2016-06-04 13:08,0.32213,0.57069
2016-06-04 13:09,0.3256,0.57196
2016-06-04 13:10,0.32686,0.57278
2016-06-04 13:11,0.32661,0.57417
2016-06-04 13:12,0.32401,0.57652
2016-06-04 13:13,0.32071,0.57957
2016-06-04 13:14,0.31934,0.58252
2016-06-04 13:15,0.31714,0.58473
2016-06-04 13:17,0.31794,0.58643
2016-06-04 13:18,0.31687,0.58733
2016-06-04 13:19,0.31697,0.58761
2016-06-04 13:20,0.3204,0.58679
2016-06-04 13:21,0.32291,0.58557
2016-06-04 13:22,0.32581,0.58447
2016-06-04 13:23,0.32933,0.5841
2016-06-04 13:24,0.33057,0.58364
2016-06-04 13:25,0.33049,0.58279
2016-06-04 13:26,0.32911,0.58174
2016-06-04 13:27,0.3267,0.58123
2016-06-04 13:28,0.32524,0.58126
2016-06-04 13:29,0.32731,0.58041
2016-06-04 13:30,0.32847,0.57973
2016-06-04 13:31,0.32839,0.57782
2016-06-04 13:32,0.33284,0.57656
2016-06-04 13:33,0.33766,0.5755
2016-06-04 13:34,0.34632,0.57502
2016-06-04 13:35,0.35596,0.57459
2016-06-04 13:36,0.36137,0.57467
2016-06-04 13:37,0.36556,0.5749
2016-06-04 13:38,0.36982,0.57401
2016-06-04 13:39,0.37581,0.5737
2016-06-04 13:40,0.37826,0.57348
2016-06-04 13:41,0.37822,0.5727
2016-06-04 13:42,0.3760,0.57267
2016-06-04 13:43,0.37491,0.57239
2016-06-04 13:44,0.37227,0.57144
2016-06-04 13:45,0.37006,0.57224
2016-06-04 13:46,0.36954,0.57376
2016-06-04 13:47,0.3691,0.57572
2016-06-04 13:48,0.37046,0.57713
2016-06-04 13:50,0.37463,0.5802
2016-06-04 13:51,0.37846,0.58174
2016-06-04 13:52,0.38098,0.58292
2016-06-04 13:53,0.38868,0.58446
2016-06-04 13:54,0.39382,0.58427
2016-06-04 13:55,0.39926,0.58466
2016-06-04 13:56,0.40166,0.58412
2016-06-04 13:57,0.40558,0.58438
2016-06-04 13:58,0.40719,0.58342
2016-06-04 13:59,0.41177,0.58332
2016-06-04 14:00,0.41568,0.58424
2016-06-04 14:01,0.41596,0.58599
2016-06-04 14:02,0.41883,0.58902
2016-06-04 14:03,0.41967,0.59138
2016-06-04 14:04,0.42243,0.5941
2016-06-04 14:05,0.41941,0.5958
2016-06-04 14:06,0.4169,0.59692
2016-06-04 14:07,0.40948,0.59857
2016-06-04 14:08,0.40331,0.60009
2016-06-04 14:09,0.39953,0.59979
2016-06-04 14:10,0.39673,0.59867
2016-06-04 14:11,0.39511,0.59701
2016-06-04 14:12,0.39417,0.59481
2016-06-04 14:13,0.39998,0.59346
2016-06-04 14:14,0.40401,0.59336
2016-06-04 14:15,0.4119,0.59176
2016-06-04 14:16,0.41731,0.58863
2016-06-04 14:17,0.41998,0.58604
2016-06-04 14:18,0.41959,0.58348
2016-06-04 14:19,0.41803,0.58259
2016-06-04 14:20,0.41469,0.58326
2016-06-04 14:22,0.40948,0.5839
2016-06-04 14:23,0.40894,0.58428
2016-06-04 14:24,0.40762,0.58573
2016-06-04 14:25,0.40751,0.58847
2016-06-04 14:26,0.41039,0.59189
2016-06-04 14:27,0.41329,0.59539
2016-06-04 14:28,0.41689,0.5983
2016-06-04 14:29,0.4189,0.60058
2016-06-04 14:30,0.41622,0.60167
2016-06-04 14:31,0.41019,0.60257
2016-06-04 14:32,0.40109,0.60339
2016-06-04 14:33,0.39394,0.60371
2016-06-04 14:34,0.38566,0.60359
2016-06-04 14:35,0.37904,0.60333
2016-06-04 14:36,0.37083,0.60236
2016-06-04 14:37,0.36791,0.60088
2016-06-04 14:38,0.37016,0.60073
2016-06-04 14:39,0.37339,0.59986
2016-06-04 14:40,0.3802,0.59892
2016-06-04 14:41,0.38438,0.5997
2016-06-04 14:42,0.3850,0.60116
2016-06-04 14:43,0.38396,0.6026
2016-06-04 14:44,0.38692,0.60367
2016-06-04 14:45,0.3882,0.60458
2016-06-04 14:46,0.38667,0.60451
2016-06-04 14:47,0.38543,0.60467
2016-06-04 14:48,0.38216,0.60432
2016-06-04 14:49,0.38299,0.60261
2016-06-04 14:50,0.38959,0.60076
2016-06-04 14:51,0.3979,0.59961
2016-06-04 14:52,0.40302,0.59911
2016-06-04 14:53,0.40571,0.59908
2016-06-04 14:55,0.41016,0.59954
2016-06-04 14:56,0.41484,0.60051
2016-06-04 14:57,0.42028,0.60289
2016-06-04 14:58,0.4207,0.60428
2016-06-04 14:59,0.41874,0.60506
2016-06-04 15:00,0.42031,0.60606
2016-06-04 15:01,0.42299,0.6080
2016-06-04 15:02,0.4281,0.60992
2016-06-04 15:03,0.43214,0.6117
2016-06-04 15:04,0.43383,0.61389
2016-06-04 15:05,0.43742,0.61474
2016-06-04 15:06,0.44449,0.61647
2016-06-04 15:07,0.45174,0.6173
2016-06-04 15:08,0.45401,0.6159
2016-06-04 15:09,0.45459,0.61356
2016-06-04 15:10,0.45418,0.61178
2016-06-04 15:11,0.45461,0.61007
2016-06-04 15:12,0.45789,0.60809
2016-06-04 15:13,0.45858,0.6063
2016-06-04 15:14,0.45598,0.60526
2016-06-04 15:15,0.45277,0.60593
2016-06-04 15:16,0.44788,0.60923
2016-06-04 15:17,0.4449,0.61307
2016-06-04 15:18,0.44149,0.61552
2016-06-04 15:19,0.43926,0.61853
2016-06-04 15:20,0.43584,0.62116
2016-06-04 15:21,0.43563,0.62424
2016-06-04 15:22,0.43777,0.62652
2016-06-04 15:23,0.44151,0.62833
2016-06-04 15:24,0.44993,0.62818
2016-06-04 15:25,0.45867,0.62726
2016-06-04 15:26,0.46836,0.62711
2016-06-04 15:28,0.47517,0.62607
2016-06-04 15:29,0.48244,0.62519
2016-06-04 15:30,0.48626,0.62394
2016-06-04 15:31,0.48814,0.62354
2016-06-04 15:32,0.48536,0.62278
2016-06-04 15:33,0.47897,0.62296
2016-06-04 15:34,0.47101,0.62358
2016-06-04 15:35,0.46167,0.62427
2016-06-04 15:36,0.4540,0.62613
2016-06-04 15:37,0.44382,0.62788
2016-06-04 15:38,0.43262,0.62921
2016-06-04 15:39,0.42124,0.62958
2016-06-04 15:40,0.41737,0.63109
2016-06-04 15:41,0.41667,0.63274
2016-06-04 15:42,0.41873,0.63436
2016-06-04 15:43,0.42226,0.63646
2016-06-04 15:44,0.42757,0.63721
2016-06-04 15:45,0.43628,0.6381
2016-06-04 15:46,0.4509,0.64003
2016-06-04 15:47,0.47092,0.64207
2016-06-04 15:48,0.48279,0.64257
2016-06-04 15:49,0.49426,0.64242
2016-06-04 15:50,0.50286,0.64242
2016-06-04 15:51,0.51173,0.64139
2016-06-04 15:52,0.5170,0.64084
2016-06-04 15:53,0.51984,0.64008
2016-06-04 15:54,0.51644,0.63878
2016-06-04 15:55,0.50784,0.6373
2016-06-04 15:56,0.50482,0.63628
2016-06-04 15:57,0.49989,0.63527
2016-06-04 15:58,0.49596,0.63338
2016-06-04 15:59,0.4910,0.63166
2016-06-04 16:01,0.48771,0.6303
2016-06-04 16:02,0.48516,0.62932
2016-06-04 16:03,0.48654,0.62744
2016-06-04 16:04,0.48779,0.62558
2016-06-04 16:05,0.48654,0.62489
2016-06-04 16:06,0.48317,0.62512
2016-06-04 16:07,0.47826,0.62646
2016-06-04 16:08,0.47342,0.62852
2016-06-04 16:09,0.46909,0.62951
2016-06-04 16:10,0.46676,0.63071
2016-06-04 16:11,0.46246,0.63279
2016-06-04 16:12,0.46252,0.63564
2016-06-04 16:13,0.46407,0.63632
2016-06-04 16:14,0.47184,0.63549
2016-06-04 16:15,0.48217,0.63377
2016-06-04 16:16,0.49376,0.63122
2016-06-04 16:17,0.5037,0.62954
2016-06-04 16:18,0.51171,0.62791
2016-06-04 16:19,0.52051,0.62692
2016-06-04 16:20,0.52498,0.62579
2016-06-04 16:21,0.52916,0.62592
2016-06-04 16:22,0.52896,0.62748
2016-06-04 16:23,0.52823,0.63001
2016-06-04 16:24,0.52382,0.63251
2016-06-04 16:25,0.51947,0.6355
2016-06-04 16:26,0.51498,0.63804
2016-06-04 16:27,0.50877,0.63993
2016-06-04 16:28,0.50598,0.64173
2016-06-04 16:29,0.50291,0.64337
2016-06-04 16:30,0.50074,0.6450
2016-06-04 16:31,0.49782,0.6452
2016-06-04 16:33,0.49866,0.64584
2016-06-04 16:34,0.50041,0.64637
2016-06-04 16:35,0.50017,0.64723
2016-06-04 16:36,0.50131,0.64763
2016-06-04 16:37,0.49971,0.64779
2016-06-04 16:38,0.4991,0.64886
2016-06-04 16:39,0.5006,0.64893
2016-06-04 16:40,0.50498,0.65022
2016-06-04 16:41,0.50568,0.65131
2016-06-04 16:42,0.50746,0.65189
2016-06-04 16:43,0.51578,0.65068
2016-06-04 16:44,0.52312,0.6498
2016-06-04 16:45,0.5310,0.64907
2016-06-04 16:46,0.5384,0.64747
2016-06-04 16:47,0.54129,0.64692
2016-06-04 16:48,0.53801,0.64669
2016-06-04 16:49,0.53967,0.64688
2016-06-04 16:50,0.53992,0.64719
2016-06-04 16:51,0.53417,0.6497
2016-06-04 16:52,0.53342,0.65128
2016-06-04 16:53,0.53123,0.65139
2016-06-04 16:54,0.52694,0.6509
2016-06-04 16:55,0.52599,0.64989
2016-06-04 16:56,0.53067,0.64852
2016-06-04 16:57,0.53181,0.64748
2016-06-04 16:58,0.53388,0.64596
2016-06-04 16:59,0.53947,0.64364
2016-06-04 17:00,0.53781,0.64346
2016-06-04 17:01,0.54022,0.64533
2016-06-04 17:02,0.54597,0.64786
2016-06-04 17:03,0.55049,0.64984
2016-06-04 17:04,0.55309,0.65126
2016-06-04 17:06,0.5571,0.65162
2016-06-04 17:07,0.56063,0.65257
2016-06-04 17:08,0.56298,0.65322
2016-06-04 17:09,0.5701,0.65208
2016-06-04 17:10,0.57549,0.65082
2016-06-04 17:11,0.57891,0.64958
2016-06-04 17:12,0.58304,0.64816
2016-06-04 17:13,0.58482,0.64643
2016-06-04 17:14,0.58607,0.64487
2016-06-04 17:15,0.58641,0.64316
2016-06-04 17:16,0.58373,0.6413
2016-06-04 17:17,0.5799,0.64052
2016-06-04 17:18,0.57407,0.63839
2016-06-04 17:19,0.56738,0.63628
2016-06-04 17:20,0.56023,0.63519
2016-06-04 17:21,0.55473,0.63498
2016-06-04 17:22,0.54861,0.63494
2016-06-04 17:23,0.54456,0.63469
2016-06-04 17:24,0.54463,0.63591
2016-06-04 17:25,0.54434,0.63711
2016-06-04 17:26,0.54648,0.63988
2016-06-04 17:27,0.55127,0.64304
2016-06-04 17:28,0.55514,0.6469
2016-06-04 17:29,0.55998,0.65029
2016-06-04 17:30,0.56703,0.65403
2016-06-04 17:31,0.57302,0.65721
2016-06-04 17:32,0.57687,0.65882
2016-06-04 17:33,0.58099,0.65961
2016-06-04 17:34,0.58289,0.65939
2016-06-04 17:35,0.58158,0.65829
2016-06-04 17:36,0.58291,0.65533
2016-06-04 17:37,0.58323,0.65268
2016-06-04 17:39,0.58163,0.64908
2016-06-04 17:40,0.57791,0.64751
2016-06-04 17:41,0.57424,0.6469
2016-06-04 17:42,0.56821,0.64691
2016-06-04 17:43,0.56454,0.64661
2016-06-04 17:44,0.56254,0.64691
2016-06-04 17:45,0.55904,0.64777
2016-06-04 17:46,0.55548,0.64888
2016-06-04 17:47,0.55238,0.65131
2016-06-04 17:48,0.55032,0.65227
2016-06-04 17:49,0.54839,0.65284
2016-06-04 17:50,0.54839,0.65304
2016-06-04 17:51,0.5440,0.65341
2016-06-04 17:52,0.54128,0.65339
2016-06-04 17:53,0.53713,0.65373
2016-06-04 17:54,0.53491,0.65343
2016-06-04 17:55,0.53324,0.65199
2016-06-04 17:56,0.53416,0.65044
2016-06-04 17:57,0.53429,0.64919
2016-06-04 17:58,0.53558,0.64782
2016-06-04 18:00,0.54146,0.6476
2016-06-04 18:01,0.54447,0.64754
2016-06-04 18:02,0.54931,0.64737
2016-06-04 18:03,0.55142,0.6470
2016-06-04 18:04,0.5522,0.64739
2016-06-04 18:05,0.55452,0.64873
2016-06-04 18:06,0.55921,0.64987
2016-06-04 18:07,0.5643,0.65181
2016-06-04 18:08,0.57156,0.65271
2016-06-04 18:09,0.58022,0.65403
2016-06-04 18:10,0.58892,0.65567
2016-06-04 18:12,0.59971,0.65811
2016-06-04 18:13,0.61092,0.65994
2016-06-04 18:14,0.61729,0.66124
2016-06-04 18:15,0.62452,0.66218
2016-06-04 18:16,0.63029,0.66216
2016-06-04 18:17,0.62982,0.6629
2016-06-04 18:18,0.63012,0.66276
2016-06-04 18:19,0.62892,0.66309
2016-06-04 18:20,0.62791,0.66258
2016-06-04 18:21,0.62776,0.66287
2016-06-04 18:22,0.62696,0.66259
2016-06-04 18:23,0.62414,0.66293
2016-06-04 18:24,0.62151,0.66423
2016-06-04 18:25,0.61969,0.66458
2016-06-04 18:26,0.61567,0.66611
2016-06-04 18:27,0.61484,0.66697
2016-06-04 18:28,0.61053,0.66838
2016-06-04 18:29,0.60416,0.66852
2016-06-04 18:30,0.59966,0.66886
2016-06-04 18:31,0.59229,0.66867
2016-06-04 18:32,0.58311,0.66737
2016-06-04 18:33,0.57729,0.66709
2016-06-04 18:34,0.57519,0.66627
2016-06-04 18:35,0.56853,0.66447
2016-06-04 18:36,0.56387,0.66346
2016-06-04 18:37,0.56006,0.66402
2016-06-04 18:38,0.55739,0.66623
2016-06-04 18:39,0.55797,0.6685
2016-06-04 18:40,0.56092,0.67212
2016-06-04 18:41,0.56428,0.67509
2016-06-04 18:42,0.56342,0.67753
2016-06-04 18:44,0.56467,0.68156
2016-06-04 18:45,0.56973,0.68431
2016-06-04 18:46,0.57662,0.6863
2016-06-04 18:47,0.58568,0.6858
2016-06-04 18:48,0.59569,0.68451
2016-06-04 18:49,0.60568,0.68204
2016-06-04 18:50,0.61321,0.67927
2016-06-04 18:51,0.62231,0.67702
2016-06-04 18:52,0.63092,0.67384
2016-06-04 18:53,0.63464,0.67129
2016-06-04 18:54,0.63773,0.66836
2016-06-04 18:55,0.63316,0.66594
2016-06-04 18:56,0.6272,0.66481
2016-06-04 18:57,0.62027,0.66413
2016-06-04 18:58,0.6125,0.66263
2016-06-04 18:59,0.60557,0.65983
2016-06-04 19:00,0.59919,0.65744
2016-06-04 19:01,0.5916,0.6544
2016-06-04 19:02,0.58481,0.65154
2016-06-04 19:03,0.58653,0.65027
2016-06-04 19:04,0.58669,0.64903
2016-06-04 19:05,0.58583,0.64744
2016-06-04 19:06,0.58741,0.6476
2016-06-04 19:07,0.58876,0.6497
2016-06-04 19:08,0.59094,0.6519
2016-06-04 19:09,0.59808,0.65424
2016-06-04 19:10,0.60199,0.65759
2016-06-04 19:11,0.60049,0.6591
2016-06-04 19:12,0.60324,0.66064
2016-06-04 19:13,0.60669,0.66294
2016-06-04 19:14,0.60749,0.66497
2016-06-04 19:15,0.60594,0.6664
2016-06-04 19:17,0.60251,0.66766
2016-06-04 19:18,0.59779,0.66962
2016-06-04 19:19,0.59541,0.67099
2016-06-04 19:20,0.59364,0.67297
2016-06-04 19:21,0.58841,0.6744
2016-06-04 19:22,0.58642,0.67534
2016-06-04 19:23,0.58619,0.67559
2016-06-04 19:24,0.58709,0.67537
2016-06-04 19:25,0.59142,0.67384
2016-06-04 19:26,0.59346,0.67137
2016-06-04 19:27,0.59372,0.66861
2016-06-04 19:28,0.59561,0.66677
2016-06-04 19:29,0.5983,0.66487
2016-06-04 19:30,0.59588,0.66267
2016-06-04 19:31,0.59568,0.66079
2016-06-04 19:32,0.59681,0.65894
2016-06-04 19:33,0.59551,0.65832
2016-06-04 19:34,0.59664,0.65861
2016-06-04 19:35,0.60194,0.65899
2016-06-04 19:36,0.6056,0.6585
2016-06-04 19:37,0.60664,0.65793
2016-06-04 19:38,0.6119,0.65889
2016-06-04 19:39,0.61411,0.66084
2016-06-04 19:40,0.61637,0.66414
2016-06-04 19:41,0.61712,0.66769
2016-06-04 19:42,0.61569,0.67066
2016-06-04 19:43,0.6113,0.67338
2016-06-04 19:44,0.60676,0.67621
2016-06-04 19:45,0.60527,0.67941
2016-06-04 19:46,0.59998,0.68158
2016-06-04 19:47,0.59357,0.68244
2016-06-04 19:48,0.58931,0.68163
2016-06-04 19:50,0.58803,0.68181
2016-06-04 19:51,0.5894,0.68256
2016-06-04 19:52,0.58919,0.68286
2016-06-04 19:53,0.59399,0.68437
2016-06-04 19:54,0.59946,0.68613
2016-06-04 19:55,0.60691,0.68669
2016-06-04 19:56,0.61628,0.68704
2016-06-04 19:57,0.61894,0.6890
2016-06-04 19:58,0.61958,0.68892
2016-06-04 19:59,0.61884,0.68854
2016-06-04 20:00,0.62134,0.68953
2016-06-04 20:01,0.61837,0.68921
2016-06-04 20:02,0.61406,0.6892
2016-06-04 20:03,0.61053,0.69057
2016-06-04 20:04,0.60727,0.69311
2016-06-04 20:05,0.60741,0.69318
2016-06-04 20:06,0.60572,0.69409
2016-06-04 20:07,0.60302,0.69476
2016-06-04 20:08,0.59648,0.69418
2016-06-04 20:09,0.59051,0.69269
2016-06-04 20:10,0.58413,0.68923
2016-06-04 20:11,0.57806,0.68452
2016-06-04 20:12,0.57127,0.6781
2016-06-04 20:13,0.56661,0.67357
2016-06-04 20:14,0.56751,0.66948
2016-06-04 20:15,0.57028,0.66639
2016-06-04 20:16,0.57648,0.66476
2016-06-04 20:17,0.58388,0.66468
2016-06-04 20:18,0.59399,0.66652
2016-06-04 20:19,0.60384,0.66998
2016-06-04 20:20,0.61348,0.67591
2016-06-04 20:21,0.62104,0.68118
2016-06-04 20:23,0.62523,0.68544
2016-06-04 20:24,0.62791,0.68787
2016-06-04 20:25,0.62931,0.68897
2016-06-04 20:26,0.63022,0.68957
2016-06-04 20:27,0.62762,0.68862
2016-06-04 20:28,0.6227,0.68721
2016-06-04 20:29,0.61956,0.68471
2016-06-04 20:30,0.61647,0.68272
2016-06-04 20:31,0.6151,0.68061
2016-06-04 20:32,0.61182,0.6796
2016-06-04 20:33,0.60546,0.67876
2016-06-04 20:34,0.59872,0.67746
2016-06-04 20:35,0.59448,0.67797
2016-06-04 20:36,0.58933,0.67899
2016-06-04 20:37,0.58141,0.67934
2016-06-04 20:38,0.57453,0.67931
2016-06-04 20:39,0.56411,0.68069
2016-06-04 20:40,0.5578,0.68213
2016-06-04 20:41,0.55746,0.68418
2016-06-04 20:42,0.55653,0.68694
2016-06-04 20:43,0.55324,0.68847
2016-06-04 20:44,0.55397,0.68827
2016-06-04 20:45,0.55636,0.68774
2016-06-04 20:46,0.55749,0.68647
2016-06-04 20:47,0.5604,0.68382
2016-06-04 20:48,0.56218,0.68107
2016-06-04 20:49,0.56002,0.67716
2016-06-04 20:50,0.55916,0.67251
2016-06-04 20:51,0.56153,0.66773
2016-06-04 20:52,0.56347,0.66397
2016-06-04 20:53,0.56574,0.66029
2016-06-04 20:54,0.56861,0.65848
2016-06-04 20:56,0.57343,0.65706
2016-06-04 20:57,0.57731,0.65586
2016-06-04 20:58,0.58272,0.65626
2016-06-04 20:59,0.58606,0.65748
2016-06-04 21:00,0.58572,0.65879
2016-06-04 21:01,0.58367,0.66058
2016-06-04 21:02,0.58282,0.66406
2016-06-04 21:03,0.5814,0.66632
2016-06-04 21:04,0.57777,0.66834
2016-06-04 21:05,0.57436,0.66964
2016-06-04 21:06,0.57047,0.67044
2016-06-04 21:07,0.57174,0.67106
2016-06-04 21:08,0.57343,0.67301
2016-06-04 21:09,0.5769,0.67496
2016-06-04 21:10,0.57763,0.67556
2016-06-04 21:11,0.58012,0.6757
2016-06-04 21:12,0.58373,0.67663
2016-06-04 21:13,0.5882,0.67782
2016-06-04 21:14,0.59302,0.6781
2016-06-04 21:15,0.59407,0.67798
2016-06-04 21:16,0.59749,0.67658
2016-06-04 21:17,0.59954,0.67487
2016-06-04 21:18,0.60091,0.67348
2016-06-04 21:19,0.60052,0.67299
2016-06-04 21:20,0.59847,0.67271
2016-06-04 21:21,0.59761,0.67293
2016-06-04 21:22,0.59704,0.67471
2016-06-04 21:23,0.59721,0.67649
2016-06-04 21:24,0.59574,0.67829
2016-06-04 21:25,0.59342,0.67973
2016-06-04 21:26,0.59246,0.68074
2016-06-04 21:28,0.59119,0.68129
2016-06-04 21:29,0.59378,0.68102
2016-06-04 21:30,0.59383,0.68087
2016-06-04 21:31,0.59136,0.67909
2016-06-04 21:32,0.58857,0.67853
2016-06-04 21:33,0.58703,0.67793
2016-06-04 21:34,0.58803,0.67689
2016-06-04 21:35,0.59111,0.67577
2016-06-04 21:36,0.59419,0.67567
2016-06-04 21:37,0.5916,0.67596
2016-06-04 21:38,0.58738,0.67542
2016-06-04 21:39,0.58554,0.67553
2016-06-04 21:40,0.58246,0.67432
2016-06-04 21:41,0.57853,0.67364
2016-06-04 21:42,0.57086,0.67373
2016-06-04 21:43,0.5606,0.67523
2016-06-04 21:44,0.55143,0.67587
2016-06-04 21:45,0.54653,0.67598
2016-06-04 21:46,0.54362,0.67664
2016-06-04 21:47,0.54112,0.67748
2016-06-04 21:48,0.54021,0.67858
2016-06-04 21:49,0.53971,0.67904
2016-06-04 21:50,0.54252,0.67928
2016-06-04 21:51,0.54533,0.67788
2016-06-04 21:52,0.54898,0.67556
2016-06-04 21:53,0.54881,0.67452
2016-06-04 21:54,0.55057,0.6739
2016-06-04 21:55,0.55077,0.67308
2016-06-04 21:56,0.55174,0.67177
2016-06-04 21:57,0.55277,0.67142
2016-06-04 21:58,0.55194,0.6718
2016-06-04 21:59,0.55244,0.67341
2016-06-04 22:01,0.54907,0.67686
2016-06-04 22:02,0.54877,0.67936
2016-06-04 22:03,0.5457,0.68173
2016-06-04 22:04,0.54702,0.68451
2016-06-04 22:05,0.54722,0.68813
2016-06-04 22:06,0.54644,0.69114
2016-06-04 22:07,0.54893,0.69451
2016-06-04 22:08,0.55257,0.6975
2016-06-04 22:09,0.55946,0.70042
2016-06-04 22:10,0.5681,0.70296
2016-06-04 22:11,0.57867,0.70347
2016-06-04 22:12,0.58072,0.70434
2016-06-04 22:13,0.58306,0.70483
2016-06-04 22:14,0.58546,0.70633
2016-06-04 22:15,0.58393,0.7067
2016-06-04 22:16,0.58042,0.7060
2016-06-04 22:17,0.57781,0.70403
2016-06-04 22:18,0.56951,0.70356
2016-06-04 22:19,0.56211,0.70492
2016-06-04 22:20,0.56247,0.70371
2016-06-04 22:21,0.56124,0.70297
2016-06-04 22:22,0.5616,0.70029
2016-06-04 22:23,0.56253,0.69701
2016-06-04 22:24,0.56492,0.69459
2016-06-04 22:25,0.5654,0.69176
2016-06-04 22:26,0.57091,0.68581
2016-06-04 22:27,0.57224,0.6806
2016-06-04 22:28,0.56877,0.67724
2016-06-04 22:29,0.56698,0.67238
2016-06-04 22:30,0.5630,0.6685
2016-06-04 22:31,0.55961,0.66561
2016-06-04 22:32,0.55361,0.66243
2016-06-04 22:34,0.54861,0.66051
2016-06-04 22:35,0.54314,0.66153
2016-06-04 22:36,0.54049,0.66213
2016-06-04 22:37,0.54098,0.66424
2016-06-04 22:38,0.54202,0.67007
2016-06-04 22:39,0.54676,0.67659
2016-06-04 22:40,0.55382,0.68321
2016-06-04 22:41,0.56099,0.69139
2016-06-04 22:42,0.56637,0.69973
2016-06-04 22:43,0.57027,0.70661
2016-06-04 22:44,0.57584,0.71143
2016-06-04 22:45,0.57858,0.71419
2016-06-04 22:46,0.58018,0.71268
2016-06-04 22:47,0.57699,0.71122
2016-06-04 22:48,0.57067,0.70943
2016-06-04 22:49,0.56588,0.70593
2016-06-04 22:50,0.56282,0.70204
2016-06-04 22:51,0.55973,0.69969
2016-06-04 22:52,0.5554,0.69979
2016-06-04 22:53,0.55362,0.69966
2016-06-04 22:54,0.55249,0.70188
2016-06-04 22:55,0.55394,0.70261
2016-06-04 22:56,0.55688,0.70359
2016-06-04 22:57,0.55953,0.70539
2016-06-04 22:58,0.56027,0.70648
2016-06-04 22:59,0.56302,0.70633
2016-06-04 23:00,0.56437,0.70549
2016-06-04 23:01,0.56567,0.70672
2016-06-04 23:02,0.56597,0.70758
2016-06-04 23:03,0.56807,0.70898
2016-06-04 23:04,0.56988,0.71038
2016-06-04 23:05,0.5729,0.71189
2016-06-04 23:07,0.57933,0.71424
2016-06-04 23:08,0.58042,0.71788
2016-06-04 23:09,0.58016,0.72023
2016-06-04 23:10,0.57672,0.72104
2016-06-04 23:11,0.57464,0.72074
2016-06-04 23:12,0.5684,0.7212
2016-06-04 23:13,0.56164,0.72168
2016-06-04 23:14,0.55124,0.72041
2016-06-04 23:15,0.53912,0.71903
2016-06-04 23:16,0.53172,0.71632
2016-06-04 23:17,0.52469,0.71564
2016-06-04 23:18,0.52008,0.7157
2016-06-04 23:19,0.51212,0.71753
2016-06-04 23:20,0.50612,0.71868
2016-06-04 23:21,0.5003,0.71933
2016-06-04 23:22,0.49831,0.7219
2016-06-04 23:23,0.49841,0.7248
2016-06-04 23:24,0.49788,0.72786
2016-06-04 23:25,0.4997,0.72951
2016-06-04 23:26,0.50427,0.7299
2016-06-04 23:27,0.51242,0.72832
2016-06-04 23:28,0.51877,0.72691
2016-06-04 23:29,0.52493,0.72543
2016-06-04 23:30,0.52919,0.72432
2016-06-04 23:31,0.52849,0.72209
2016-06-04 23:32,0.52869,0.72043
2016-06-04 23:33,0.52798,0.71898
2016-06-04 23:34,0.52237,0.71884
2016-06-04 23:35,0.51572,0.72009
2016-06-04 23:36,0.51196,0.72021
2016-06-04 23:37,0.50837,0.72014
2016-06-04 23:38,0.50441,0.7180
2016-06-04 23:40,0.50231,0.71666
2016-06-04 23:41,0.49753,0.71452
2016-06-04 23:42,0.49497,0.71237
2016-06-04 23:43,0.49452,0.71027
2016-06-04 23:44,0.49428,0.70711
2016-06-04 23:45,0.49467,0.70526
2016-06-04 23:46,0.49586,0.70391
2016-06-04 23:47,0.49993,0.70256
2016-06-04 23:48,0.50541,0.70002
2016-06-04 23:49,0.51104,0.69872
2016-06-04 23:50,0.5134,0.69716
2016-06-04 23:51,0.51631,0.69347
2016-06-04 23:52,0.51858,0.69019
2016-06-04 23:53,0.51711,0.68684
2016-06-04 23:54,0.51444,0.68402
2016-06-04 23:55,0.51029,0.68262
2016-06-04 23:56,0.50328,0.68133
2016-06-04 23:57,0.49742,0.67788
2016-06-04 23:58,0.49288,0.67473
2016-06-04 23:59,0.48666,0.67381
2016-06-05 00:00,0.48046,0.67382
2016-06-05 00:01,0.47781,0.67377
2016-06-05 00:02,0.4757,0.67261
2016-06-05 00:03,0.47282,0.67098
2016-06-05 00:04,0.4766,0.66982
2016-06-05 00:05,0.4783,0.66993
2016-06-05 00:06,0.48069,0.67057
2016-06-05 00:07,0.48422,0.66959
2016-06-05 00:08,0.49004,0.66842
2016-06-05 00:09,0.49381,0.66831
2016-06-05 00:10,0.49666,0.66872
2016-06-05 00:12,0.49837,0.66916
2016-06-05 00:13,0.49304,0.67138
2016-06-05 00:14,0.49036,0.67367
2016-06-05 00:15,0.48871,0.67539
2016-06-05 00:16,0.48334,0.67912
2016-06-05 00:17,0.47367,0.68188
2016-06-05 00:18,0.46491,0.68271
2016-06-05 00:19,0.45707,0.68432
2016-06-05 00:20,0.45218,0.68766
2016-06-05 00:21,0.44993,0.6892
2016-06-05 00:22,0.44812,0.69138
2016-06-05 00:23,0.44108,0.69438
2016-06-05 00:24,0.43943,0.69487
2016-06-05 00:25,0.44171,0.69459
2016-06-05 00:26,0.44308,0.69458
2016-06-05 00:27,0.44286,0.69393
2016-06-05 00:28,0.44043,0.68992
2016-06-05 00:29,0.43696,0.68597
2016-06-05 00:30,0.43252,0.68088
2016-06-05 00:31,0.43119,0.67402
2016-06-05 00:32,0.42939,0.66878
2016-06-05 00:33,0.42644,0.66613
2016-06-05 00:34,0.42518,0.66449
2016-06-05 00:35,0.42959,0.6618
2016-06-05 00:36,0.43571,0.66164
2016-06-05 00:37,0.44176,0.66169
2016-06-05 00:38,0.44859,0.66234
2016-06-05 00:39,0.45653,0.66648
2016-06-05 00:40,0.46111,0.67123
2016-06-05 00:41,0.46398,0.67419
2016-06-05 00:42,0.46638,0.67759
2016-06-05 00:43,0.46184,0.68368
2016-06-05 00:45,0.45647,0.68737
2016-06-05 00:46,0.4528,0.69043
2016-06-05 00:47,0.44474,0.6942
2016-06-05 00:48,0.43599,0.69347
2016-06-05 00:49,0.4297,0.69233
2016-06-05 00:50,0.42468,0.69172
2016-06-05 00:51,0.4161,0.68894
2016-06-05 00:52,0.41164,0.68398
2016-06-05 00:53,0.40519,0.68298
2016-06-05 00:54,0.39954,0.68357
2016-06-05 00:55,0.40074,0.68227
2016-06-05 00:56,0.40224,0.68358
2016-06-05 00:57,0.40186,0.68297
2016-06-05 00:58,0.40022,0.68242
2016-06-05 00:59,0.40059,0.68342
2016-06-05 01:00,0.3981,0.6843
2016-06-05 01:01,0.39598,0.68176
2016-06-05 01:02,0.39173,0.67827
2016-06-05 01:03,0.38057,0.67624
2016-06-05 01:04,0.36671,0.67367
2016-06-05 01:05,0.35508,0.67382
2016-06-05 01:06,0.3466,0.67343
2016-06-05 01:07,0.34144,0.67214
2016-06-05 01:08,0.33896,0.67051
2016-06-05 01:09,0.33937,0.66949
2016-06-05 01:10,0.33848,0.66813
2016-06-05 01:11,0.34172,0.66641
2016-06-05 01:12,0.35022,0.66563
2016-06-05 01:13,0.3563,0.66282
2016-06-05 01:14,0.36008,0.6603
2016-06-05 01:15,0.36147,0.65937
2016-06-05 01:16,0.36293,0.65949
2016-06-05 01:18,0.36308,0.66039
2016-06-05 01:19,0.36704,0.66226
2016-06-05 01:20,0.37176,0.66308
2016-06-05 01:21,0.3721,0.6625
2016-06-05 01:22,0.37633,0.66334
2016-06-05 01:23,0.38036,0.66422
2016-06-05 01:24,0.38358,0.66287
2016-06-05 01:25,0.38393,0.66132
2016-06-05 01:26,0.3851,0.65873
2016-06-05 01:27,0.38472,0.65581
2016-06-05 01:28,0.38431,0.65529
2016-06-05 01:29,0.38488,0.65498
2016-06-05 01:30,0.38319,0.65486
2016-06-05 01:31,0.38389,0.65522
2016-06-05 01:32,0.38321,0.65713
2016-06-05 01:33,0.38428,0.65774
2016-06-05 01:34,0.38358,0.65989
2016-06-05 01:35,0.38208,0.66182
2016-06-05 01:36,0.37763,0.66126
2016-06-05 01:37,0.37326,0.66156
2016-06-05 01:38,0.37034,0.6599
2016-06-05 01:39,0.36506,0.6585
2016-06-05 01:40,0.3628,0.6574
2016-06-05 01:41,0.35998,0.6590
2016-06-05 01:42,0.35896,0.65932
2016-06-05 01:43,0.35866,0.6584
2016-06-05 01:44,0.36003,0.65879
2016-06-05 01:45,0.36319,0.65832
2016-06-05 01:46,0.36388,0.65838
2016-06-05 01:47,0.36486,0.65786
2016-06-05 01:48,0.36628,0.65682
2016-06-05 01:49,0.36849,0.65369
2016-06-05 01:51,0.36819,0.65104
2016-06-05 01:52,0.36657,0.65003
2016-06-05 01:53,0.36361,0.64892
2016-06-05 01:54,0.35924,0.64847
2016-06-05 01:55,0.35513,0.64937
2016-06-05 01:56,0.35086,0.64967
2016-06-05 01:57,0.34364,0.65023
2016-06-05 01:58,0.3351,0.65228
2016-06-05 01:59,0.32884,0.6543
2016-06-05 02:00,0.32502,0.65632
2016-06-05 02:01,0.32452,0.65812
2016-06-05 02:02,0.32294,0.65978
2016-06-05 02:03,0.32011,0.65929
2016-06-05 02:04,0.31712,0.65948
2016-06-05 02:05,0.31648,0.65884
2016-06-05 02:06,0.3191,0.65614
2016-06-05 02:07,0.31913,0.65323
2016-06-05 02:08,0.31886,0.64998
2016-06-05 02:09,0.31531,0.64694
2016-06-05 02:10,0.31452,0.64336
2016-06-05 02:11,0.3162,0.64236
2016-06-05 02:12,0.31793,0.64024
2016-06-05 02:13,0.31933,0.63907
2016-06-05 02:14,0.31991,0.63976
2016-06-05 02:15,0.32319,0.64003
2016-06-05 02:16,0.32478,0.63964
2016-06-05 02:17,0.32954,0.63827
2016-06-05 02:18,0.33207,0.6368
2016-06-05 02:19,0.33424,0.63304
2016-06-05 02:20,0.33857,0.63063
2016-06-05 02:21,0.34176,0.62691
2016-06-05 02:23,0.34193,0.6219
2016-06-05 02:24,0.34103,0.61803
2016-06-05 02:25,0.33747,0.61467
2016-06-05 02:26,0.32731,0.61223
2016-06-05 02:27,0.3171,0.61036
2016-06-05 02:28,0.30538,0.60952
2016-06-05 02:29,0.29171,0.60843
2016-06-05 02:30,0.2782,0.60821
2016-06-05 02:31,0.26657,0.60818
2016-06-05 02:32,0.25453,0.60687
2016-06-05 02:33,0.24623,0.60569
2016-06-05 02:34,0.24618,0.60424
2016-06-05 02:35,0.24631,0.60153
2016-06-05 02:36,0.2499,0.59907
2016-06-05 02:37,0.2537,0.5959
2016-06-05 02:38,0.25786,0.59274
2016-06-05 02:39,0.26139,0.58999
2016-06-05 02:40,0.26629,0.58777
2016-06-05 02:41,0.27044,0.58457
2016-06-05 02:42,0.26912,0.58234
2016-06-05 02:43,0.26714,0.58164
2016-06-05 02:44,0.26211,0.57938
2016-06-05 02:45,0.2573,0.57661
2016-06-05 02:46,0.25414,0.57157
2016-06-05 02:47,0.24928,0.56429
2016-06-05 02:48,0.24346,0.55556
2016-06-05 02:49,0.23899,0.54637
2016-06-05 02:50,0.23678,0.53422
2016-06-05 02:51,0.23652,0.52032
2016-06-05 02:52,0.23648,0.50731
2016-06-05 02:53,0.23384,0.49433
2016-06-05 02:54,0.22768,0.48388
2016-06-05 02:56,0.22692,0.47508
2016-06-05 02:57,0.22589,0.46719
2016-06-05 02:58,0.22343,0.45986
2016-06-05 02:59,0.22007,0.45282
2016-06-05 03:00,0.21452,0.44529
2016-06-05 03:01,0.20966,0.43629
2016-06-05 03:02,0.20829,0.42604
2016-06-05 03:03,0.21002,0.41332
2016-06-05 03:04,0.20742,0.39959
2016-06-05 03:05,0.20564,0.38448
2016-06-05 03:06,0.20233,0.36904
2016-06-05 03:07,0.20057,0.35314
2016-06-05 03:08,0.20097,0.33746
2016-06-05 03:09,0.20274,0.3229
2016-06-05 03:10,0.20376,0.31054
2016-06-05 03:11,0.20262,0.29961
2016-06-05 03:12,0.20264,0.28994
2016-06-05 03:13,0.20172,0.28289
2016-06-05 03:14,0.20283,0.27651
2016-06-05 03:15,0.20134,0.27359
2016-06-05 03:16,0.19931,0.2724
2016-06-05 03:17,0.19589,0.27071
2016-06-05 03:18,0.19297,0.26901
2016-06-05 03:19,0.19366,0.26776
2016-06-05 03:20,0.19307,0.26713
2016-06-05 03:21,0.19334,0.26613
2016-06-05 03:22,0.19742,0.26447
2016-06-05 03:23,0.20213,0.26161
2016-06-05 03:24,0.20832,0.25908
2016-06-05 03:25,0.21468,0.25896
2016-06-05 03:26,0.22181,0.25847
2016-06-05 03:27,0.22631,0.25826
2016-06-05 03:29,0.23246,0.25728
2016-06-05 03:30,0.23799,0.25581
2016-06-05 03:31,0.23744,0.25613
2016-06-05 03:32,0.23967,0.25614
2016-06-05 03:33,0.23807,0.2533
2016-06-05 03:34,0.23627,0.24769
2016-06-05 03:35,0.23193,0.24101
2016-06-05 03:36,0.22522,0.23388
2016-06-05 03:37,0.21957,0.22734
2016-06-05 03:38,0.21353,0.21887
2016-06-05 03:39,0.20919,0.20766
2016-06-05 03:40,0.20413,0.19563
2016-06-05 03:41,0.1996,0.18776
2016-06-05 03:42,0.19282,0.18237
2016-06-05 03:43,0.18596,0.17933
2016-06-05 03:44,0.1829,0.1772
2016-06-05 03:45,0.17796,0.17442
2016-06-05 03:46,0.17372,0.17508
2016-06-05 03:47,0.17166,0.17858
2016-06-05 03:48,0.16954,0.18338
2016-06-05 03:49,0.17036,0.18577
2016-06-05 03:50,0.17533,0.18651
2016-06-05 03:51,0.18191,0.1855
2016-06-05 03:52,0.18446,0.18352
2016-06-05 03:53,0.18842,0.18084
2016-06-05 03:54,0.19271,0.17609
2016-06-05 03:55,0.19493,0.17017
2016-06-05 03:56,0.19412,0.16316
2016-06-05 03:57,0.19121,0.15572
2016-06-05 03:58,0.18671,0.14772
2016-06-05 03:59,0.18284,0.14039
2016-06-05 04:01,0.1839,0.13394
2016-06-05 04:02,0.18119,0.13019
2016-06-05 04:03,0.17824,0.1286
2016-06-05 04:04,0.1768,0.1277
2016-06-05 04:05,0.17682,0.12879
2016-06-05 04:06,0.17831,0.13184
2016-06-05 04:07,0.17971,0.13744
2016-06-05 04:08,0.18017,0.14383
2016-06-05 04:09,0.17708,0.1488
2016-06-05 04:10,0.17736,0.15067
2016-06-05 04:11,0.17767,0.14988
2016-06-05 04:12,0.17594,0.14803
2016-06-05 04:13,0.17556,0.14433
2016-06-05 04:14,0.17474,0.13922
2016-06-05 04:15,0.1750,0.13182
2016-06-05 04:16,0.17519,0.12263
2016-06-05 04:17,0.17798,0.11524
2016-06-05 04:18,0.1819,0.10962
2016-06-05 04:19,0.18564,0.10522
2016-06-05 04:20,0.19092,0.10135
2016-06-05 04:21,0.19496,0.097797
2016-06-05 04:22,0.19858,0.093997
2016-06-05 04:23,0.20019,0.090422
2016-06-05 04:24,0.20274,0.088799
2016-06-05 04:25,0.20592,0.085481
2016-06-05 04:26,0.20779,0.081264
2016-06-05 04:27,0.2098,0.077572
2016-06-05 04:28,0.21027,0.075153
2016-06-05 04:29,0.20937,0.074542
2016-06-05 04:30,0.2101,0.075306
2016-06-05 04:31,0.21212,0.07770
2016-06-05 04:32,0.21124,0.078738
2016-06-05 04:34,0.20807,0.082526
2016-06-05 04:35,0.20289,0.086988
2016-06-05 04:36,0.1975,0.09087
2016-06-05 04:37,0.19298,0.091634
2016-06-05 04:38,0.19109,0.090311
2016-06-05 04:39,0.18602,0.088794
2016-06-05 04:40,0.17708,0.086558
2016-06-05 04:41,0.17081,0.084394
2016-06-05 04:42,0.16308,0.079793
2016-06-05 04:43,0.15872,0.074867
2016-06-05 04:44,0.15534,0.069872
2016-06-05 04:45,0.15197,0.068362
2016-06-05 04:46,0.14822,0.067922
2016-06-05 04:48,0.14709,0.066269
2016-06-05 04:49,0.1532,0.06393
2016-06-05 04:50,0.15746,0.062223
2016-06-05 04:51,0.16422,0.060986
2016-06-05 04:52,0.1691,0.061102
2016-06-05 04:53,0.17299,0.062642
2016-06-05 04:54,0.17732,0.062591
2016-06-05 04:55,0.18167,0.062281
2016-06-05 04:56,0.18341,0.063454
2016-06-05 04:57,0.17888,0.066331
2016-06-05 04:58,0.17649,0.069907
2016-06-05 04:59,0.17423,0.074656
2016-06-05 05:00,0.17019,0.079972
2016-06-05 05:01,0.16427,0.085392
2016-06-05 05:02,0.15749,0.092231
2016-06-05 05:03,0.1515,0.10058
2016-06-05 05:04,0.14793,0.11085
2016-06-05 05:05,0.1491,0.12138
2016-06-05 05:07,0.14829,0.13194
2016-06-05 05:08,0.14647,0.14278
2016-06-05 05:09,0.14704,0.1518
2016-06-05 05:11,0.15007,0.15986
2016-06-05 05:12,0.15651,0.16701
2016-06-05 05:13,0.16074,0.17239
2016-06-05 05:14,0.16476,0.17531
2016-06-05 05:15,0.16648,0.17684
2016-06-05 05:16,0.17093,0.17822
2016-06-05 05:17,0.1752,0.17839
2016-06-05 05:18,0.18003,0.17967
2016-06-05 05:19,0.18412,0.18081
2016-06-05 05:20,0.18349,0.18124
2016-06-05 05:21,0.1841,0.18484
2016-06-05 05:22,0.18226,0.18849
2016-06-05 05:23,0.1795,0.19297
2016-06-05 05:24,0.17374,0.19774
2016-06-05 05:25,0.16956,0.20372
2016-06-05 05:26,0.16411,0.21033
2016-06-05 05:27,0.16113,0.21684
2016-06-05 05:28,0.15899,0.22374
2016-06-05 05:29,0.15516,0.22619
2016-06-05 05:30,0.15672,0.22858
2016-06-05 05:31,0.1593,0.23006
2016-06-05 05:32,0.1630,0.23044
2016-06-05 05:33,0.16594,0.2278
2016-06-05 05:34,0.16877,0.22329
2016-06-05 05:35,0.16808,0.21998
2016-06-05 05:36,0.17017,0.21831
2016-06-05 05:37,0.17584,0.21778
2016-06-05 05:39,0.1773,0.21737
2016-06-05 05:40,0.17807,0.21843
2016-06-05 05:41,0.1787,0.21947
2016-06-05 05:42,0.17669,0.22468
2016-06-05 05:43,0.17553,0.2323
2016-06-05 05:44,0.17804,0.24098
2016-06-05 05:45,0.17904,0.24741
2016-06-05 05:46,0.17423,0.25582
2016-06-05 05:47,0.1685,0.26548
2016-06-05 05:48,0.16513,0.27486
2016-06-05 05:49,0.16207,0.28437
2016-06-05 05:50,0.1639,0.29156
2016-06-05 05:51,0.16702,0.29558
2016-06-05 05:52,0.16641,0.29698
2016-06-05 05:53,0.16434,0.30098
2016-06-05 05:54,0.16882,0.30334
2016-06-05 05:55,0.17656,0.30233
2016-06-05 05:56,0.18287,0.29827
2016-06-05 05:57,0.18878,0.29696
2016-06-05 05:58,0.19326,0.29683
2016-06-05 05:59,0.19372,0.29696
2016-06-05 06:00,0.19494,0.29639
2016-06-05 06:01,0.19827,0.29156
2016-06-05 06:02,0.19638,0.28828
2016-06-05 06:03,0.1917,0.29059
2016-06-05 06:04,0.18341,0.29609
2016-06-05 06:05,0.17672,0.29786
2016-06-05 06:06,0.16648,0.30029
2016-06-05 06:07,0.1594,0.3032
2016-06-05 06:08,0.15392,0.30788
2016-06-05 06:09,0.14748,0.31812
2016-06-05 06:10,0.14366,0.32528
2016-06-05 06:12,0.14317,0.32741
2016-06-05 06:13,0.14773,0.32756
2016-06-05 06:14,0.15016,0.32931
2016-06-05 06:15,0.15624,0.32769
2016-06-05 06:16,0.16262,0.32824
2016-06-05 06:17,0.16913,0.32898
2016-06-05 06:18,0.17699,0.32567
2016-06-05 06:19,0.18727,0.3252
2016-06-05 06:20,0.1939,0.32731
2016-06-05 06:21,0.1992,0.33251
2016-06-05 06:22,0.20681,0.33656
2016-06-05 06:23,0.2132,0.34113
2016-06-05 06:24,0.21688,0.34476
2016-06-05 06:25,0.21786,0.34663
2016-06-05 06:26,0.21756,0.34676
2016-06-05 06:27,0.21298,0.34514
2016-06-05 06:28,0.20887,0.34251
2016-06-05 06:29,0.20597,0.33721
2016-06-05 06:30,0.20094,0.33261
2016-06-05 06:31,0.1947,0.33134
2016-06-05 06:32,0.18963,0.33042
2016-06-05 06:33,0.18716,0.33199
2016-06-05 06:34,0.18418,0.33732
2016-06-05 06:35,0.18189,0.34327
2016-06-05 06:36,0.18239,0.34816
2016-06-05 06:37,0.18046,0.35368
2016-06-05 06:38,0.18049,0.35957
2016-06-05 06:39,0.18347,0.36142
2016-06-05 06:40,0.18758,0.36037
2016-06-05 06:41,0.19189,0.35719
2016-06-05 06:42,0.19501,0.35299
2016-06-05 06:43,0.20147,0.34996
2016-06-05 06:45,0.20451,0.34856
2016-06-05 06:46,0.20913,0.34814
2016-06-05 06:47,0.21393,0.34597
2016-06-05 06:48,0.21689,0.34624
2016-06-05 06:49,0.21928,0.34947
2016-06-05 06:50,0.21973,0.35471
2016-06-05 06:51,0.22432,0.35961
2016-06-05 06:52,0.22603,0.36302
2016-06-05 06:53,0.23132,0.36587
2016-06-05 06:54,0.2350,0.36658
2016-06-05 06:55,0.23502,0.36981
2016-06-05 06:56,0.2344,0.37327
2016-06-05 06:57,0.23303,0.37567
2016-06-05 06:58,0.2343,0.37626
2016-06-05 06:59,0.23304,0.37888
2016-06-05 07:00,0.23197,0.38269
2016-06-05 07:01,0.23009,0.38649
2016-06-05 07:02,0.22981,0.39054
2016-06-05 07:03,0.2335,0.39292
2016-06-05 07:04,0.23571,0.3935
2016-06-05 07:05,0.23733,0.39344
2016-06-05 07:06,0.2341,0.39292
2016-06-05 07:07,0.23166,0.39114
2016-06-05 07:08,0.22854,0.38842
2016-06-05 07:09,0.22293,0.38554
2016-06-05 07:10,0.21598,0.38374
2016-06-05 07:11,0.20701,0.38299
2016-06-05 07:12,0.20147,0.38428
2016-06-05 07:13,0.19713,0.38699
2016-06-05 07:14,0.19767,0.39044
2016-06-05 07:15,0.19689,0.39182
2016-06-05 07:16,0.19686,0.39248
2016-06-05 07:18,0.19781,0.39278
2016-06-05 07:19,0.1974,0.39309
2016-06-05 07:20,0.19477,0.39332
2016-06-05 07:21,0.19132,0.39233
2016-06-05 07:22,0.18924,0.39008
2016-06-05 07:23,0.18633,0.38802
2016-06-05 07:24,0.18409,0.38762
2016-06-05 07:25,0.18323,0.38787
2016-06-05 07:26,0.18501,0.38897
2016-06-05 07:27,0.18969,0.38943
2016-06-05 07:28,0.19972,0.38983
2016-06-05 07:29,0.20966,0.39039
2016-06-05 07:30,0.21767,0.39099
2016-06-05 07:31,0.22409,0.39212
2016-06-05 07:32,0.22916,0.39318
2016-06-05 07:33,0.23328,0.39559
2016-06-05 07:34,0.23416,0.39774
2016-06-05 07:35,0.23657,0.40046
2016-06-05 07:36,0.23549,0.4012
2016-06-05 07:37,0.23407,0.40191
2016-06-05 07:38,0.23249,0.40431
2016-06-05 07:39,0.23249,0.40582
2016-06-05 07:40,0.23501,0.40677
2016-06-05 07:41,0.23807,0.40547
2016-06-05 07:42,0.24236,0.40423
2016-06-05 07:43,0.24287,0.40272
2016-06-05 07:44,0.24357,0.4039
2016-06-05 07:45,0.2435,0.40421
2016-06-05 07:46,0.24288,0.40273
2016-06-05 07:47,0.23987,0.4010
2016-06-05 07:48,0.23588,0.39946
2016-06-05 07:50,0.22934,0.39963
2016-06-05 07:51,0.2226,0.39971
2016-06-05 07:52,0.21696,0.39999
2016-06-05 07:53,0.20948,0.39798
2016-06-05 07:54,0.20388,0.39806
2016-06-05 07:55,0.20264,0.39998
2016-06-05 07:56,0.20173,0.40223
2016-06-05 07:57,0.20062,0.40494
2016-06-05 07:58,0.20246,0.40643
2016-06-05 07:59,0.20531,0.40729
2016-06-05 08:00,0.2106,0.40744
2016-06-05 08:01,0.22052,0.4104
2016-06-05 08:02,0.22939,0.41154
2016-06-05 08:03,0.2346,0.41064
2016-06-05 08:04,0.24298,0.40986
2016-06-05 08:05,0.25099,0.40876
2016-06-05 08:06,0.25537,0.40777
2016-06-05 08:07,0.25871,0.40721
2016-06-05 08:08,0.25853,0.40802
2016-06-05 08:09,0.25658,0.4067
2016-06-05 08:10,0.25279,0.40622
2016-06-05 08:11,0.25043,0.4063
2016-06-05 08:12,0.24634,0.40709
2016-06-05 08:13,0.24346,0.40847
2016-06-05 08:14,0.24656,0.41133
2016-06-05 08:15,0.25029,0.41472
2016-06-05 08:16,0.25456,0.41702
2016-06-05 08:17,0.25812,0.41968
2016-06-05 08:18,0.26499,0.4219
2016-06-05 08:19,0.27059,0.42392
2016-06-05 08:20,0.27398,0.42588
2016-06-05 08:21,0.2767,0.42818
2016-06-05 08:23,0.27381,0.42907
2016-06-05 08:24,0.26762,0.42902
2016-06-05 08:25,0.26332,0.42914
2016-06-05 08:26,0.25926,0.42939
2016-06-05 08:27,0.2516,0.43007
2016-06-05 08:28,0.24291,0.43229
2016-06-05 08:29,0.23583,0.4335
2016-06-05 08:30,0.22798,0.43311
2016-06-05 08:31,0.22263,0.43449
2016-06-05 08:32,0.22093,0.43727
2016-06-05 08:33,0.21871,0.43987
2016-06-05 08:34,0.21558,0.44322
2016-06-05 08:35,0.21552,0.4461
2016-06-05 08:36,0.21526,0.44711
2016-06-05 08:37,0.21664,0.44926
2016-06-05 08:38,0.21961,0.4523
2016-06-05 08:39,0.22108,0.45311
2016-06-05 08:40,0.22222,0.45291
2016-06-05 08:41,0.22063,0.45287
2016-06-05 08:42,0.21958,0.45133
2016-06-05 08:43,0.2181,0.45016
2016-06-05 08:44,0.21831,0.45019
2016-06-05 08:45,0.21776,0.44831
2016-06-05 08:46,0.21366,0.44604
2016-06-05 08:47,0.21039,0.44394
2016-06-05 08:48,0.20417,0.44163
2016-06-05 08:49,0.20352,0.43893
2016-06-05 08:50,0.2049,0.43653
2016-06-05 08:51,0.20776,0.43416
2016-06-05 08:52,0.21181,0.4308
2016-06-05 08:53,0.21549,0.42891
2016-06-05 08:54,0.22357,0.42762
2016-06-05 08:56,0.23051,0.42696
2016-06-05 08:57,0.24038,0.4268
2016-06-05 08:58,0.24478,0.42729
2016-06-05 08:59,0.24551,0.42823
2016-06-05 09:00,0.24348,0.4284
2016-06-05 09:01,0.23983,0.4288
2016-06-05 09:02,0.23617,0.42951
2016-06-05 09:03,0.22846,0.42969
2016-06-05 09:04,0.22444,0.42963
2016-06-05 09:05,0.22131,0.4283
2016-06-05 09:06,0.2204,0.4263
2016-06-05 09:07,0.22118,0.42476
2016-06-05 09:08,0.22267,0.42409
2016-06-05 09:09,0.22653,0.42397
2016-06-05 09:10,0.22889,0.42289
2016-06-05 09:11,0.23666,0.42209
2016-06-05 09:12,0.24169,0.42191
2016-06-05 09:13,0.24543,0.42336
2016-06-05 09:14,0.24951,0.42579
2016-06-05 09:15,0.25558,0.42742
2016-06-05 09:16,0.26059,0.42849
2016-06-05 09:17,0.2609,0.4286
2016-06-05 09:18,0.26189,0.42954
2016-06-05 09:19,0.25772,0.42996
2016-06-05 09:20,0.2526,0.42986
2016-06-05 09:21,0.24539,0.42839
2016-06-05 09:22,0.23474,0.42628
2016-06-05 09:23,0.22094,0.42457
2016-06-05 09:24,0.20718,0.42263
2016-06-05 09:25,0.19647,0.4212
2016-06-05 09:26,0.1907,0.41839
2016-06-05 09:28,0.18772,0.41624
2016-06-05 09:29,0.18586,0.41409
2016-06-05 09:30,0.18764,0.41387
2016-06-05 09:31,0.19508,0.41436
2016-06-05 09:32,0.20383,0.41559
2016-06-05 09:33,0.21578,0.41762
2016-06-05 09:34,0.22808,0.41953
2016-06-05 09:35,0.23292,0.42224
2016-06-05 09:36,0.23739,0.42497
2016-06-05 09:37,0.24237,0.42773
2016-06-05 09:38,0.2462,0.42867
2016-06-05 09:39,0.24601,0.42859
2016-06-05 09:40,0.24602,0.42808
2016-06-05 09:41,0.24281,0.42687
2016-06-05 09:42,0.24053,0.42627
2016-06-05 09:43,0.24129,0.42617
2016-06-05 09:44,0.24076,0.42643
2016-06-05 09:45,0.24118,0.42671
2016-06-05 09:46,0.23892,0.42801
2016-06-05 09:47,0.23906,0.42976
2016-06-05 09:48,0.23929,0.43031
2016-06-05 09:49,0.24188,0.43084
2016-06-05 09:50,0.23978,0.43014
2016-06-05 09:51,0.23749,0.42862
2016-06-05 09:52,0.23751,0.42644
2016-06-05 09:53,0.23559,0.42527
2016-06-05 09:54,0.23791,0.42382
2016-06-05 09:55,0.24072,0.42267
2016-06-05 09:56,0.24377,0.42158
2016-06-05 09:57,0.24419,0.42212
2016-06-05 09:58,0.24712,0.42409
2016-06-05 09:59,0.25119,0.42702
2016-06-05 10:01,0.25268,0.42948
2016-06-05 10:02,0.25274,0.4302
2016-06-05 10:03,0.24919,0.43057
2016-06-05 10:04,0.24212,0.42953
2016-06-05 10:05,0.2350,0.4294
2016-06-05 10:06,0.23112,0.42767
2016-06-05 10:07,0.2289,0.42653
2016-06-05 10:08,0.22591,0.42488
2016-06-05 10:09,0.22338,0.42398
2016-06-05 10:10,0.22586,0.42387
2016-06-05 10:11,0.22998,0.42391
2016-06-05 10:12,0.23551,0.42536
2016-06-05 10:13,0.23948,0.4274
2016-06-05 10:14,0.24112,0.42978
2016-06-05 10:15,0.2448,0.43034
2016-06-05 10:16,0.24843,0.43053
2016-06-05 10:17,0.25526,0.43023
2016-06-05 10:18,0.25768,0.43023
2016-06-05 10:19,0.26041,0.43018
2016-06-05 10:20,0.26557,0.42948
2016-06-05 10:21,0.27112,0.42778
2016-06-05 10:22,0.27609,0.42677
2016-06-05 10:23,0.27409,0.4264
2016-06-05 10:24,0.27188,0.42676
2016-06-05 10:25,0.2650,0.42729
2016-06-05 10:26,0.26054,0.4268
2016-06-05 10:27,0.25643,0.4254
2016-06-05 10:28,0.2504,0.42506
2016-06-05 10:29,0.24701,0.42412
2016-06-05 10:30,0.24407,0.42201
2016-06-05 10:31,0.24581,0.41881
2016-06-05 10:32,0.24894,0.41459
2016-06-05 10:34,0.25429,0.41008
2016-06-05 10:35,0.25694,0.40627
2016-06-05 10:36,0.26134,0.40432
2016-06-05 10:37,0.26634,0.4005
2016-06-05 10:38,0.26993,0.39906
2016-06-05 10:39,0.27349,0.39882
2016-06-05 10:40,0.2774,0.40097
2016-06-05 10:41,0.27907,0.40516
2016-06-05 10:42,0.28192,0.41081
2016-06-05 10:43,0.28761,0.41724
2016-06-05 10:44,0.28551,0.4235
2016-06-05 10:45,0.28186,0.43236
2016-06-05 10:46,0.27701,0.43974
2016-06-05 10:47,0.27434,0.44568
2016-06-05 10:48,0.26756,0.44974
2016-06-05 10:49,0.26166,0.45154
2016-06-05 10:50,0.25551,0.45138
2016-06-05 10:51,0.24967,0.44976
2016-06-05 10:52,0.24868,0.44744
2016-06-05 10:53,0.25107,0.44333
2016-06-05 10:54,0.25238,0.43872
2016-06-05 10:55,0.25227,0.43508
2016-06-05 10:56,0.25721,0.43269
2016-06-05 10:57,0.26386,0.43077
2016-06-05 10:58,0.26736,0.43051
2016-06-05 10:59,0.26719,0.4319
2016-06-05 11:00,0.27076,0.43409
2016-06-05 11:01,0.26953,0.43646
2016-06-05 11:02,0.27208,0.43892
2016-06-05 11:03,0.27278,0.4412
2016-06-05 11:04,0.27168,0.44284
2016-06-05 11:06,0.26973,0.44546
2016-06-05 11:07,0.27189,0.44768
2016-06-05 11:08,0.27623,0.44842
2016-06-05 11:09,0.2761,0.44767
2016-06-05 11:10,0.27913,0.44683
2016-06-05 11:11,0.28088,0.44696
2016-06-05 11:12,0.28397,0.44787
2016-06-05 11:13,0.2847,0.44907
2016-06-05 11:14,0.28423,0.44946
2016-06-05 11:15,0.28158,0.44907
2016-06-05 11:16,0.28074,0.44979
2016-06-05 11:17,0.28032,0.4522
2016-06-05 11:18,0.27732,0.45579
2016-06-05 11:19,0.27287,0.45874
2016-06-05 11:20,0.2706,0.46031
2016-06-05 11:21,0.27176,0.46079
2016-06-05 11:22,0.27237,0.46196
2016-06-05 11:23,0.27419,0.46346
2016-06-05 11:24,0.27412,0.46384
2016-06-05 11:25,0.27427,0.46339
2016-06-05 11:26,0.27904,0.46038
2016-06-05 11:27,0.28298,0.45777
2016-06-05 11:28,0.28413,0.4563
2016-06-05 11:29,0.28556,0.45582
2016-06-05 11:30,0.28479,0.45473
2016-06-05 11:31,0.28204,0.45321
2016-06-05 11:32,0.27871,0.45291
2016-06-05 11:33,0.27791,0.45274
2016-06-05 11:34,0.27278,0.45519
2016-06-05 11:35,0.2700,0.45668
2016-06-05 11:36,0.26794,0.45742
2016-06-05 11:37,0.26154,0.45851
2016-06-05 11:39,0.25996,0.46037
2016-06-05 11:40,0.26102,0.4631
2016-06-05 11:41,0.26237,0.46382
2016-06-05 11:42,0.26019,0.46397
2016-06-05 11:43,0.25979,0.46288
2016-06-05 11:44,0.2600,0.46263
2016-06-05 11:45,0.26238,0.46343
2016-06-05 11:46,0.26802,0.46363
2016-06-05 11:47,0.27496,0.46238
2016-06-05 11:48,0.27752,0.46081
2016-06-05 11:49,0.28009,0.46183
2016-06-05 11:50,0.28418,0.46324
2016-06-05 11:51,0.28807,0.46483
2016-06-05 11:52,0.29106,0.46576
2016-06-05 11:53,0.29177,0.46504
2016-06-05 11:54,0.29376,0.46447
2016-06-05 11:55,0.29168,0.46508
2016-06-05 11:56,0.29287,0.4655
